maxmiso	, size	, time	, it	, cand	,	singlecut	, size	, time	, it	, cand	,	union	, size	, time	, it	, cand	,	multicut	, size	, time	, it	, cand	,
			
			
 adpcm		, 3	, 0.02444	, 4091	, 1	,	 adpcm		, 3	, 0.03415	, 2928	, 3	,	 adpcm		, 3	, 0.19531	, 512	, 3	,	 adpcm		, 3	, 0.07479	, 1337	, 0	,
		, 3	, 0.02455	, 4074	, 1	,			, 3	, 0.03421	, 2923	, 3	,			, 3	, 0.19531	, 512	, 3	,			, 3	, 0.07485	, 1336	, 0	,
		, 3	, 0.02482	, 4029	, 1	,			, 3	, 0.03432	, 2914	, 3	,			, 3	, 0.19570	, 511	, 3	,			, 3	, 0.07519	, 1330	, 0	,
		, 4	, 0.02687	, 3721	, 0	,			, 4	, 0.03776	, 2648	, 1	,			, 4	, 0.12887	, 776	, 1	,			, 4	, 0.08163	, 1225	, 0	,
		, 5	, 0.03022	, 3309	, 1	,			, 5	, 0.04958	, 2017	, 4	,			, 5	, 0.28571	, 350	, 4	,			, 5	, 0.13661	, 732	, 0	,
		, 5	, 0.03054	, 3274	, 1	,			, 5	, 0.06545	, 1528	, 5	,			, 5	, 0.31847	, 314	, 5	,			, 5	, 0.27855	, 359	, 0	,
		, 5	, 0.03056	, 3272	, 1	,			, 5	, 0.06549	, 1527	, 5	,			, 5	, 0.31847	, 314	, 5	,			, 5	, 0.28090	, 356	, 0	,
		, 5	, 0.03058	, 3270	, 1	,			, 5	, 0.06562	, 1524	, 9	,			, 5	, 0.31949	, 313	, 5	,			, 5	, 0.28169	, 355	, 0	,
		, 5	, 0.03062	, 3266	, 1	,			, 5	, 0.06566	, 1523	, 5	,			, 5	, 0.32051	, 312	, 5	,			, 5	, 0.28249	, 354	, 0	,
		, 5	, 0.03182	, 3143	, 1	,			, 5	, 0.06676	, 1498	, 5	,			, 5	, 0.46083	, 217	, 9	,			, 5	, 0.28409	, 352	, 0	,
		, 6	, 0.03331	, 3002	, 1	,			, 6	, 0.06944	, 1440	, 9	,			, 6	, 0.46512	, 215	, 9	,			, 6	, 0.28490	, 351	, 0	,
		, 6	, 0.03336	, 2998	, 1	,			, 6	, 0.06974	, 1434	, 9	,			, 6	, 0.46512	, 215	, 9	,			, 6	, 0.28902	, 346	, 0	,
		, 7	, 0.03824	, 2615	, 2	,			, 7	, 0.08217	, 1217	, 7	,			, 7	, 0.52632	, 190	, 7	,			, 7	, 0.44053	, 227	, 0	,
		, 7	, 0.03840	, 2604	, 2	,			, 7	, 0.08271	, 1209	, 7	,			, 7	, 0.52632	, 190	, 7	,			, 7	, 0.44843	, 223	, 0	,
		, 8	, 0.03922	, 2550	, 0	,			, 8	, 0.06882	, 1453	, 2	,			, 8	, 0.23310	, 429	, 2	,			, 8	, 0.22026	, 454	, 0	,
		, 8	, 0.03925	, 2548	, 0	,			, 8	, 0.06930	, 1443	, 2	,			, 8	, 0.23419	, 427	, 2	,			, 8	, 0.22026	, 454	, 0	,
		, 10	, 0.04822	, 2074	, 3	,			, 10	, 0.11038	, 906	, 7	,			, 10	, 0.52632	, 190	, 7	,			, 10	, 0.69930	, 143	, 0	,
		, 11	, 0.04796	, 2085	, 2	,			, 11	, 0.08905	, 1123	, 4	,			, 11	, 0.30488	, 328	, 4	,			, 11	, 0.34843	, 287	, 0	,
		, 11	, 0.05025	, 1990	, 2	,			, 11	, 0.23042	, 434	, 12	,			, 11	, 0.88496	, 113	, 16	,			, 11	, 3.09091	, 33	, 0	,
		, 11	, 0.05089	, 1965	, 2	,			, 11	, 0.23095	, 433	, 12	,			, 11	, 0.91743	, 109	, 12	,			, 11	, 3.12500	, 32	, 0	,
		, 11	, 0.05089	, 1965	, 2	,			, 11	, 0.25707	, 389	, 16	,			, 11	, 0.91743	, 109	, 12	,			, 11	, 3.33333	, 30	, 0	,
		, 12	, 0.05120	, 1953	, 2	,			, 12	, 0.10214	, 979	, 5	,			, 12	, 0.40161	, 249	, 5	,			, 12	, 0.43103	, 232	, 0	,
		, 12	, 0.05464	, 1830	, 3	,			, 12	, 0.13245	, 755	, 7	,			, 12	, 0.60606	, 165	, 7	,			, 12	, 0.98039	, 102	, 0	,
		, 12	, 0.05491	, 1821	, 1	,			, 12	, 0.15898	, 629	, 9	,			, 12	, 0.77519	, 129	, 9	,			, 12	, 1.47059	, 68	, 0	,
		, 14	, 0.05988	, 1670	, 3	,			, 14	, 0.16778	, 596	, 7	,			, 14	, 0.62500	, 160	, 8	,			, 14	, 1.38356	, 73	, 0	,
		, 14	, 0.06024	, 1660	, 3	,			, 14	, 0.16807	, 595	, 9	,			, 14	, 0.66225	, 151	, 7	,			, 14	, 1.38889	, 72	, 0	,
		, 14	, 0.06439	, 1553	, 1	,			, 14	, 0.20367	, 491	, 8	,			, 14	, 0.78125	, 128	, 9	,			, 14	, 2.17391	, 46	, 0	,
		, 17	, 0.07446	, 1343	, 1	,			, 17	, 0.22371	, 447	, 9	,			, 17	, 0.86957	, 115	, 9	,			, 17	, 2.52500	, 40	, 0	,
		, 18	, 0.07593	, 1317	, 4	,			, 18	, 0.33898	, 295	, 17	,			, 18	, 1.28205	, 78	, 17	,			, 18	, 6.66667	, 15	, 0	,
		, 18	, 0.07634	, 1310	, 4	,			, 18	, 0.33898	, 295	, 17	,			, 18	, 1.28205	, 78	, 17	,			, 18	, 6.73333	, 15	, 0	,
		, 20	, 0.08482	, 1179	, 3	,			, 20	, 0.41667	, 240	, 16	,			, 20	, 1.35135	, 74	, 16	,			, 20	, 8.23077	, 13	, 0	,
		, 21	, 0.08613	, 1161	, 1	,			, 21	, 0.54945	, 182	, 14	,			, 21	, 1.12360	, 89	, 14	,			, 21	, 11.00000	, 10	, 0	,
		, 31	, 0.11442	, 874	, 5	,			, 31	, 1.42254	, 71	, 39	,			, 31	, 3.33333	, 30	, 39	,			, 31	, 76.50000	, 2	, 0	,
		, 38	, 0.13369	, 748	, 6	,			, 38	, 2.83333	, 36	, 67	,			, 38	, 4.39130	, 23	, 67	,			, 38	, 345.00000	, 1	, 0	,
		, 38	, 0.13405	, 746	, 6	,			, 38	, 2.85714	, 35	, 67	,			, 38	, 4.43478	, 23	, 67	,			, 38	, 355.00000	, 1	, 0	,
		, 55	, 0.20704	, 483	, 14	,			, 55	, 5.77778	, 18	, 66	,			, 55	, 37.33330	, 3	, 66	,			, 55	, 794.00000	, 1	, 0	,
			
			
 aes		, 1	, 0.01466	, 6819	, 0	,	 aes		, 1	, 0.01707	, 5859	, 0	,	 aes		, 1	, 0.02024	, 4940	, 0	,	 aes		,	,	,	,	,
		, 1	, 0.01467	, 6816	, 0	,			, 1	, 0.01708	, 5855	, 0	,			, 1	, 0.02048	, 4883	, 0	,			, 	,	,	,	,
		, 1	, 0.01473	, 6791	, 0	,			, 1	, 0.01711	, 5845	, 0	,			, 1	, 0.02048	, 4882	, 0	,			, 	,	,	,	,
		, 1	, 0.01475	, 6781	, 0	,			, 1	, 0.01715	, 5831	, 0	,			, 1	, 0.02049	, 4881	, 0	,			, 	,	,	,	,
		, 3	, 0.02388	, 4188	, 1	,			, 3	, 0.03030	, 3300	, 0	,			, 3	, 0.04909	, 2037	, 0	,			, 	,	,	,	,
		, 3	, 0.02417	, 4138	, 1	,			, 3	, 0.03030	, 3300	, 1	,			, 3	, 0.11468	, 872	, 1	,			, 	,	,	,	,
		, 3	, 0.02425	, 4124	, 0	,			, 3	, 0.03449	, 2899	, 3	,			, 3	, 0.19685	, 508	, 3	,			, 	,	,	,	,
		, 3	, 0.02427	, 4120	, 1	,			, 3	, 0.03460	, 2890	, 3	,			, 3	, 0.19685	, 508	, 3	,			, 	,	,	,	,
		, 3	, 0.02431	, 4113	, 1	,			, 3	, 0.03461	, 2889	, 3	,			, 3	, 0.19685	, 508	, 3	,			, 	,	,	,	,
		, 3	, 0.02432	, 4112	, 0	,			, 3	, 0.03466	, 2885	, 3	,			, 3	, 0.19724	, 507	, 3	,			, 	,	,	,	,
		, 3	, 0.02432	, 4111	, 1	,			, 3	, 0.03467	, 2884	, 3	,			, 3	, 0.19724	, 507	, 3	,			, 	,	,	,	,
		, 3	, 0.02438	, 4101	, 1	,			, 3	, 0.03470	, 2882	, 3	,			, 3	, 0.19724	, 507	, 3	,			, 	,	,	,	,
		, 3	, 0.02441	, 4096	, 1	,			, 3	, 0.03471	, 2881	, 3	,			, 3	, 0.19724	, 507	, 3	,			, 	,	,	,	,
		, 3	, 0.02443	, 4094	, 1	,			, 3	, 0.03473	, 2879	, 3	,			, 3	, 0.19724	, 507	, 3	,			, 	,	,	,	,
		, 3	, 0.02444	, 4091	, 1	,			, 3	, 0.03473	, 2879	, 3	,			, 3	, 0.19724	, 507	, 3	,			, 	,	,	,	,
		, 3	, 0.02449	, 4084	, 1	,			, 3	, 0.03478	, 2875	, 3	,			, 3	, 0.19763	, 506	, 3	,			, 	,	,	,	,
		, 3	, 0.02449	, 4084	, 1	,			, 3	, 0.03486	, 2869	, 3	,			, 3	, 0.19763	, 506	, 3	,			, 	,	,	,	,
		, 3	, 0.02467	, 4054	, 1	,			, 3	, 0.03486	, 2869	, 3	,			, 3	, 0.19802	, 505	, 3	,			, 	,	,	,	,
		, 4	, 0.02653	, 3770	, 0	,			, 4	, 0.03478	, 2875	, 0	,			, 4	, 0.05824	, 1717	, 0	,			, 	,	,	,	,
		, 4	, 0.02680	, 3731	, 0	,			, 4	, 0.03478	, 2875	, 0	,			, 4	, 0.05848	, 1710	, 0	,			, 	,	,	,	,
		, 4	, 0.02685	, 3725	, 0	,			, 4	, 0.03490	, 2865	, 0	,			, 4	, 0.05855	, 1708	, 0	,			, 	,	,	,	,
		, 4	, 0.02685	, 3724	, 0	,			, 4	, 0.03510	, 2849	, 0	,			, 4	, 0.05858	, 1707	, 0	,			, 	,	,	,	,
		, 4	, 0.02719	, 3678	, 1	,			, 4	, 0.03534	, 2830	, 0	,			, 4	, 0.06002	, 1666	, 0	,			, 	,	,	,	,
		, 4	, 0.02793	, 3580	, 0	,			, 4	, 0.03540	, 2825	, 0	,			, 4	, 0.06192	, 1615	, 0	,			, 	,	,	,	,
		, 4	, 0.02794	, 3579	, 0	,			, 4	, 0.03795	, 2635	, 1	,			, 4	, 0.12903	, 775	, 1	,			, 	,	,	,	,
		, 4	, 0.02796	, 3576	, 0	,			, 4	, 0.03812	, 2623	, 1	,			, 4	, 0.12903	, 775	, 1	,			, 	,	,	,	,
		, 4	, 0.02799	, 3573	, 0	,			, 4	, 0.03834	, 2608	, 1	,			, 4	, 0.12920	, 774	, 1	,			, 	,	,	,	,
		, 4	, 0.02801	, 3570	, 0	,			, 4	, 0.03840	, 2604	, 1	,			, 4	, 0.12937	, 773	, 1	,			, 	,	,	,	,
		, 4	, 0.02804	, 3566	, 0	,			, 4	, 0.05003	, 1999	, 3	,			, 4	, 0.21231	, 471	, 3	,			, 	,	,	,	,
		, 5	, 0.02964	, 3374	, 1	,			, 5	, 0.04209	, 2376	, 3	,			, 5	, 0.20284	, 493	, 2	,			, 	,	,	,	,
		, 5	, 0.02986	, 3349	, 1	,			, 5	, 0.05467	, 1829	, 2	,			, 5	, 0.20704	, 483	, 3	,			, 	,	,	,	,
		, 5	, 0.02990	, 3344	, 1	,			, 5	, 0.05807	, 1722	, 4	,			, 5	, 0.27701	, 361	, 4	,			, 	,	,	,	,
		, 5	, 0.02993	, 3341	, 1	,			, 5	, 0.05811	, 1721	, 4	,			, 5	, 0.27778	, 360	, 4	,			, 	,	,	,	,
		, 5	, 0.02999	, 3335	, 1	,			, 5	, 0.06042	, 1655	, 5	,			, 5	, 0.32051	, 312	, 5	,			, 	,	,	,	,
		, 5	, 0.03001	, 3332	, 1	,			, 5	, 0.06667	, 1500	, 5	,			, 5	, 0.32154	, 311	, 5	,			, 	,	,	,	,
		, 5	, 0.03003	, 3330	, 1	,			, 5	, 0.06676	, 1498	, 5	,			, 5	, 0.32154	, 311	, 5	,			, 	,	,	,	,
		, 5	, 0.03035	, 3295	, 1	,			, 5	, 0.06684	, 1496	, 9	,			, 5	, 0.32154	, 311	, 5	,			, 	,	,	,	,
		, 5	, 0.03037	, 3293	, 1	,			, 5	, 0.06693	, 1494	, 5	,			, 5	, 0.32154	, 311	, 5	,			, 	,	,	,	,
		, 5	, 0.03038	, 3292	, 1	,			, 5	, 0.06693	, 1494	, 5	,			, 5	, 0.32154	, 311	, 5	,			, 	,	,	,	,
		, 5	, 0.03039	, 3291	, 1	,			, 5	, 0.06702	, 1492	, 5	,			, 5	, 0.32154	, 311	, 5	,			, 	,	,	,	,
		, 5	, 0.03067	, 3260	, 1	,			, 5	, 0.06702	, 1492	, 5	,			, 5	, 0.32258	, 310	, 5	,			, 	,	,	,	,
		, 5	, 0.03085	, 3241	, 1	,			, 5	, 0.06702	, 1492	, 5	,			, 5	, 0.32258	, 310	, 5	,			, 	,	,	,	,
		, 5	, 0.03108	, 3218	, 1	,			, 5	, 0.06707	, 1491	, 5	,			, 5	, 0.46296	, 216	, 9	,			, 	,	,	,	,
		, 5	, 0.03166	, 3159	, 2	,			, 5	, 0.06716	, 1489	, 5	,			, 5	, 0.47170	, 212	, 5	,			, 	,	,	,	,
		, 6	, 0.03197	, 3128	, 1	,			, 6	, 0.04688	, 2133	, 3	,			, 6	, 0.12180	, 821	, 1	,			, 	,	,	,	,
		, 6	, 0.03204	, 3121	, 1	,			, 6	, 0.04764	, 2099	, 1	,			, 6	, 0.12195	, 820	, 1	,			, 	,	,	,	,
		, 6	, 0.03206	, 3119	, 1	,			, 6	, 0.04771	, 2096	, 1	,			, 6	, 0.12225	, 818	, 1	,			, 	,	,	,	,
		, 6	, 0.03229	, 3097	, 1	,			, 6	, 0.04778	, 2093	, 1	,			, 6	, 0.12255	, 816	, 1	,			, 	,	,	,	,
		, 6	, 0.03230	, 3096	, 1	,			, 6	, 0.04787	, 2089	, 3	,			, 6	, 0.18939	, 528	, 2	,			, 	,	,	,	,
		, 6	, 0.03234	, 3092	, 1	,			, 6	, 0.04943	, 2023	, 1	,			, 6	, 0.21097	, 474	, 3	,			, 	,	,	,	,
		, 6	, 0.03239	, 3087	, 1	,			, 6	, 0.05549	, 1802	, 4	,			, 6	, 0.21231	, 471	, 3	,			, 	,	,	,	,
		, 6	, 0.03243	, 3084	, 1	,			, 6	, 0.05593	, 1788	, 4	,			, 6	, 0.23474	, 426	, 3	,			, 	,	,	,	,
		, 6	, 0.03251	, 3076	, 1	,			, 6	, 0.05599	, 1786	, 4	,			, 6	, 0.23474	, 426	, 3	,			, 	,	,	,	,
		, 6	, 0.03253	, 3074	, 1	,			, 6	, 0.05605	, 1784	, 4	,			, 6	, 0.23474	, 426	, 3	,			, 	,	,	,	,
		, 6	, 0.03256	, 3071	, 1	,			, 6	, 0.05624	, 1778	, 4	,			, 6	, 0.23529	, 425	, 3	,			, 	,	,	,	,
		, 6	, 0.03258	, 3069	, 1	,			, 6	, 0.05637	, 1774	, 4	,			, 6	, 0.23585	, 424	, 3	,			, 	,	,	,	,
		, 6	, 0.03258	, 3069	, 1	,			, 6	, 0.05705	, 1753	, 3	,			, 6	, 0.23585	, 424	, 3	,			, 	,	,	,	,
		, 6	, 0.03265	, 3063	, 0	,			, 6	, 0.05727	, 1746	, 3	,			, 6	, 0.23585	, 424	, 3	,			, 	,	,	,	,
		, 6	, 0.03267	, 3061	, 1	,			, 6	, 0.05727	, 1746	, 3	,			, 6	, 0.23641	, 423	, 3	,			, 	,	,	,	,
		, 6	, 0.03286	, 3043	, 1	,			, 6	, 0.05731	, 1745	, 3	,			, 6	, 0.23641	, 423	, 3	,			, 	,	,	,	,
		, 6	, 0.03296	, 3034	, 1	,			, 6	, 0.05747	, 1740	, 3	,			, 6	, 0.23641	, 423	, 3	,			, 	,	,	,	,
		, 6	, 0.03305	, 3026	, 1	,			, 6	, 0.05757	, 1737	, 3	,			, 6	, 0.33557	, 298	, 4	,			, 	,	,	,	,
		, 6	, 0.03311	, 3020	, 1	,			, 6	, 0.05764	, 1735	, 3	,			, 6	, 0.33557	, 298	, 4	,			, 	,	,	,	,
		, 6	, 0.03311	, 3020	, 1	,			, 6	, 0.05777	, 1731	, 3	,			, 6	, 0.33557	, 298	, 4	,			, 	,	,	,	,
		, 6	, 0.03318	, 3014	, 1	,			, 6	, 0.05777	, 1731	, 3	,			, 6	, 0.33557	, 298	, 4	,			, 	,	,	,	,
		, 6	, 0.03321	, 3011	, 1	,			, 6	, 0.05784	, 1729	, 3	,			, 6	, 0.33557	, 298	, 4	,			, 	,	,	,	,
		, 6	, 0.03435	, 2911	, 0	,			, 6	, 0.06079	, 1645	, 2	,			, 6	, 0.33670	, 297	, 4	,			, 	,	,	,	,
		, 6	, 0.03508	, 2851	, 1	,			, 6	, 0.07220	, 1385	, 9	,			, 6	, 0.52632	, 190	, 9	,			, 	,	,	,	,
		, 6	, 0.03551	, 2816	, 0	,			, 6	, 0.07278	, 1374	, 9	,			, 6	, 0.52632	, 190	, 9	,			, 	,	,	,	,
		, 6	, 0.03552	, 2815	, 0	,			, 6	, 0.09930	, 1007	, 15	,			, 6	, 0.68493	, 146	, 15	,			, 	,	,	,	,
		, 6	, 0.03556	, 2812	, 1	,			, 6	, 0.09930	, 1007	, 15	,			, 6	, 0.68493	, 146	, 15	,			, 	,	,	,	,
		, 6	, 0.03570	, 2801	, 0	,			, 6	, 0.09930	, 1007	, 15	,			, 6	, 0.68493	, 146	, 15	,			, 	,	,	,	,
		, 6	, 0.03570	, 2801	, 1	,			, 6	, 0.10132	, 987	, 15	,			, 6	, 0.68493	, 146	, 15	,			, 	,	,	,	,
		, 6	, 0.03571	, 2800	, 1	,			, 6	, 0.10152	, 985	, 15	,			, 6	, 0.68493	, 146	, 15	,			, 	,	,	,	,
		, 6	, 0.03573	, 2799	, 0	,			, 6	, 0.10152	, 985	, 15	,			, 6	, 0.68966	, 145	, 15	,			, 	,	,	,	,
		, 6	, 0.03580	, 2793	, 1	,			, 6	, 0.10163	, 984	, 15	,			, 6	, 0.68966	, 145	, 15	,			, 	,	,	,	,
		, 6	, 0.03580	, 2793	, 1	,			, 6	, 0.10163	, 984	, 15	,			, 6	, 0.68966	, 145	, 15	,			, 	,	,	,	,
		, 6	, 0.03582	, 2792	, 1	,			, 6	, 0.10183	, 982	, 15	,			, 6	, 0.68966	, 145	, 15	,			, 	,	,	,	,
		, 6	, 0.03583	, 2791	, 1	,			, 6	, 0.10183	, 982	, 15	,			, 6	, 0.68966	, 145	, 15	,			, 	,	,	,	,
		, 6	, 0.03596	, 2781	, 0	,			, 6	, 0.10194	, 981	, 15	,			, 6	, 0.68966	, 145	, 15	,			, 	,	,	,	,
		, 6	, 0.03605	, 2774	, 1	,			, 6	, 0.10194	, 981	, 15	,			, 6	, 0.68966	, 145	, 15	,			, 	,	,	,	,
		, 6	, 0.03605	, 2774	, 1	,			, 6	, 0.10204	, 980	, 15	,			, 6	, 0.68966	, 145	, 15	,			, 	,	,	,	,
		, 6	, 0.03628	, 2756	, 0	,			, 6	, 0.10204	, 980	, 15	,			, 6	, 0.68966	, 145	, 15	,			, 	,	,	,	,
		, 7	, 0.03584	, 2790	, 1	,			, 7	, 0.07468	, 1339	, 9	,			, 7	, 0.42373	, 236	, 5	,			, 	,	,	,	,
		, 7	, 0.03605	, 2774	, 1	,			, 7	, 0.08772	, 1140	, 5	,			, 7	, 0.42553	, 235	, 5	,			, 	,	,	,	,
		, 7	, 0.03621	, 2762	, 1	,			, 7	, 0.08913	, 1122	, 5	,			, 7	, 0.47619	, 210	, 9	,			, 	,	,	,	,
		, 7	, 0.03624	, 2759	, 1	,			, 7	, 0.10417	, 960	, 12	,			, 7	, 0.57803	, 173	, 10	,			, 	,	,	,	,
		, 7	, 0.03624	, 2759	, 1	,			, 7	, 0.10449	, 957	, 12	,			, 7	, 0.58139	, 172	, 10	,			, 	,	,	,	,
		, 7	, 0.03755	, 2663	, 2	,			, 7	, 0.10493	, 953	, 12	,			, 7	, 0.58479	, 171	, 10	,			, 	,	,	,	,
		, 7	, 0.03801	, 2631	, 2	,			, 7	, 0.10515	, 951	, 12	,			, 7	, 0.58479	, 171	, 10	,			, 	,	,	,	,
		, 7	, 0.03802	, 2630	, 2	,			, 7	, 0.11696	, 855	, 10	,			, 7	, 0.63291	, 158	, 12	,			, 	,	,	,	,
		, 7	, 0.03805	, 2628	, 2	,			, 7	, 0.11751	, 851	, 10	,			, 7	, 0.63694	, 157	, 12	,			, 	,	,	,	,
		, 7	, 0.03840	, 2604	, 2	,			, 7	, 0.11751	, 851	, 10	,			, 7	, 0.63694	, 157	, 12	,			, 	,	,	,	,
		, 7	, 0.03848	, 2599	, 2	,			, 7	, 0.11806	, 847	, 10	,			, 7	, 0.63694	, 157	, 12	,			, 	,	,	,	,
		, 8	, 0.03811	, 2624	, 1	,			, 8	, 0.07868	, 1271	, 8	,			, 8	, 0.33333	, 300	, 5	,			, 	,	,	,	,
		, 8	, 0.03815	, 2621	, 1	,			, 8	, 0.07930	, 1261	, 8	,			, 8	, 0.33445	, 299	, 5	,			, 	,	,	,	,
		, 8	, 0.03852	, 2596	, 1	,			, 8	, 0.07968	, 1255	, 8	,			, 8	, 0.33445	, 299	, 5	,			, 	,	,	,	,
		, 8	, 0.03879	, 2578	, 1	,			, 8	, 0.07994	, 1251	, 8	,			, 8	, 0.47847	, 209	, 8	,			, 	,	,	,	,
		, 8	, 0.03893	, 2569	, 1	,			, 8	, 0.08013	, 1248	, 5	,			, 8	, 0.47847	, 209	, 8	,			, 	,	,	,	,
		, 8	, 0.03896	, 2567	, 1	,			, 8	, 0.08019	, 1247	, 8	,			, 8	, 0.48077	, 208	, 8	,			, 	,	,	,	,
		, 8	, 0.03928	, 2546	, 1	,			, 8	, 0.08039	, 1244	, 8	,			, 8	, 0.48077	, 208	, 8	,			, 	,	,	,	,
		, 8	, 0.03937	, 2540	, 1	,			, 8	, 0.08117	, 1232	, 5	,			, 8	, 0.48077	, 208	, 8	,			, 	,	,	,	,
		, 8	, 0.03948	, 2533	, 1	,			, 8	, 0.08150	, 1227	, 5	,			, 8	, 0.48309	, 207	, 8	,			, 	,	,	,	,
		, 8	, 0.04008	, 2495	, 1	,			, 8	, 0.12887	, 776	, 13	,			, 8	, 0.51546	, 194	, 7	,			, 	,	,	,	,
		, 8	, 0.04016	, 2490	, 1	,			, 8	, 0.12903	, 775	, 7	,			, 8	, 0.77519	, 129	, 13	,			, 	,	,	,	,
		, 8	, 0.04044	, 2473	, 2	,			, 8	, 0.20790	, 481	, 19	,			, 8	, 0.92593	, 108	, 19	,			, 	,	,	,	,
		, 9	, 0.04281	, 2336	, 1	,			, 9	, 0.07628	, 1311	, 5	,			, 9	, 0.38461	, 260	, 5	,			, 	,	,	,	,
		, 9	, 0.04581	, 2183	, 1	,			, 9	, 0.07716	, 1296	, 5	,			, 9	, 0.38760	, 258	, 5	,			, 	,	,	,	,
		, 9	, 0.04610	, 2169	, 1	,			, 9	, 0.07740	, 1292	, 5	,			, 9	, 0.38910	, 257	, 5	,			, 	,	,	,	,
		, 9	, 0.04679	, 2137	, 1	,			, 9	, 0.16667	, 600	, 8	,			, 9	, 0.66667	, 150	, 8	,			, 	,	,	,	,
		, 10	, 0.04562	, 2192	, 1	,			, 10	, 0.11062	, 904	, 5	,			, 10	, 0.41841	, 239	, 5	,			, 	,	,	,	,
		, 10	, 0.04796	, 2085	, 1	,			, 10	, 0.11148	, 897	, 5	,			, 10	, 0.41841	, 239	, 5	,			, 	,	,	,	,
		, 10	, 0.04941	, 2024	, 3	,			, 10	, 0.12563	, 796	, 7	,			, 10	, 0.48780	, 205	, 7	,			, 	,	,	,	,
		, 10	, 0.04980	, 2008	, 3	,			, 10	, 0.19011	, 526	, 15	,			, 10	, 1.26582	, 79	, 23	,			, 	,	,	,	,
		, 10	, 0.04980	, 2008	, 3	,			, 10	, 0.24450	, 409	, 23	,			, 10	, 1.51515	, 66	, 15	,			, 	,	,	,	,
		, 11	, 0.05018	, 1993	, 2	,			, 11	, 0.23923	, 418	, 19	,			, 11	, 1.01010	, 99	, 19	,			, 	,	,	,	,
		, 11	, 0.05038	, 1985	, 3	,			, 11	, 0.30581	, 327	, 21	,			, 11	, 1.44928	, 69	, 21	,			, 	,	,	,	,
		, 12	, 0.05249	, 1905	, 2	,			, 12	, 0.29762	, 336	, 26	,			, 12	, 1.42857	, 70	, 26	,			, 	,	,	,	,
		, 12	, 0.05255	, 1903	, 2	,			, 12	, 0.29851	, 335	, 26	,			, 12	, 1.44286	, 70	, 26	,			, 	,	,	,	,
		, 12	, 0.05280	, 1894	, 2	,			, 12	, 0.30303	, 330	, 26	,			, 12	, 1.44286	, 70	, 26	,			, 	,	,	,	,
		, 13	, 0.05513	, 1814	, 2	,			, 13	, 0.20161	, 496	, 20	,			, 13	, 1.00000	, 100	, 20	,			, 	,	,	,	,
		, 14	, 0.05974	, 1674	, 3	,			, 14	, 0.18018	, 555	, 10	,			, 14	, 0.74627	, 134	, 10	,			, 	,	,	,	,
		, 14	, 0.06020	, 1661	, 4	,			, 14	, 0.32573	, 307	, 22	,			, 14	, 1.17647	, 85	, 22	,			, 	,	,	,	,
		, 14	, 0.06024	, 1660	, 4	,			, 14	, 0.32787	, 305	, 22	,			, 14	, 1.18824	, 85	, 22	,			, 	,	,	,	,
		, 14	, 0.06075	, 1646	, 4	,			, 14	, 0.33003	, 303	, 22	,			, 14	, 1.18824	, 85	, 22	,			, 	,	,	,	,
		, 14	, 0.06297	, 1588	, 2	,			, 14	, 0.38461	, 260	, 29	,			, 14	, 1.61290	, 62	, 29	,			, 	,	,	,	,
		, 15	, 0.06452	, 1550	, 3	,			, 15	, 0.47847	, 209	, 15	,			, 15	, 1.13636	, 88	, 15	,			, 	,	,	,	,
		, 17	, 0.07072	, 1414	, 2	,			, 17	, 0.26525	, 377	, 9	,			, 17	, 0.84746	, 118	, 9	,			, 	,	,	,	,
		, 17	, 0.07138	, 1401	, 2	,			, 17	, 0.36364	, 275	, 12	,			, 17	, 0.98039	, 102	, 12	,			, 	,	,	,	,
		, 22	, 0.09001	, 1111	, 8	,			, 22	, 0.78125	, 128	, 25	,			, 22	, 3.36667	, 30	, 25	,			, 	,	,	,	,
		, 24	, 0.09551	, 1047	, 4	,			, 24	, 0.74627	, 134	, 19	,			, 24	, 2.17391	, 46	, 19	,			, 	,	,	,	,
		, 25	, 0.09804	, 1020	, 4	,			, 25	, 0.78125	, 128	, 19	,			, 25	, 2.19565	, 46	, 19	,			, 	,	,	,	,
		, 25	, 0.09823	, 1018	, 4	,			, 25	, 0.78125	, 128	, 19	,			, 25	, 2.19565	, 46	, 19	,			, 	,	,	,	,
		, 28	, 0.10627	, 941	, 5	,			, 28	, 1.01010	, 99	, 24	,			, 28	, 2.38095	, 42	, 24	,			, 	,	,	,	,
		, 29	, 0.10870	, 920	, 5	,			, 29	, 0.80000	, 125	, 30	,			, 29	, 2.40476	, 42	, 24	,			, 	,	,	,	,
		, 29	, 0.10905	, 917	, 5	,			, 29	, 1.01010	, 99	, 29	,			, 29	, 2.42857	, 42	, 24	,			, 	,	,	,	,
		, 29	, 0.11074	, 903	, 5	,			, 29	, 1.07447	, 94	, 24	,			, 29	, 2.75676	, 37	, 30	,			, 	,	,	,	,
		, 29	, 0.11338	, 882	, 6	,			, 29	, 1.08696	, 92	, 24	,			, 29	, 3.09091	, 33	, 29	,			, 	,	,	,	,
		, 31	, 0.11062	, 904	, 1	,			, 31	, 0.31348	, 319	, 7	,			, 31	, 0.79365	, 126	, 7	,			, 	,	,	,	,
		, 31	, 0.11806	, 847	, 15	,			, 31	, 1.31579	, 76	, 45	,			, 31	, 2.65789	, 38	, 45	,			, 	,	,	,	,
		, 31	, 0.11862	, 843	, 15	,			, 31	, 1.33333	, 75	, 45	,			, 31	, 2.65789	, 38	, 45	,			, 	,	,	,	,
		, 33	, 0.12376	, 808	, 11	,			, 33	, 1.80357	, 56	, 40	,			, 33	, 6.62500	, 16	, 40	,			, 	,	,	,	,
		, 33	, 0.12392	, 807	, 11	,			, 33	, 1.81818	, 55	, 40	,			, 33	, 6.62500	, 16	, 40	,			, 	,	,	,	,
		, 33	, 0.12422	, 805	, 11	,			, 33	, 1.81818	, 55	, 40	,			, 33	, 6.66667	, 15	, 40	,			, 	,	,	,	,
		, 34	, 0.12674	, 789	, 16	,			, 34	, 1.51515	, 66	, 48	,			, 34	, 2.94118	, 34	, 48	,			, 	,	,	,	,
		, 34	, 0.12690	, 788	, 16	,			, 34	, 1.53846	, 65	, 48	,			, 34	, 2.94118	, 34	, 48	,			, 	,	,	,	,
		, 34	, 0.12690	, 788	, 16	,			, 34	, 1.53846	, 65	, 48	,			, 34	, 2.94118	, 34	, 48	,			, 	,	,	,	,
		, 35	, 0.12034	, 831	, 1	,			, 35	, 0.36101	, 277	, 7	,			, 35	, 0.87719	, 114	, 7	,			, 	,	,	,	,
		, 35	, 0.12048	, 830	, 1	,			, 35	, 0.36900	, 271	, 7	,			, 35	, 0.89286	, 112	, 7	,			, 	,	,	,	,
		, 35	, 0.13141	, 761	, 15	,			, 35	, 1.61290	, 62	, 49	,			, 35	, 3.29032	, 31	, 49	,			, 	,	,	,	,
		, 42	, 0.14771	, 677	, 5	,			, 42	, 2.38095	, 42	, 34	,			, 42	, 2.43902	, 41	, 34	,			, 	,	,	,	,
		, 54	, 0.18050	, 554	, 1	,			, 54	, 1.53846	, 65	, 18	,			, 54	, 1.90566	, 53	, 18	,			, 	,	,	,	,
		, 54	, 0.20661	, 484	, 17	,			, 54	, 4.00000	, 25	, 66	,			, 54	, 3629.00000	, 1	, 66	,			, 	,	,	,	,
		, 67	, 0.21692	, 461	, 13	,			, 67	, 5.77778	, 18	, 66	,			, 67	, 4.76190	, 21	, 66	,			, 	,	,	,	,
		, 68	, 0.22779	, 439	, 20	,			, 68	, 6.11765	, 17	, 71	,			, 68	, 33.66670	, 3	, 71	,			, 	,	,	,	,
		, 73	, 0.27701	, 361	, 17	,			, 73	, 7.35714	, 14	, 86	,			, 73	, 9162.00000	, 1	, 86	,			, 	,	,	,	,
		, 73	, 0.27701	, 361	, 17	,			, 73	, 7.50000	, 14	, 86	,			, 73	, 9186.00000	, 1	, 86	,			, 	,	,	,	,
		, 73	, 0.27778	, 360	, 17	,			, 73	, 7.57143	, 14	, 86	,			, 73	, 9206.00000	, 1	, 86	,			, 	,	,	,	,
		, 75	, 0.23753	, 421	, 1	,			, 75	, 0.87719	, 114	, 7	,			, 75	, 1.29870	, 77	, 7	,			, 	,	,	,	,
		, 91	, 0.29586	, 338	, 27	,			, 91	, 9.45455	, 11	, 121	,			, 91	, 8.33333	, 12	, 121	,			, 	,	,	,	,
		, 91	, 0.29674	, 337	, 27	,			, 91	, 9.45455	, 11	, 121	,			, 91	, 8.41667	, 12	, 121	,			, 	,	,	,	,
		, 115	, 0.36630	, 273	, 1	,			, 115	, 2.56410	, 39	, 19	,			, 115	, 3.03030	, 33	, 19	,			, 	,	,	,	,
		, 126	, 0.40000	, 250	, 23	,			, 126	, 60.50000	, 2	, 210	,			, 126	, 16.42860	, 7	, 210	,			, 	,	,	,	,
		, 131	, 0.41322	, 242	, 1	,			, 131	, 3.09091	, 33	, 19	,			, 131	, 3.32258	, 31	, 19	,			, 	,	,	,	,
		, 131	, 0.42194	, 237	, 1	,			, 131	, 3.15625	, 32	, 19	,			, 131	, 3.40000	, 30	, 19	,			, 	,	,	,	,
		, 131	, 0.42373	, 236	, 1	,			, 131	, 3.33333	, 30	, 19	,			, 131	, 3.48276	, 29	, 19	,			, 	,	,	,	,
		, 132	, 0.41322	, 242	, 25	,			, 132	, 66.00000	, 2	, 219	,			, 132	, 18.16670	, 6	, 219	,			, 	,	,	,	,
		, 133	, 0.43103	, 232	, 16	,			, 133	, 19.16670	, 6	, 95	,			, 133	, 8.66667	, 12	, 95	,			, 	,	,	,	,
		, 176	, 0.60606	, 165	, 36	,			, 176	, 28.75000	, 4	, 143	,			, 176	, 73602.00000	, 1	, 143	,			, 	,	,	,	,
		, 286	, 0.87719	, 114	, 48	,			, 286	, 149.00000	, 1	, 392	,			, 286	, 52.00000	, 2	, 392	,			, 	,	,	,	,
		, 302	, 0.93458	, 107	, 48	,			, 302	, 160.00000	, 1	, 424	,			, 302	, 56.50000	, 2	, 424	,			, 	,	,	,	,
		, 311	, 0.95238	, 105	, 48	,			, 311	, 178.00000	, 1	, 424	,			, 311	, 57.50000	, 2	, 424	,			, 	,	,	,	,
		, 311	, 0.98039	, 102	, 48	,			, 311	, 181.00000	, 1	, 424	,			, 311	, 57.50000	, 2	, 424	,			, 	,	,	,	,
		, 691	, 2.22222	, 45	, 115	,			, 691	, 954.00000	, 1	, 990	,			, 691	, 261.00000	, 1	, 990	,			, 	,	,	,	,
		, 721	, 2.32558	, 43	, 123	,			, 721	, 1089.00000	, 1	, 1044	,			, 721	, 271.00000	, 1	, 1044	,			, 	,	,	,	,
		, 970	, 3.15625	, 32	, 166	,			, 970	, 1981.00000	, 1	, 1417	,			, 970	, 517.00000	, 1	, 1417	,			, 	,	,	,	,
		, 1079	, 3.51724	, 29	, 179	,			, 1079	, 2238.00000	, 1	, 1545	,			, 1079	, 611.00000	, 1	, 1545	,			, 	,	,	,	,
		, 1154	, 3.74074	, 27	, 198	,			, 1154	, 2473.00000	, 1	, 1597	,			, 1154	, 721.00000	, 1	, 1597	,			, 	,	,	,	,
		, 1407	, 4.43478	, 23	, 240	,			, 1407	, 3691.00000	, 1	, 1960	,			, 1407	, 1297.00000	, 1	, 1960	,			, 	,	,	,	,
		, 1524	, 4.76190	, 21	, 239	,			, 1524	, 4403.00000	, 1	, 2113	,			, 1524	, 1463.00000	, 1	, 2113	,			, 	,	,	,	,
		, 1619	, 5.47368	, 19	, 286	,			, 1619	, 4809.00000	, 1	, 2210	,			, 1619	, 1422.00000	, 1	, 2210	,			, 	,	,	,	,
			
			
 blowfish		,	,	,	,	,	 blowfish		, 3	, 0.02887	, 3464	, 0	,	 blowfish		, 3	, 0.04769	, 2097	, 0	,	 blowfish		, 3	, 0.05099	, 1961	, 0	,
		, 	,	,	,	,			, 3	, 0.02906	, 3441	, 0	,			, 3	, 0.04798	, 2084	, 0	,			, 3	, 0.05118	, 1954	, 0	,
		, 	,	,	,	,			, 3	, 0.03008	, 3325	, 1	,			, 3	, 0.11389	, 878	, 1	,			, 3	, 0.05241	, 1908	, 0	,
		, 	,	,	,	,			, 3	, 0.03478	, 2875	, 3	,			, 3	, 0.19685	, 508	, 3	,			, 3	, 0.07429	, 1346	, 0	,
		, 	,	,	,	,			, 5	, 0.03307	, 3024	, 0	,			, 5	, 0.04036	, 2478	, 0	,			, 5	, 0.06013	, 1663	, 0	,
		, 	,	,	,	,			, 7	, 0.08467	, 1181	, 6	,			, 7	, 0.38168	, 262	, 6	,			, 7	, 0.40161	, 249	, 0	,
		, 	,	,	,	,			, 7	, 0.09033	, 1107	, 6	,			, 7	, 0.42194	, 237	, 6	,			, 7	, 0.50000	, 200	, 0	,
		, 	,	,	,	,			, 7	, 0.09074	, 1102	, 6	,			, 7	, 0.42373	, 236	, 6	,			, 7	, 0.50000	, 200	, 0	,
		, 	,	,	,	,			, 7	, 0.09709	, 1030	, 10	,			, 7	, 0.61350	, 163	, 10	,			, 7	, 0.76336	, 131	, 0	,
		, 	,	,	,	,			, 7	, 0.09852	, 1015	, 10	,			, 7	, 0.62112	, 161	, 10	,			, 7	, 0.76923	, 130	, 0	,
		, 	,	,	,	,			, 8	, 0.05889	, 1698	, 3	,			, 8	, 0.22222	, 450	, 3	,			, 8	, 0.15129	, 661	, 0	,
		, 	,	,	,	,			, 8	, 0.08726	, 1146	, 5	,			, 8	, 0.35971	, 278	, 5	,			, 8	, 0.42735	, 234	, 0	,
		, 	,	,	,	,			, 8	, 0.10787	, 927	, 6	,			, 8	, 0.43668	, 229	, 6	,			, 8	, 0.60241	, 166	, 0	,
		, 	,	,	,	,			, 8	, 0.10834	, 923	, 6	,			, 8	, 0.43668	, 229	, 6	,			, 8	, 0.60606	, 165	, 0	,
		, 	,	,	,	,			, 9	, 0.14451	, 692	, 11	,			, 9	, 0.64935	, 154	, 11	,			, 9	, 1.34667	, 75	, 0	,
		, 	,	,	,	,			, 9	, 0.14472	, 691	, 11	,			, 9	, 0.65360	, 153	, 11	,			, 9	, 1.35135	, 74	, 0	,
		, 	,	,	,	,			, 9	, 0.14556	, 687	, 11	,			, 9	, 0.65360	, 153	, 11	,			, 9	, 1.35135	, 74	, 0	,
		, 	,	,	,	,			, 9	, 0.14663	, 682	, 11	,			, 9	, 0.65360	, 153	, 11	,			, 9	, 1.35135	, 74	, 0	,
		, 	,	,	,	,			, 9	, 0.14663	, 682	, 11	,			, 9	, 0.65360	, 153	, 11	,			, 9	, 1.35135	, 74	, 0	,
		, 	,	,	,	,			, 9	, 0.14771	, 677	, 11	,			, 9	, 0.65360	, 153	, 11	,			, 9	, 1.35135	, 74	, 0	,
		, 	,	,	,	,			, 10	, 0.13123	, 762	, 10	,			, 10	, 0.67114	, 149	, 11	,			, 10	, 1.04167	, 96	, 0	,
		, 	,	,	,	,			, 10	, 0.15823	, 632	, 11	,			, 10	, 0.67114	, 149	, 11	,			, 10	, 1.35135	, 74	, 0	,
		, 	,	,	,	,			, 10	, 0.15823	, 632	, 11	,			, 10	, 0.67114	, 149	, 11	,			, 10	, 1.36486	, 74	, 0	,
		, 	,	,	,	,			, 10	, 0.15823	, 632	, 11	,			, 10	, 0.67568	, 148	, 11	,			, 10	, 1.36486	, 74	, 0	,
		, 	,	,	,	,			, 10	, 0.15848	, 631	, 11	,			, 10	, 0.67568	, 148	, 11	,			, 10	, 1.36486	, 74	, 0	,
		, 	,	,	,	,			, 10	, 0.15848	, 631	, 11	,			, 10	, 0.67568	, 148	, 11	,			, 10	, 1.36486	, 74	, 0	,
		, 	,	,	,	,			, 10	, 0.15848	, 631	, 11	,			, 10	, 0.68966	, 145	, 10	,			, 10	, 1.36486	, 74	, 0	,
		, 	,	,	,	,			, 11	, 0.10905	, 917	, 5	,			, 11	, 0.37594	, 266	, 5	,			, 11	, 0.55249	, 181	, 0	,
		, 	,	,	,	,			, 11	, 0.16234	, 616	, 12	,			, 11	, 0.81967	, 122	, 12	,			, 11	, 1.94231	, 52	, 0	,
		, 	,	,	,	,			, 13	, 0.20367	, 491	, 13	,			, 13	, 0.85470	, 117	, 13	,			, 13	, 2.37209	, 43	, 0	,
		, 	,	,	,	,			, 16	, 0.32467	, 308	, 17	,			, 16	, 1.13636	, 88	, 17	,			, 16	, 6.37500	, 16	, 0	,
		, 	,	,	,	,			, 16	, 0.34483	, 290	, 21	,			, 16	, 1.66667	, 60	, 21	,			, 16	, 8.00000	, 13	, 0	,
		, 	,	,	,	,			, 19	, 0.32467	, 308	, 15	,			, 19	, 1.04167	, 96	, 15	,			, 19	, 4.68182	, 22	, 0	,
		, 	,	,	,	,			, 22	, 0.38314	, 261	, 16	,			, 22	, 1.13636	, 88	, 16	,			, 22	, 27.75000	, 4	, 0	,
		, 	,	,	,	,			, 22	, 0.69930	, 143	, 31	,			, 22	, 1.85185	, 54	, 31	,			, 22	, 6.93333	, 15	, 0	,
		, 	,	,	,	,			, 25	, 0.67114	, 149	, 20	,			, 25	, 2.08333	, 48	, 20	,			, 25	, 19.33330	, 6	, 0	,
		, 	,	,	,	,			, 27	, 1.14943	, 87	, 29	,			, 27	, 2.06122	, 49	, 29	,			, 27	, 50.50000	, 2	, 0	,
		, 	,	,	,	,			, 38	, 1.62903	, 62	, 38	,			, 38	, 2.37209	, 43	, 38	,			, 38	, 80.50000	, 2	, 0	,
		, 	,	,	,	,			, 44	, 1.61290	, 62	, 38	,			, 44	, 2.42857	, 42	, 38	,			, 44	, 75.00000	, 2	, 0	,
		, 	,	,	,	,			, 47	, 2.06122	, 49	, 42	,			, 47	, 2.72973	, 37	, 42	,			, 47	, 111.00000	, 1	, 0	,
		, 	,	,	,	,			, 49	, 7.57143	, 14	, 70	,			, 49	, 5.47368	, 19	, 70	,			, 49	, 1292.00000	, 1	, 0	,
		, 	,	,	,	,			, 55	, 5.10000	, 20	, 77	,			, 55	, 6.00000	, 17	, 77	,			, 55	, 953.00000	, 1	, 0	,
		, 	,	,	,	,			, 59	, 13.00000	, 8	, 99	,			, 59	, 7.00000	, 15	, 99	,			, 59	, 6173.00000	, 1	, 0	,
		, 	,	,	,	,			, 64	, 3.74074	, 27	, 72	,			, 64	, 4.68182	, 22	, 72	,			, 64	, 345.00000	, 1	, 0	,
		, 	,	,	,	,			, 68	, 17.83330	, 6	, 100	,			, 68	, 7.69231	, 13	, 100	,			, 68	, 10209.00000	, 1	, 0	,
		, 	,	,	,	,			, 80	, 23.60000	, 5	, 105	,			, 80	, 7.84615	, 13	, 105	,			, 80	, 11967.00000	, 1	, 0	,
		, 	,	,	,	,			, 98	, 23.40000	, 5	, 146	,			, 98	, 18.00000	, 6	, 146	,			, 98	, 19338.00000	, 1	, 0	,
		, 	,	,	,	,			, 108	, 27.75000	, 4	, 159	,			, 108	, 12.62500	, 8	, 159	,			, 108	, 22222.00000	, 1	, 0	,
		, 	,	,	,	,			, 127	, 37.00000	, 3	, 169	,			, 127	, 29.75000	, 4	, 167	,			, 127	, 21783.00000	, 1	, 0	,
		, 	,	,	,	,			, 127	, 37.66670	, 3	, 167	,			, 127	, 43.33330	, 3	, 172	,			, 127	, 25190.00000	, 1	, 0	,
		, 	,	,	,	,			, 127	, 40.66670	, 3	, 172	,			, 127	, 45.33330	, 3	, 169	,			, 127	, 31124.00000	, 1	, 0	,
		, 	,	,	,	,			, 673	, 1047.00000	, 1	, 1260	,			, 673	, 412.00000	, 1	, 1260	,			, 673	, 4092280.00000	, 1	, 0	,
		, 	,	,	,	,			, 674	, 1049.00000	, 1	, 1260	,			, 674	, 412.00000	, 1	, 1260	,			, 674	, 4123580.00000	, 1	, 0	,
			
			
 cjpeg		, 2	, 0.01865	, 5361	, 0	,	 cjpeg		, 2	, 0.02434	, 4109	, 0	,	 cjpeg		, 2	, 0.03820	, 2618	, 0	,	 cjpeg		, 2	, 0.04257	, 2349	, 0	,
		, 2	, 0.01868	, 5353	, 0	,			, 2	, 0.02447	, 4087	, 0	,			, 2	, 0.03839	, 2605	, 0	,			, 2	, 0.04308	, 2321	, 0	,
		, 2	, 0.01979	, 5052	, 0	,			, 2	, 0.02463	, 4060	, 0	,			, 2	, 0.03849	, 2598	, 0	,			, 2	, 0.04310	, 2320	, 0	,
		, 2	, 0.01987	, 5033	, 0	,			, 2	, 0.02475	, 4040	, 0	,			, 2	, 0.03873	, 2582	, 0	,			, 2	, 0.04310	, 2320	, 0	,
		, 2	, 0.01992	, 5020	, 0	,			, 2	, 0.02478	, 4036	, 0	,			, 2	, 0.03873	, 2582	, 0	,			, 2	, 0.04312	, 2319	, 0	,
		, 2	, 0.01994	, 5014	, 0	,			, 2	, 0.02480	, 4033	, 0	,			, 2	, 0.03873	, 2582	, 0	,			, 2	, 0.04312	, 2319	, 0	,
		, 2	, 0.01995	, 5012	, 0	,			, 2	, 0.02481	, 4030	, 0	,			, 2	, 0.03873	, 2582	, 0	,			, 2	, 0.04312	, 2319	, 0	,
		, 2	, 0.01996	, 5009	, 0	,			, 2	, 0.02483	, 4027	, 0	,			, 2	, 0.03874	, 2581	, 0	,			, 2	, 0.04314	, 2318	, 0	,
		, 2	, 0.01997	, 5008	, 0	,			, 2	, 0.02484	, 4025	, 0	,			, 2	, 0.03876	, 2580	, 0	,			, 2	, 0.04314	, 2318	, 0	,
		, 2	, 0.01998	, 5004	, 0	,			, 2	, 0.02485	, 4024	, 0	,			, 2	, 0.03880	, 2577	, 0	,			, 2	, 0.04316	, 2317	, 0	,
		, 2	, 0.01998	, 5005	, 0	,			, 2	, 0.02486	, 4022	, 0	,			, 2	, 0.03880	, 2577	, 0	,			, 2	, 0.04322	, 2314	, 0	,
		, 2	, 0.01999	, 5003	, 0	,			, 2	, 0.02487	, 4021	, 0	,			, 2	, 0.03882	, 2576	, 0	,			, 2	, 0.04322	, 2314	, 0	,
		, 2	, 0.02004	, 4990	, 0	,			, 2	, 0.02488	, 4020	, 0	,			, 2	, 0.03885	, 2574	, 0	,			, 2	, 0.04325	, 2312	, 0	,
		, 2	, 0.02004	, 4989	, 0	,			, 2	, 0.02489	, 4018	, 0	,			, 2	, 0.03887	, 2573	, 0	,			, 2	, 0.04329	, 2310	, 0	,
		, 2	, 0.02007	, 4982	, 0	,			, 2	, 0.02489	, 4017	, 0	,			, 2	, 0.03887	, 2573	, 0	,			, 2	, 0.04333	, 2308	, 0	,
		, 2	, 0.02010	, 4976	, 0	,			, 2	, 0.02490	, 4016	, 0	,			, 2	, 0.03888	, 2572	, 0	,			, 2	, 0.04342	, 2303	, 0	,
		, 2	, 0.02011	, 4973	, 0	,			, 2	, 0.02491	, 4015	, 0	,			, 2	, 0.03888	, 2572	, 0	,			, 2	, 0.04342	, 2303	, 0	,
		, 2	, 0.02011	, 4972	, 0	,			, 2	, 0.02492	, 4013	, 0	,			, 2	, 0.03890	, 2571	, 0	,			, 2	, 0.04350	, 2299	, 0	,
		, 2	, 0.02011	, 4972	, 0	,			, 2	, 0.02494	, 4009	, 0	,			, 2	, 0.03890	, 2571	, 0	,			, 2	, 0.04350	, 2299	, 0	,
		, 2	, 0.02014	, 4965	, 0	,			, 2	, 0.02496	, 4007	, 0	,			, 2	, 0.03890	, 2571	, 0	,			, 2	, 0.04353	, 2297	, 0	,
		, 2	, 0.02015	, 4963	, 0	,			, 2	, 0.02498	, 4003	, 0	,			, 2	, 0.03890	, 2571	, 0	,			, 2	, 0.04359	, 2294	, 0	,
		, 2	, 0.02016	, 4960	, 0	,			, 2	, 0.02499	, 4001	, 0	,			, 2	, 0.03891	, 2570	, 0	,			, 2	, 0.04373	, 2287	, 0	,
		, 2	, 0.02020	, 4950	, 0	,			, 2	, 0.02501	, 3998	, 0	,			, 2	, 0.03894	, 2568	, 0	,			, 2	, 0.04396	, 2275	, 0	,
		, 2	, 0.02022	, 4946	, 0	,			, 2	, 0.02502	, 3997	, 0	,			, 2	, 0.03896	, 2567	, 0	,			, 2	, 0.04407	, 2269	, 0	,
		, 2	, 0.02023	, 4944	, 0	,			, 2	, 0.02502	, 3997	, 0	,			, 2	, 0.03896	, 2567	, 0	,			, 2	, 0.04413	, 2266	, 0	,
		, 2	, 0.02025	, 4939	, 0	,			, 2	, 0.02510	, 3984	, 0	,			, 2	, 0.03897	, 2566	, 0	,			, 2	, 0.04415	, 2265	, 0	,
		, 2	, 0.02025	, 4939	, 0	,			, 2	, 0.02500	, 4000	, 0	,			, 2	, 0.03923	, 2549	, 0	,			, 2	, 0.04433	, 2256	, 0	,
		, 3	, 0.02174	, 4599	, 0	,			, 3	, 0.02840	, 3521	, 0	,			, 3	, 0.04355	, 2296	, 0	,			, 3	, 0.05063	, 1975	, 0	,
		, 3	, 0.02181	, 4585	, 0	,			, 3	, 0.02946	, 3395	, 0	,			, 3	, 0.04829	, 2071	, 0	,			, 3	, 0.05136	, 1947	, 0	,
		, 3	, 0.02285	, 4377	, 0	,			, 3	, 0.02968	, 3369	, 0	,			, 3	, 0.04850	, 2062	, 0	,			, 3	, 0.05136	, 1947	, 0	,
		, 3	, 0.02330	, 4292	, 0	,			, 3	, 0.03004	, 3329	, 0	,			, 3	, 0.04914	, 2035	, 0	,			, 3	, 0.05225	, 1914	, 0	,
		, 3	, 0.02333	, 4286	, 0	,			, 3	, 0.03007	, 3326	, 0	,			, 3	, 0.04919	, 2033	, 0	,			, 3	, 0.05244	, 1907	, 0	,
		, 3	, 0.02345	, 4265	, 0	,			, 3	, 0.03018	, 3313	, 0	,			, 3	, 0.04921	, 2032	, 0	,			, 3	, 0.05263	, 1900	, 0	,
		, 3	, 0.02346	, 4263	, 0	,			, 3	, 0.03021	, 3310	, 0	,			, 3	, 0.04924	, 2031	, 0	,			, 3	, 0.05269	, 1898	, 0	,
		, 3	, 0.02361	, 4235	, 0	,			, 3	, 0.03021	, 3310	, 0	,			, 3	, 0.04924	, 2031	, 0	,			, 3	, 0.05271	, 1897	, 0	,
		, 3	, 0.02361	, 4235	, 0	,			, 3	, 0.03022	, 3309	, 0	,			, 3	, 0.04929	, 2029	, 0	,			, 3	, 0.05274	, 1896	, 0	,
		, 3	, 0.02364	, 4231	, 0	,			, 3	, 0.03024	, 3307	, 0	,			, 3	, 0.04936	, 2026	, 0	,			, 3	, 0.05319	, 1880	, 0	,
		, 3	, 0.02364	, 4230	, 0	,			, 3	, 0.03125	, 3200	, 1	,			, 3	, 0.04948	, 2021	, 0	,			, 3	, 0.05456	, 1833	, 0	,
		, 3	, 0.02364	, 4230	, 0	,			, 3	, 0.03146	, 3179	, 0	,			, 3	, 0.10753	, 930	, 1	,			, 3	, 0.06135	, 1630	, 0	,
		, 3	, 0.02365	, 4229	, 0	,			, 3	, 0.03148	, 3177	, 1	,			, 3	, 0.11389	, 878	, 1	,			, 3	, 0.06143	, 1628	, 0	,
		, 3	, 0.02365	, 4228	, 0	,			, 3	, 0.03151	, 3174	, 1	,			, 3	, 0.11403	, 877	, 1	,			, 3	, 0.06146	, 1627	, 0	,
		, 3	, 0.02368	, 4223	, 0	,			, 3	, 0.03168	, 3157	, 1	,			, 3	, 0.11429	, 875	, 1	,			, 3	, 0.06158	, 1624	, 0	,
		, 3	, 0.02371	, 4218	, 0	,			, 3	, 0.03172	, 3153	, 1	,			, 3	, 0.11442	, 874	, 1	,			, 3	, 0.06177	, 1619	, 0	,
		, 3	, 0.02376	, 4208	, 0	,			, 3	, 0.03176	, 3149	, 1	,			, 3	, 0.11442	, 874	, 1	,			, 3	, 0.06192	, 1615	, 0	,
		, 3	, 0.02391	, 4182	, 1	,			, 3	, 0.03179	, 3146	, 1	,			, 3	, 0.11455	, 873	, 1	,			, 3	, 0.06192	, 1615	, 0	,
		, 3	, 0.02432	, 4111	, 1	,			, 3	, 0.03427	, 2918	, 3	,			, 3	, 0.11481	, 871	, 1	,			, 3	, 0.07396	, 1352	, 0	,
		, 3	, 0.02433	, 4110	, 0	,			, 3	, 0.03428	, 2917	, 3	,			, 3	, 0.19493	, 513	, 3	,			, 3	, 0.07402	, 1351	, 0	,
		, 3	, 0.02436	, 4105	, 1	,			, 3	, 0.03429	, 2916	, 1	,			, 3	, 0.19493	, 513	, 3	,			, 3	, 0.07402	, 1351	, 0	,
		, 3	, 0.02438	, 4102	, 1	,			, 3	, 0.03431	, 2915	, 3	,			, 3	, 0.19531	, 512	, 3	,			, 3	, 0.07418	, 1348	, 0	,
		, 3	, 0.02448	, 4085	, 1	,			, 3	, 0.03434	, 2912	, 3	,			, 3	, 0.19531	, 512	, 3	,			, 3	, 0.07418	, 1348	, 0	,
		, 3	, 0.02452	, 4079	, 1	,			, 3	, 0.03435	, 2911	, 3	,			, 3	, 0.19531	, 512	, 3	,			, 3	, 0.07418	, 1348	, 0	,
		, 3	, 0.02456	, 4071	, 1	,			, 3	, 0.03435	, 2911	, 3	,			, 3	, 0.19570	, 511	, 3	,			, 3	, 0.07530	, 1328	, 0	,
		, 4	, 0.02600	, 3846	, 0	,			, 4	, 0.03427	, 2918	, 0	,			, 4	, 0.06101	, 1639	, 0	,			, 4	, 0.05981	, 1672	, 0	,
		, 4	, 0.02670	, 3746	, 1	,			, 4	, 0.03490	, 2865	, 1	,			, 4	, 0.12165	, 822	, 1	,			, 4	, 0.06143	, 1628	, 0	,
		, 4	, 0.02674	, 3740	, 1	,			, 4	, 0.03837	, 2606	, 1	,			, 4	, 0.12453	, 803	, 1	,			, 4	, 0.08137	, 1229	, 0	,
		, 4	, 0.02688	, 3720	, 1	,			, 4	, 0.03842	, 2603	, 1	,			, 4	, 0.12920	, 774	, 1	,			, 4	, 0.08143	, 1228	, 0	,
		, 4	, 0.02690	, 3718	, 1	,			, 4	, 0.03848	, 2599	, 1	,			, 4	, 0.12920	, 774	, 1	,			, 4	, 0.08150	, 1227	, 0	,
		, 4	, 0.02690	, 3717	, 1	,			, 4	, 0.03849	, 2598	, 1	,			, 4	, 0.12937	, 773	, 1	,			, 4	, 0.08157	, 1226	, 0	,
		, 4	, 0.02701	, 3703	, 1	,			, 4	, 0.04063	, 2461	, 3	,			, 4	, 0.12970	, 771	, 1	,			, 4	, 0.09311	, 1074	, 0	,
		, 4	, 0.02707	, 3694	, 1	,			, 4	, 0.04073	, 2455	, 3	,			, 4	, 0.21008	, 476	, 3	,			, 4	, 0.09381	, 1066	, 0	,
		, 4	, 0.02805	, 3565	, 0	,			, 4	, 0.04075	, 2454	, 1	,			, 4	, 0.21053	, 475	, 3	,			, 4	, 0.09381	, 1066	, 0	,
		, 4	, 0.02816	, 3551	, 0	,			, 4	, 0.04131	, 2421	, 3	,			, 4	, 0.21142	, 473	, 3	,			, 4	, 0.09479	, 1055	, 0	,
		, 5	, 0.02992	, 3342	, 1	,			, 5	, 0.04478	, 2233	, 3	,			, 5	, 0.21552	, 464	, 3	,			, 5	, 0.10081	, 992	, 0	,
		, 5	, 0.03080	, 3247	, 1	,			, 5	, 0.04746	, 2107	, 3	,			, 5	, 0.22222	, 450	, 3	,			, 5	, 0.10616	, 942	, 0	,
		, 5	, 0.03088	, 3238	, 1	,			, 5	, 0.04815	, 2077	, 3	,			, 5	, 0.23474	, 426	, 3	,			, 5	, 0.11429	, 875	, 0	,
		, 5	, 0.03149	, 3176	, 2	,			, 5	, 0.05747	, 1740	, 4	,			, 5	, 0.34364	, 291	, 4	,			, 5	, 0.22272	, 449	, 0	,
		, 5	, 0.03152	, 3173	, 2	,			, 5	, 0.05747	, 1740	, 4	,			, 5	, 0.34364	, 291	, 4	,			, 5	, 0.22272	, 449	, 0	,
		, 5	, 0.03155	, 3170	, 2	,			, 5	, 0.05767	, 1734	, 4	,			, 5	, 0.34364	, 291	, 4	,			, 5	, 0.22321	, 448	, 0	,
		, 5	, 0.03171	, 3154	, 2	,			, 5	, 0.05767	, 1734	, 4	,			, 5	, 0.34483	, 290	, 4	,			, 5	, 0.22321	, 448	, 0	,
		, 5	, 0.03173	, 3152	, 2	,			, 5	, 0.05770	, 1733	, 4	,			, 5	, 0.34483	, 290	, 4	,			, 5	, 0.22321	, 448	, 0	,
		, 5	, 0.03174	, 3151	, 2	,			, 5	, 0.05770	, 1733	, 4	,			, 5	, 0.34483	, 290	, 4	,			, 5	, 0.22371	, 447	, 0	,
		, 5	, 0.03178	, 3147	, 2	,			, 5	, 0.05780	, 1730	, 4	,			, 5	, 0.34483	, 290	, 4	,			, 5	, 0.22421	, 446	, 0	,
		, 5	, 0.03183	, 3142	, 2	,			, 5	, 0.05780	, 1730	, 4	,			, 5	, 0.34843	, 287	, 4	,			, 5	, 0.22472	, 445	, 0	,
		, 6	, 0.03275	, 3053	, 0	,			, 6	, 0.04500	, 2222	, 1	,			, 6	, 0.14327	, 698	, 1	,			, 6	, 0.08554	, 1169	, 0	,
		, 6	, 0.03370	, 2967	, 1	,			, 6	, 0.04955	, 2018	, 1	,			, 6	, 0.15528	, 644	, 1	,			, 6	, 0.11312	, 884	, 0	,
		, 6	, 0.03411	, 2932	, 1	,			, 6	, 0.05476	, 1826	, 3	,			, 6	, 0.23256	, 430	, 3	,			, 6	, 0.13351	, 749	, 0	,
		, 6	, 0.03524	, 2838	, 1	,			, 6	, 0.05479	, 1825	, 3	,			, 6	, 0.23256	, 430	, 3	,			, 6	, 0.13369	, 748	, 0	,
		, 6	, 0.03525	, 2837	, 1	,			, 6	, 0.05488	, 1822	, 3	,			, 6	, 0.23256	, 430	, 3	,			, 6	, 0.13369	, 748	, 0	,
		, 6	, 0.03526	, 2836	, 1	,			, 6	, 0.05501	, 1818	, 3	,			, 6	, 0.23474	, 426	, 3	,			, 6	, 0.13405	, 746	, 0	,
		, 6	, 0.03529	, 2834	, 1	,			, 6	, 0.05682	, 1760	, 4	,			, 6	, 0.29762	, 336	, 4	,			, 6	, 0.15528	, 644	, 0	,
		, 7	, 0.03755	, 2663	, 2	,			, 7	, 0.06693	, 1494	, 5	,			, 7	, 0.31847	, 314	, 4	,			, 7	, 0.22321	, 448	, 0	,
		, 7	, 0.03765	, 2656	, 2	,			, 7	, 0.06693	, 1494	, 5	,			, 7	, 0.36900	, 271	, 5	,			, 7	, 0.22573	, 443	, 0	,
		, 7	, 0.03840	, 2604	, 1	,			, 7	, 0.06698	, 1493	, 5	,			, 7	, 0.36900	, 271	, 5	,			, 7	, 0.22573	, 443	, 0	,
		, 7	, 0.03861	, 2590	, 1	,			, 7	, 0.06711	, 1490	, 5	,			, 7	, 0.36900	, 271	, 5	,			, 7	, 0.22573	, 443	, 0	,
		, 7	, 0.03873	, 2582	, 1	,			, 7	, 0.06711	, 1490	, 5	,			, 7	, 0.37037	, 270	, 5	,			, 7	, 0.22624	, 442	, 0	,
		, 7	, 0.03879	, 2578	, 1	,			, 7	, 0.06711	, 1490	, 5	,			, 7	, 0.37037	, 270	, 5	,			, 7	, 0.22624	, 442	, 0	,
		, 7	, 0.03884	, 2575	, 1	,			, 7	, 0.06711	, 1490	, 5	,			, 7	, 0.37037	, 270	, 5	,			, 7	, 0.22624	, 442	, 0	,
		, 7	, 0.03888	, 2572	, 1	,			, 7	, 0.06716	, 1489	, 5	,			, 7	, 0.37037	, 270	, 5	,			, 7	, 0.22624	, 442	, 0	,
		, 7	, 0.03888	, 2572	, 1	,			, 7	, 0.06716	, 1489	, 5	,			, 7	, 0.37037	, 270	, 5	,			, 7	, 0.22624	, 442	, 0	,
		, 7	, 0.03891	, 2570	, 1	,			, 7	, 0.06716	, 1489	, 5	,			, 7	, 0.37037	, 270	, 5	,			, 7	, 0.22624	, 442	, 0	,
		, 7	, 0.03896	, 2567	, 1	,			, 7	, 0.06720	, 1488	, 5	,			, 7	, 0.37037	, 270	, 5	,			, 7	, 0.22676	, 441	, 0	,
		, 7	, 0.03903	, 2562	, 1	,			, 7	, 0.06720	, 1488	, 5	,			, 7	, 0.37037	, 270	, 5	,			, 7	, 0.22676	, 441	, 0	,
		, 7	, 0.03925	, 2548	, 1	,			, 7	, 0.06720	, 1488	, 5	,			, 7	, 0.37037	, 270	, 5	,			, 7	, 0.22676	, 441	, 0	,
		, 7	, 0.03926	, 2547	, 1	,			, 7	, 0.06720	, 1488	, 5	,			, 7	, 0.37037	, 270	, 5	,			, 7	, 0.22676	, 441	, 0	,
		, 7	, 0.03928	, 2546	, 1	,			, 7	, 0.06725	, 1487	, 5	,			, 7	, 0.37037	, 270	, 5	,			, 7	, 0.22676	, 441	, 0	,
		, 7	, 0.03931	, 2544	, 1	,			, 7	, 0.06734	, 1485	, 5	,			, 7	, 0.37037	, 270	, 5	,			, 7	, 0.22676	, 441	, 0	,
		, 7	, 0.03931	, 2544	, 1	,			, 7	, 0.06734	, 1485	, 5	,			, 7	, 0.37037	, 270	, 5	,			, 7	, 0.22676	, 441	, 0	,
		, 7	, 0.03932	, 2543	, 1	,			, 7	, 0.06743	, 1483	, 5	,			, 7	, 0.37037	, 270	, 5	,			, 7	, 0.22727	, 440	, 0	,
		, 7	, 0.03943	, 2536	, 1	,			, 7	, 0.06757	, 1480	, 5	,			, 7	, 0.37175	, 269	, 5	,			, 7	, 0.22727	, 440	, 0	,
		, 7	, 0.03943	, 2536	, 1	,			, 7	, 0.06821	, 1466	, 4	,			, 7	, 0.37453	, 267	, 5	,			, 7	, 0.22779	, 439	, 0	,
		, 7	, 0.03945	, 2535	, 1	,			, 7	, 0.09862	, 1014	, 10	,			, 7	, 0.61350	, 163	, 10	,			, 7	, 0.78740	, 127	, 0	,
		, 8	, 0.04153	, 2408	, 2	,			, 8	, 0.06821	, 1466	, 3	,			, 8	, 0.25316	, 395	, 3	,			, 8	, 0.17361	, 576	, 0	,
		, 8	, 0.04168	, 2399	, 2	,			, 8	, 0.07321	, 1366	, 5	,			, 8	, 0.38461	, 260	, 5	,			, 8	, 0.24630	, 406	, 0	,
		, 8	, 0.04182	, 2391	, 1	,			, 8	, 0.07369	, 1357	, 5	,			, 8	, 0.38461	, 260	, 5	,			, 8	, 0.24691	, 405	, 0	,
		, 8	, 0.04198	, 2382	, 1	,			, 8	, 0.08333	, 1200	, 5	,			, 8	, 0.43860	, 228	, 5	,			, 8	, 0.40816	, 245	, 0	,
		, 8	, 0.04230	, 2364	, 1	,			, 8	, 0.08333	, 1200	, 5	,			, 8	, 0.43860	, 228	, 5	,			, 8	, 0.40984	, 244	, 0	,
		, 9	, 0.04376	, 2285	, 2	,			, 9	, 0.05794	, 1726	, 1	,			, 9	, 0.17921	, 558	, 1	,			, 9	, 0.10278	, 973	, 0	,
		, 9	, 0.04378	, 2284	, 1	,			, 9	, 0.05807	, 1722	, 1	,			, 9	, 0.18315	, 546	, 1	,			, 9	, 0.10352	, 966	, 0	,
		, 9	, 0.04433	, 2256	, 0	,			, 9	, 0.06150	, 1626	, 1	,			, 9	, 0.18416	, 543	, 1	,			, 9	, 0.12285	, 814	, 0	,
		, 9	, 0.04472	, 2236	, 0	,			, 9	, 0.06154	, 1625	, 3	,			, 9	, 0.25707	, 389	, 3	,			, 9	, 0.12315	, 812	, 0	,
		, 9	, 0.04515	, 2215	, 0	,			, 9	, 0.08803	, 1136	, 5	,			, 9	, 0.40161	, 249	, 5	,			, 9	, 0.33113	, 302	, 0	,
		, 9	, 0.04579	, 2184	, 2	,			, 9	, 0.09872	, 1013	, 8	,			, 9	, 0.54945	, 182	, 8	,			, 9	, 0.50251	, 199	, 0	,
		, 9	, 0.04610	, 2169	, 2	,			, 9	, 0.10823	, 924	, 8	,			, 9	, 0.57471	, 174	, 8	,			, 9	, 0.72993	, 137	, 0	,
		, 10	, 0.04386	, 2280	, 1	,			, 10	, 0.05865	, 1705	, 1	,			, 10	, 0.14045	, 712	, 1	,			, 10	, 0.11947	, 837	, 0	,
		, 10	, 0.04396	, 2275	, 1	,			, 10	, 0.05865	, 1705	, 3	,			, 10	, 0.23042	, 434	, 3	,			, 10	, 0.11962	, 836	, 0	,
		, 10	, 0.04602	, 2173	, 2	,			, 10	, 0.06803	, 1470	, 2	,			, 10	, 0.25381	, 394	, 2	,			, 10	, 0.14306	, 699	, 0	,
		, 10	, 0.04697	, 2129	, 2	,			, 10	, 0.08711	, 1148	, 4	,			, 10	, 0.37736	, 265	, 4	,			, 10	, 0.38314	, 261	, 0	,
		, 10	, 0.04785	, 2090	, 0	,			, 10	, 0.09766	, 1024	, 5	,			, 10	, 0.41494	, 241	, 5	,			, 10	, 0.39841	, 251	, 0	,
		, 10	, 0.04861	, 2057	, 0	,			, 10	, 0.09843	, 1016	, 5	,			, 10	, 0.41494	, 241	, 5	,			, 10	, 0.39841	, 251	, 0	,
		, 10	, 0.04864	, 2056	, 3	,			, 10	, 0.09970	, 1003	, 6	,			, 10	, 0.47619	, 210	, 6	,			, 10	, 0.44053	, 227	, 0	,
		, 10	, 0.04873	, 2052	, 2	,			, 10	, 0.10071	, 993	, 8	,			, 10	, 0.56497	, 177	, 9	,			, 10	, 0.50505	, 198	, 0	,
		, 10	, 0.04885	, 2047	, 2	,			, 10	, 0.14347	, 697	, 9	,			, 10	, 0.57143	, 175	, 8	,			, 10	, 1.19048	, 84	, 0	,
		, 10	, 0.04885	, 2047	, 2	,			, 10	, 0.17889	, 559	, 17	,			, 10	, 0.98039	, 102	, 17	,			, 10	, 2.50000	, 40	, 0	,
		, 11	, 0.05184	, 1929	, 2	,			, 11	, 0.10799	, 926	, 5	,			, 11	, 0.42553	, 235	, 5	,			, 11	, 0.46729	, 214	, 0	,
		, 11	, 0.05200	, 1923	, 2	,			, 11	, 0.10811	, 925	, 5	,			, 11	, 0.42553	, 235	, 5	,			, 11	, 0.46729	, 214	, 0	,
		, 14	, 0.05828	, 1716	, 0	,			, 14	, 0.08937	, 1119	, 1	,			, 14	, 0.23697	, 422	, 1	,			, 14	, 0.18975	, 527	, 0	,
		, 15	, 0.06223	, 1607	, 2	,			, 15	, 0.20040	, 499	, 12	,			, 15	, 0.52910	, 189	, 6	,			, 15	, 1.56250	, 64	, 0	,
		, 15	, 0.06238	, 1603	, 1	,			, 15	, 0.20040	, 499	, 12	,			, 15	, 0.88496	, 113	, 12	,			, 15	, 2.10417	, 48	, 0	,
		, 15	, 0.06250	, 1600	, 2	,			, 15	, 0.20121	, 497	, 12	,			, 15	, 0.88496	, 113	, 12	,			, 15	, 2.12500	, 48	, 0	,
		, 15	, 0.06297	, 1588	, 2	,			, 15	, 0.21739	, 460	, 6	,			, 15	, 0.89286	, 112	, 12	,			, 15	, 2.12766	, 47	, 0	,
		, 34	, 0.12361	, 809	, 4	,			, 34	, 0.81301	, 123	, 23	,			, 34	, 1.78571	, 56	, 23	,			, 34	, 19.50000	, 6	, 0	,
		, 42	, 0.15314	, 653	, 6	,			, 42	, 1.26582	, 79	, 37	,			, 42	, 2.72973	, 37	, 37	,			, 42	, 65.50000	, 2	, 0	,
		, 48	, 0.17422	, 574	, 14	,			, 48	, 2.50000	, 40	, 62	,			, 48	, 4.08000	, 25	, 62	,			, 48	, 225.00000	, 1	, 0	,
		, 137	, 0.48309	, 207	, 0	,			, 137	, 8.83333	, 12	, 84	,			, 137	, 9.45455	, 11	, 84	,			, 137	, 1078.00000	, 1	, 0	,
			
			
 fft		, 2	, 0.02109	, 4742	, 0	,	 fft		, 2	, 0.02685	, 3724	, 1	,	 fft		, 2	, 0.05420	, 1845	, 0	,	 fft		, 2	, 0.05498	, 1819	, 0	,
		, 3	, 0.02397	, 4172	, 1	,			, 3	, 0.03413	, 2930	, 1	,			, 3	, 0.10661	, 938	, 1	,			, 3	, 0.07369	, 1357	, 0	,
		, 3	, 0.02428	, 4118	, 1	,			, 3	, 0.03427	, 2918	, 1	,			, 3	, 0.10684	, 936	, 1	,			, 3	, 0.07386	, 1354	, 0	,
		, 3	, 0.02452	, 4078	, 1	,			, 3	, 0.03427	, 2918	, 3	,			, 3	, 0.19570	, 511	, 3	,			, 3	, 0.07435	, 1345	, 0	,
		, 3	, 0.02455	, 4073	, 1	,			, 3	, 0.03431	, 2915	, 3	,			, 3	, 0.19570	, 511	, 3	,			, 3	, 0.07435	, 1345	, 0	,
		, 3	, 0.02461	, 4063	, 1	,			, 3	, 0.03433	, 2913	, 3	,			, 3	, 0.19570	, 511	, 3	,			, 3	, 0.07463	, 1340	, 0	,
		, 3	, 0.02469	, 4051	, 0	,			, 3	, 0.03434	, 2912	, 3	,			, 3	, 0.19570	, 511	, 3	,			, 3	, 0.07519	, 1330	, 0	,
		, 3	, 0.02469	, 4050	, 1	,			, 3	, 0.03441	, 2906	, 3	,			, 3	, 0.19608	, 510	, 3	,			, 3	, 0.07530	, 1328	, 0	,
		, 3	, 0.02497	, 4005	, 0	,			, 3	, 0.03454	, 2895	, 3	,			, 3	, 0.19685	, 508	, 3	,			, 3	, 0.07541	, 1326	, 0	,
		, 4	, 0.02957	, 3382	, 1	,			, 4	, 0.04604	, 2172	, 4	,			, 4	, 0.27027	, 370	, 4	,			, 4	, 0.14389	, 695	, 0	,
		, 5	, 0.03018	, 3313	, 1	,			, 5	, 0.03948	, 2533	, 1	,			, 5	, 0.13369	, 748	, 1	,			, 5	, 0.06969	, 1435	, 0	,
		, 5	, 0.03025	, 3306	, 1	,			, 5	, 0.05718	, 1749	, 6	,			, 5	, 0.31847	, 314	, 5	,			, 5	, 0.22321	, 448	, 0	,
		, 5	, 0.03085	, 3242	, 2	,			, 5	, 0.05764	, 1735	, 4	,			, 5	, 0.31949	, 313	, 5	,			, 5	, 0.22421	, 446	, 0	,
		, 5	, 0.03148	, 3177	, 2	,			, 5	, 0.06443	, 1552	, 8	,			, 5	, 0.34602	, 289	, 4	,			, 5	, 0.27548	, 363	, 0	,
		, 5	, 0.03225	, 3101	, 1	,			, 5	, 0.06566	, 1523	, 5	,			, 5	, 0.46729	, 214	, 6	,			, 5	, 0.27548	, 363	, 0	,
		, 5	, 0.03237	, 3089	, 0	,			, 5	, 0.06575	, 1521	, 5	,			, 5	, 0.64516	, 155	, 8	,			, 5	, 0.35971	, 278	, 0	,
		, 6	, 0.03579	, 2794	, 1	,			, 6	, 0.06993	, 1430	, 5	,			, 6	, 0.50505	, 198	, 5	,			, 6	, 0.29851	, 335	, 0	,
		, 6	, 0.03592	, 2784	, 1	,			, 6	, 0.07018	, 1425	, 5	,			, 6	, 0.50761	, 197	, 5	,			, 6	, 0.29940	, 334	, 0	,
		, 7	, 0.03670	, 2725	, 1	,			, 7	, 0.05596	, 1787	, 2	,			, 7	, 0.21598	, 463	, 2	,			, 7	, 0.12739	, 785	, 0	,
		, 7	, 0.03823	, 2616	, 2	,			, 7	, 0.05612	, 1782	, 2	,			, 7	, 0.21598	, 463	, 2	,			, 7	, 0.12739	, 785	, 0	,
		, 7	, 0.03828	, 2612	, 0	,			, 7	, 0.09200	, 1087	, 9	,			, 7	, 0.63291	, 158	, 12	,			, 7	, 0.58823	, 170	, 0	,
		, 7	, 0.03828	, 2612	, 3	,			, 7	, 0.10267	, 974	, 12	,			, 7	, 0.63694	, 157	, 12	,			, 7	, 0.81967	, 122	, 0	,
		, 7	, 0.03867	, 2586	, 0	,			, 7	, 0.13477	, 742	, 12	,			, 7	, 0.86957	, 115	, 9	,			, 7	, 1.12222	, 90	, 0	,
		, 8	, 0.04122	, 2426	, 2	,			, 8	, 0.06711	, 1490	, 4	,			, 8	, 0.36101	, 277	, 4	,			, 8	, 0.20747	, 482	, 0	,
		, 8	, 0.04134	, 2419	, 3	,			, 8	, 0.08432	, 1186	, 5	,			, 8	, 0.42918	, 233	, 5	,			, 8	, 0.41667	, 240	, 0	,
		, 8	, 0.04137	, 2417	, 1	,			, 8	, 0.08446	, 1184	, 5	,			, 8	, 0.43103	, 232	, 5	,			, 8	, 0.41667	, 240	, 0	,
		, 8	, 0.04221	, 2369	, 0	,			, 8	, 0.09141	, 1094	, 7	,			, 8	, 0.51546	, 194	, 7	,			, 8	, 0.54645	, 183	, 0	,
		, 8	, 0.04263	, 2346	, 1	,			, 8	, 0.09166	, 1091	, 7	,			, 8	, 0.51546	, 194	, 7	,			, 8	, 0.55249	, 181	, 0	,
		, 8	, 0.04268	, 2343	, 2	,			, 8	, 0.10288	, 972	, 7	,			, 8	, 0.51546	, 194	, 7	,			, 8	, 0.67114	, 149	, 0	,
		, 9	, 0.04274	, 2340	, 2	,			, 9	, 0.21930	, 456	, 18	,			, 9	, 0.86957	, 115	, 18	,			, 9	, 2.65789	, 38	, 0	,
		, 11	, 0.05043	, 1983	, 3	,			, 11	, 0.12937	, 773	, 6	,			, 11	, 0.55866	, 179	, 6	,			, 11	, 0.87719	, 114	, 0	,
		, 12	, 0.05348	, 1870	, 4	,			, 12	, 0.15949	, 627	, 11	,			, 12	, 0.87719	, 114	, 11	,			, 12	, 1.58730	, 63	, 0	,
		, 12	, 0.05461	, 1831	, 2	,			, 12	, 0.22371	, 447	, 13	,			, 12	, 0.92593	, 108	, 18	,			, 12	, 2.94118	, 34	, 0	,
		, 12	, 0.05602	, 1785	, 3	,			, 12	, 0.22371	, 447	, 13	,			, 12	, 1.09890	, 91	, 13	,			, 12	, 2.97059	, 34	, 0	,
		, 12	, 0.05650	, 1770	, 3	,			, 12	, 0.26178	, 382	, 18	,			, 12	, 1.09890	, 91	, 13	,			, 12	, 3.18750	, 32	, 0	,
		, 13	, 0.05488	, 1822	, 1	,			, 13	, 0.64516	, 155	, 30	,			, 13	, 1.83636	, 55	, 30	,			, 13	, 20.20000	, 5	, 0	,
		, 14	, 0.05981	, 1672	, 4	,			, 14	, 0.22573	, 443	, 14	,			, 14	, 1.01010	, 99	, 14	,			, 14	, 3.09091	, 33	, 0	,
		, 15	, 0.06246	, 1601	, 3	,			, 15	, 0.30864	, 324	, 18	,			, 15	, 1.19048	, 84	, 18	,			, 15	, 5.10000	, 20	, 0	,
		, 16	, 0.06234	, 1604	, 1	,			, 16	, 0.12376	, 808	, 6	,			, 16	, 0.55249	, 181	, 6	,			, 16	, 0.44248	, 226	, 0	,
		, 16	, 0.06246	, 1601	, 1	,			, 16	, 0.12392	, 807	, 6	,			, 16	, 0.55556	, 180	, 6	,			, 16	, 0.44643	, 224	, 0	,
		, 19	, 0.07704	, 1298	, 5	,			, 19	, 0.54645	, 183	, 17	,			, 19	, 1.47059	, 68	, 17	,			, 19	, 16.42860	, 7	, 0	,
		, 38	, 0.13477	, 742	, 7	,			, 38	, 1.83636	, 55	, 33	,			, 38	, 4.68182	, 22	, 33	,			, 38	, 86.50000	, 2	, 0	,
		, 52	, 0.18083	, 553	, 10	,			, 52	, 3.57143	, 28	, 42	,			, 52	, 5.00000	, 20	, 42	,			, 52	, 294.00000	, 1	, 0	,
			
			
 md5		, 2	, 0.02047	, 4885	, 1	,	 md5		, 2	, 0.02719	, 3678	, 1	,	 md5		, 2	, 0.09901	, 1010	, 1	,	 md5		,	,	,	,	,
		, 3	, 0.02420	, 4132	, 0	,			, 3	, 0.03039	, 3291	, 1	,			, 3	, 0.11455	, 873	, 1	,			, 	,	,	,	,
		, 3	, 0.02442	, 4095	, 1	,			, 3	, 0.03447	, 2901	, 3	,			, 3	, 0.19570	, 511	, 3	,			, 	,	,	,	,
		, 3	, 0.02443	, 4093	, 1	,			, 3	, 0.03454	, 2895	, 3	,			, 3	, 0.19608	, 510	, 3	,			, 	,	,	,	,
		, 4	, 0.02664	, 3754	, 1	,			, 4	, 0.03730	, 2681	, 3	,			, 4	, 0.20080	, 498	, 3	,			, 	,	,	,	,
		, 4	, 0.02674	, 3740	, 1	,			, 4	, 0.03854	, 2595	, 3	,			, 4	, 0.20121	, 497	, 3	,			, 	,	,	,	,
		, 4	, 0.02772	, 3607	, 1	,			, 4	, 0.04537	, 2204	, 5	,			, 4	, 0.31949	, 313	, 5	,			, 	,	,	,	,
		, 5	, 0.03010	, 3322	, 1	,			, 5	, 0.04890	, 2045	, 3	,			, 5	, 0.23042	, 434	, 3	,			, 	,	,	,	,
		, 5	, 0.03015	, 3317	, 1	,			, 5	, 0.04943	, 2023	, 3	,			, 5	, 0.23095	, 433	, 3	,			, 	,	,	,	,
		, 6	, 0.03284	, 3045	, 1	,			, 6	, 0.10121	, 988	, 15	,			, 6	, 0.68493	, 146	, 15	,			, 	,	,	,	,
		, 7	, 0.03689	, 2711	, 2	,			, 7	, 0.07148	, 1399	, 5	,			, 7	, 0.37879	, 264	, 5	,			, 	,	,	,	,
		, 7	, 0.03757	, 2662	, 2	,			, 7	, 0.09569	, 1045	, 9	,			, 7	, 0.82645	, 121	, 12	,			, 	,	,	,	,
		, 7	, 0.03876	, 2580	, 3	,			, 7	, 0.10730	, 932	, 12	,			, 7	, 0.86957	, 115	, 9	,			, 	,	,	,	,
		, 10	, 0.04653	, 2149	, 1	,			, 10	, 0.10638	, 940	, 8	,			, 10	, 0.57803	, 173	, 8	,			, 	,	,	,	,
		, 10	, 0.04715	, 2121	, 1	,			, 10	, 0.11001	, 909	, 8	,			, 10	, 0.59524	, 168	, 8	,			, 	,	,	,	,
		, 10	, 0.04895	, 2043	, 1	,			, 10	, 0.13089	, 764	, 8	,			, 10	, 0.59880	, 167	, 8	,			, 	,	,	,	,
		, 11	, 0.05000	, 2000	, 2	,			, 11	, 0.27100	, 369	, 15	,			, 11	, 0.86957	, 115	, 15	,			, 	,	,	,	,
		, 12	, 0.05510	, 1815	, 2	,			, 12	, 0.15267	, 655	, 9	,			, 12	, 0.67568	, 148	, 9	,			, 	,	,	,	,
		, 12	, 0.05528	, 1809	, 3	,			, 12	, 0.19417	, 515	, 9	,			, 12	, 0.68966	, 145	, 9	,			, 	,	,	,	,
		, 12	, 0.05546	, 1803	, 3	,			, 12	, 0.21008	, 476	, 13	,			, 12	, 0.95238	, 105	, 13	,			, 	,	,	,	,
		, 13	, 0.05650	, 1770	, 2	,			, 13	, 0.18083	, 553	, 7	,			, 13	, 0.67568	, 148	, 7	,			, 	,	,	,	,
		, 13	, 0.05858	, 1707	, 2	,			, 13	, 0.39370	, 254	, 20	,			, 13	, 1.12360	, 89	, 20	,			, 	,	,	,	,
		, 15	, 0.06386	, 1566	, 4	,			, 15	, 0.40000	, 250	, 22	,			, 15	, 1.31579	, 76	, 22	,			, 	,	,	,	,
		, 17	, 0.07037	, 1421	, 2	,			, 17	, 0.38023	, 263	, 14	,			, 17	, 1.07527	, 93	, 14	,			, 	,	,	,	,
		, 19	, 0.07812	, 1280	, 3	,			, 19	, 0.59172	, 169	, 18	,			, 19	, 1.58730	, 63	, 18	,	
		, 20	, 0.07974	, 1254	, 3	,			, 20	, 0.89286	, 112	, 32	,			, 20	, 2.77778	, 36	, 32	,	
		, 21	, 0.08170	, 1224	, 5	,			, 21	, 0.81967	, 122	, 30	,			, 21	, 1.96078	, 51	, 30	,	 sha		, 3	, 0.05258	, 1902	, 0	,
		, 27	, 0.09970	, 1003	, 6	,			, 27	, 0.91743	, 109	, 35	,			, 27	, 2.32558	, 43	, 35	,			, 6	, 0.07770	, 1287	, 0	,
		, 37	, 0.13175	, 759	, 6	,			, 37	, 1.61290	, 62	, 48	,			, 37	, 3.44828	, 29	, 48	,			, 7	, 0.80000	, 125	, 0	,
		, 39	, 0.13369	, 748	, 8	,			, 39	, 4.68182	, 22	, 58	,			, 39	, 5.36842	, 19	, 58	,			, 8	, 0.24938	, 401	, 0	,
		, 55	, 0.19231	, 520	, 9	,			, 55	, 3.40000	, 30	, 73	,			, 55	, 8.41667	, 12	, 73	,			, 8	, 0.25000	, 400	, 0	,
		, 87	, 0.28490	, 351	, 21	,			, 87	, 10.50000	, 10	, 145	,			, 87	, 15.42860	, 7	, 145	,			, 8	, 0.46083	, 217	, 0	,
		, 959	, 2.94118	, 34	, 81	,			, 959	, 4294.00000	, 1	, 1735	,			, 959	, 398.00000	, 1	, 1735	,			, 9	, 0.14409	, 694	, 0	,
					, 10	, 0.40161	, 249	, 0	,
					, 10	, 0.67114	, 149	, 0	,
 sha		, 3	, 0.02392	, 4180	, 0	,	 sha		, 3	, 0.02965	, 3373	, 0	,	 sha		, 3	, 0.04919	, 2033	, 0	,			, 10	, 0.67568	, 148	, 0	,
		, 6	, 0.03271	, 3057	, 0	,			, 6	, 0.04270	, 2342	, 1	,			, 6	, 0.14389	, 695	, 1	,			, 10	, 0.80645	, 124	, 0	,
		, 7	, 0.03706	, 2698	, 2	,			, 7	, 0.10548	, 948	, 12	,			, 7	, 0.82645	, 121	, 12	,			, 10	, 1.71186	, 59	, 0	,
		, 8	, 0.04055	, 2466	, 2	,			, 8	, 0.07047	, 1419	, 4	,			, 8	, 0.37175	, 269	, 4	,			, 11	, 1.48529	, 68	, 0	,
		, 8	, 0.04165	, 2401	, 2	,			, 8	, 0.07047	, 1419	, 6	,			, 8	, 0.49505	, 202	, 6	,			, 11	, 4.00000	, 25	, 0	,
		, 8	, 0.04239	, 2359	, 1	,			, 8	, 0.08857	, 1129	, 8	,			, 8	, 0.55249	, 181	, 8	,			, 12	, 0.33113	, 302	, 0	,
		, 9	, 0.04560	, 2193	, 0	,			, 9	, 0.06234	, 1604	, 3	,			, 9	, 0.30212	, 331	, 3	,			, 15	, 4.16667	, 24	, 0	,
		, 10	, 0.04810	, 2079	, 2	,			, 10	, 0.09381	, 1066	, 6	,			, 10	, 0.47170	, 212	, 6	,			, 16	, 0.31153	, 321	, 0	,
		, 10	, 0.04822	, 2074	, 1	,			, 10	, 0.11655	, 858	, 6	,			, 10	, 0.47847	, 209	, 6	,			, 19	, 8.58333	, 12	, 0	,
		, 10	, 0.04929	, 2029	, 1	,			, 10	, 0.11696	, 855	, 6	,			, 10	, 0.47847	, 209	, 6	,			, 24	, 10.60000	, 10	, 0	,
		, 10	, 0.04975	, 2010	, 1	,			, 10	, 0.13333	, 750	, 7	,			, 10	, 0.51546	, 194	, 7	,			, 24	, 10.60000	, 10	, 0	,
		, 10	, 0.04995	, 2002	, 1	,			, 10	, 0.15823	, 632	, 11	,			, 10	, 0.80000	, 125	, 11	,			, 24	, 10.70000	, 10	, 0	,
		, 11	, 0.04990	, 2004	, 2	,			, 11	, 0.17065	, 586	, 8	,			, 11	, 0.63694	, 157	, 8	,			, 24	, 10.70000	, 10	, 0	,
		, 11	, 0.05105	, 1959	, 1	,			, 11	, 0.26596	, 376	, 15	,			, 11	, 0.86207	, 116	, 15	,			, 24	, 34.33330	, 3	, 0	,
		, 12	, 0.05504	, 1817	, 1	,			, 12	, 0.09515	, 1051	, 5	,			, 12	, 0.42194	, 237	, 5	,			, 25	, 1.80357	, 56	, 0	,
		, 15	, 0.06258	, 1598	, 2	,			, 15	, 0.26455	, 378	, 14	,			, 15	, 1.00000	, 100	, 14	,			, 26	, 52.00000	, 2	, 0	,
		, 16	, 0.06596	, 1516	, 0	,			, 16	, 0.11628	, 860	, 2	,			, 16	, 0.32362	, 309	, 2	,			, 29	, 61.00000	, 2	, 0	,
		, 19	, 0.07710	, 1297	, 4	,			, 19	, 0.36900	, 271	, 22	,			, 19	, 1.34667	, 75	, 22	,			, 32	, 83.00000	, 2	, 0	,
		, 24	, 0.08726	, 1146	, 6	,			, 24	, 0.44444	, 225	, 20	,			, 24	, 2.02000	, 50	, 20	,			, 33	, 262.00000	, 1	, 0	,
		, 24	, 0.08734	, 1145	, 6	,			, 24	, 0.44444	, 225	, 20	,			, 24	, 2.02000	, 50	, 20	,			, 33	, 262.00000	, 1	, 0	,
		, 24	, 0.08757	, 1142	, 6	,			, 24	, 0.44444	, 225	, 20	,			, 24	, 2.10417	, 48	, 20	,			, 34	, 278.00000	, 1	, 0	,
		, 24	, 0.08780	, 1139	, 6	,			, 24	, 0.44843	, 223	, 20	,			, 24	, 2.00000	, 50	, 20	,			, 35	, 293.00000	, 1	, 0	,
		, 24	, 0.09337	, 1071	, 6	,			, 24	, 0.76336	, 131	, 36	,			, 24	, 3.18750	, 32	, 36	,			, 41	, 197.00000	, 1	, 0	,
		, 25	, 0.09398	, 1064	, 0	,			, 25	, 0.25773	, 388	, 5	,			, 25	, 0.62112	, 161	, 5	,			, 48	, 325.00000	, 1	, 0	,
		, 26	, 0.09606	, 1041	, 5	,			, 26	, 0.84034	, 119	, 35	,			, 26	, 2.34884	, 43	, 35	,			, 53	, 405.00000	, 1	, 0	,
		, 29	, 0.10684	, 936	, 5	,			, 29	, 0.96154	, 104	, 36	,			, 29	, 2.50000	, 40	, 36	,			, 147	, 9275.00000	, 1	, 0	,
		, 32	, 0.11299	, 885	, 8	,			, 32	, 1.42254	, 71	, 35	,			, 32	, 2.61538	, 39	, 35	,	
		, 33	, 0.11682	, 856	, 5	,			, 33	, 2.52500	, 40	, 53	,			, 33	, 3.48276	, 29	, 53	,	
		, 33	, 0.11696	, 855	, 5	,			, 33	, 2.52500	, 40	, 53	,			, 33	, 3.51724	, 29	, 53	,	 sor		, 2	, 0.05444	, 1837	, 0	,
		, 34	, 0.11919	, 839	, 5	,			, 34	, 2.61538	, 39	, 54	,			, 34	, 3.48276	, 29	, 54	,			, 2	, 0.05447	, 1836	, 0	,
		, 35	, 0.12300	, 813	, 5	,			, 35	, 2.77778	, 36	, 55	,			, 35	, 3.60714	, 28	, 55	,			, 3	, 0.07452	, 1342	, 0	,
		, 41	, 0.14472	, 691	, 7	,			, 41	, 1.92308	, 52	, 52	,			, 41	, 3.77778	, 27	, 52	,			, 3	, 0.07479	, 1337	, 0	,
		, 48	, 0.16639	, 601	, 9	,			, 48	, 2.65789	, 38	, 65	,			, 48	, 12.87500	, 8	, 65	,			, 4	, 0.08130	, 1230	, 0	,
		, 53	, 0.18484	, 541	, 9	,			, 53	, 3.29032	, 31	, 72	,			, 53	, 4.95238	, 21	, 72	,			, 5	, 0.22321	, 448	, 0	,
		, 147	, 0.46512	, 215	, 33	,			, 147	, 23.20000	, 5	, 195	,			, 147	, 1932.00000	, 1	, 195	,			, 5	, 0.22523	, 444	, 0	,
					, 5	, 0.27933	, 358	, 0	,
					, 5	, 0.28011	, 357	, 0	,
 sor		, 2	, 0.02059	, 4857	, 1	,	 sor		, 2	, 0.02706	, 3696	, 3	,	 sor		, 2	, 0.05498	, 1819	, 0	,			, 8	, 0.96154	, 104	, 0	,
		, 2	, 0.02120	, 4717	, 0	,			, 2	, 0.02709	, 3692	, 1	,			, 2	, 0.18349	, 545	, 3	,			, 10	, 1.40845	, 71	, 0	,
		, 3	, 0.02431	, 4113	, 1	,			, 3	, 0.03434	, 2912	, 3	,			, 3	, 0.10776	, 928	, 1	,			, 10	, 1.75439	, 57	, 0	,
		, 3	, 0.02448	, 4085	, 0	,			, 3	, 0.03446	, 2902	, 1	,			, 3	, 0.19763	, 506	, 3	,			, 14	, 2.08333	, 48	, 0	,
		, 4	, 0.02685	, 3724	, 1	,			, 4	, 0.03805	, 2628	, 3	,			, 4	, 0.20161	, 496	, 3	,			, 14	, 24.60000	, 5	, 0	,
		, 5	, 0.02934	, 3408	, 1	,			, 5	, 0.05757	, 1737	, 4	,			, 5	, 0.34602	, 289	, 4	,			, 15	, 3.88462	, 26	, 0	,
		, 5	, 0.02943	, 3398	, 1	,			, 5	, 0.05770	, 1733	, 6	,			, 5	, 0.46083	, 217	, 9	,			, 15	, 4.20833	, 24	, 0	,
		, 5	, 0.03108	, 3217	, 2	,			, 5	, 0.06583	, 1519	, 9	,			, 5	, 0.46296	, 216	, 9	,			, 29	, 40.66670	, 3	, 0	,
		, 5	, 0.03136	, 3189	, 2	,			, 5	, 0.06614	, 1512	, 9	,			, 5	, 0.47170	, 212	, 6	,			, 29	, 53.00000	, 2	, 0	,
		, 8	, 0.04158	, 2405	, 3	,			, 8	, 0.11261	, 888	, 9	,			, 8	, 0.54645	, 183	, 9	,	
		, 10	, 0.04570	, 2188	, 2	,			, 10	, 0.14065	, 711	, 17	,			, 10	, 0.70422	, 142	, 8	,	
		, 10	, 0.04776	, 2094	, 3	,			, 10	, 0.16181	, 618	, 14	,			, 10	, 0.94340	, 106	, 17	,	 whetstone		, 3	, 0.05211	, 1919	, 0	,
		, 14	, 0.05685	, 1759	, 1	,			, 14	, 0.19802	, 505	, 13	,			, 14	, 0.92593	, 108	, 13	,			, 3	, 0.05263	, 1900	, 0	,
		, 14	, 0.05977	, 1673	, 3	,			, 14	, 0.75188	, 133	, 29	,			, 14	, 1.72414	, 58	, 29	,			, 3	, 0.06211	, 1610	, 0	,
		, 15	, 0.06184	, 1617	, 4	,			, 15	, 0.26882	, 372	, 13	,			, 15	, 0.95238	, 105	, 13	,			, 3	, 0.06309	, 1585	, 0	,
		, 15	, 0.06341	, 1577	, 3	,			, 15	, 0.27624	, 362	, 13	,			, 15	, 1.13636	, 88	, 13	,			, 4	, 0.05294	, 1889	, 0	,
		, 29	, 0.10515	, 951	, 3	,			, 29	, 1.09890	, 91	, 19	,			, 29	, 2.04082	, 49	, 19	,			, 4	, 0.06200	, 1613	, 0	,
		, 29	, 0.10799	, 926	, 4	,			, 29	, 1.29487	, 78	, 29	,			, 29	, 2.50000	, 40	, 29	,			, 4	, 0.07067	, 1415	, 0	,
					, 4	, 0.09479	, 1055	, 0	,
					, 5	, 0.08913	, 1122	, 0	,
 whetstone		, 3	, 0.02285	, 4376	, 0	,	 whetstone		, 3	, 0.02995	, 3339	, 0	,	 whetstone		, 3	, 0.04782	, 2091	, 0	,			, 5	, 0.10537	, 949	, 0	,
		, 3	, 0.02314	, 4321	, 0	,			, 3	, 0.02999	, 3334	, 1	,			, 3	, 0.11325	, 883	, 1	,			, 5	, 0.11534	, 867	, 0	,
		, 3	, 0.02323	, 4305	, 0	,			, 3	, 0.03133	, 3192	, 1	,			, 3	, 0.11364	, 880	, 1	,			, 6	, 0.13889	, 720	, 0	,
		, 3	, 0.02398	, 4171	, 0	,			, 3	, 0.03185	, 3140	, 1	,			, 3	, 0.11403	, 877	, 1	,			, 6	, 0.17544	, 570	, 0	,
		, 4	, 0.02319	, 4312	, 0	,			, 4	, 0.02881	, 3471	, 0	,			, 4	, 0.03508	, 2851	, 0	,			, 6	, 0.17986	, 556	, 0	,
		, 4	, 0.02650	, 3774	, 1	,			, 4	, 0.03503	, 2855	, 0	,			, 4	, 0.05865	, 1705	, 0	,			, 7	, 0.13532	, 739	, 0	,
		, 4	, 0.02715	, 3683	, 0	,			, 4	, 0.03687	, 2712	, 1	,			, 4	, 0.12484	, 801	, 1	,			, 7	, 0.68966	, 145	, 0	,
		, 4	, 0.02802	, 3569	, 0	,			, 4	, 0.04105	, 2436	, 3	,			, 4	, 0.21008	, 476	, 3	,			, 7	, 0.68966	, 145	, 0	,
		, 5	, 0.02915	, 3430	, 1	,			, 5	, 0.04230	, 2364	, 3	,			, 5	, 0.11628	, 860	, 1	,			, 7	, 0.68966	, 145	, 0	,
		, 5	, 0.03011	, 3321	, 1	,			, 5	, 0.04437	, 2254	, 1	,			, 5	, 0.20576	, 486	, 3	,			, 7	, 0.69444	, 144	, 0	,
		, 5	, 0.03063	, 3265	, 1	,			, 5	, 0.04847	, 2063	, 3	,			, 5	, 0.22124	, 452	, 3	,			, 8	, 0.16863	, 593	, 0	,
		, 6	, 0.03343	, 2991	, 0	,			, 6	, 0.05336	, 1874	, 2	,			, 6	, 0.20619	, 485	, 2	,			, 8	, 0.22624	, 442	, 0	,
		, 6	, 0.03473	, 2879	, 1	,			, 6	, 0.05931	, 1686	, 4	,			, 6	, 0.28249	, 354	, 4	,			, 9	, 0.29154	, 343	, 0	,
		, 6	, 0.03547	, 2819	, 1	,			, 6	, 0.06002	, 1666	, 4	,			, 6	, 0.30303	, 330	, 4	,			, 9	, 0.85470	, 117	, 0	,
		, 7	, 0.03463	, 2888	, 1	,			, 7	, 0.05376	, 1860	, 3	,			, 7	, 0.21413	, 467	, 3	,			, 10	, 0.44248	, 226	, 0	,
		, 7	, 0.03670	, 2725	, 2	,			, 7	, 0.10204	, 980	, 8	,			, 7	, 0.48544	, 206	, 8	,			, 10	, 0.62893	, 159	, 0	,
		, 7	, 0.03675	, 2721	, 2	,			, 7	, 0.10288	, 972	, 8	,			, 7	, 0.48780	, 205	, 8	,			, 10	, 1.77193	, 57	, 0	,
		, 7	, 0.03682	, 2716	, 2	,			, 7	, 0.10373	, 964	, 8	,			, 7	, 0.48780	, 205	, 8	,			, 12	, 0.44843	, 223	, 0	,
		, 7	, 0.03711	, 2695	, 2	,			, 7	, 0.10417	, 960	, 8	,			, 7	, 0.48780	, 205	, 8	,			, 12	, 2.04082	, 49	, 0	,
		, 8	, 0.03884	, 2575	, 0	,			, 8	, 0.06443	, 1552	, 3	,			, 8	, 0.28902	, 346	, 3	,			, 14	, 3.74074	, 27	, 0	,
		, 8	, 0.04250	, 2353	, 0	,			, 8	, 0.07037	, 1421	, 4	,			, 8	, 0.36232	, 276	, 4	,			, 14	, 4.54545	, 22	, 0	,
		, 9	, 0.04232	, 2363	, 2	,			, 9	, 0.07987	, 1252	, 3	,			, 9	, 0.29851	, 335	, 3	,			, 15	, 0.84034	, 119	, 0	,
		, 9	, 0.04399	, 2273	, 0	,			, 9	, 0.12165	, 822	, 8	,			, 9	, 0.50000	, 200	, 8	,			, 15	, 1.58730	, 63	, 0	,
		, 10	, 0.04613	, 2168	, 3	,			, 10	, 0.10050	, 995	, 6	,			, 10	, 0.47847	, 209	, 6	,			, 18	, 2.12766	, 47	, 0	,
		, 10	, 0.04854	, 2060	, 2	,			, 10	, 0.11249	, 889	, 6	,			, 10	, 0.52632	, 190	, 6	,			, 19	, 1.21951	, 82	, 0	,
		, 10	, 0.04919	, 2033	, 1	,			, 10	, 0.16367	, 611	, 11	,			, 10	, 0.66225	, 151	, 11	,			, 24	, 4.76190	, 21	, 0	,
		, 12	, 0.05192	, 1926	, 0	,			, 12	, 0.10526	, 950	, 4	,			, 12	, 0.38910	, 257	, 4	,			, 29	, 124.00000	, 1	, 0	,
		, 12	, 0.05537	, 1806	, 4	,			, 12	, 0.17241	, 580	, 13	,			, 12	, 0.80645	, 124	, 13	,			, 31	, 151.00000	, 1	, 0	,
		, 14	, 0.06116	, 1635	, 1	,			, 14	, 0.25000	, 400	, 16	,			, 14	, 0.66225	, 151	, 6	,			, 39	, 129.00000	, 1	, 0	,
		, 14	, 0.06215	, 1609	, 2	,			, 14	, 0.35971	, 278	, 6	,			, 14	, 1.21951	, 82	, 16	,			, 39	, 165.00000	, 1	, 0	,
		, 15	, 0.06238	, 1603	, 0	,			, 15	, 0.14347	, 697	, 5	,			, 15	, 0.48544	, 206	, 5	,	
		, 15	, 0.06447	, 1551	, 0	,			, 15	, 0.17953	, 557	, 7	,			, 15	, 0.60976	, 164	, 7	,	
		, 18	, 0.07541	, 1326	, 0	,			, 18	, 0.21692	, 461	, 9	,			, 18	, 0.76923	, 130	, 9	,	
		, 19	, 0.07669	, 1304	, 3	,			, 19	, 0.19920	, 502	, 6	,			, 19	, 0.75758	, 132	, 6	,	
		, 24	, 0.09662	, 1035	, 0	,			, 24	, 0.34014	, 294	, 12	,			, 24	, 1.03093	, 97	, 12	,	
		, 29	, 0.10695	, 935	, 6	,			, 29	, 1.85185	, 54	, 34	,			, 29	, 3.51724	, 29	, 34	,	
		, 31	, 0.11287	, 886	, 6	,			, 31	, 2.10417	, 48	, 36	,			, 31	, 3.57143	, 28	, 36	,	
		, 39	, 0.13699	, 730	, 6	,			, 39	, 2.06122	, 49	, 57	,			, 39	, 2.50000	, 40	, 22	,	
		, 39	, 0.14286	, 700	, 18	,			, 39	, 2.22222	, 45	, 22	,			, 39	, 4.29167	, 24	, 57	,	
