maxmiso	, size	, time	, it	, cand	,


 adpcm		, 3	, 0.02444	, 4091	, 1	,
		, 3	, 0.02455	, 4074	, 1	,
		, 3	, 0.02482	, 4029	, 1	,
		, 4	, 0.02687	, 3721	, 0	,
		, 5	, 0.03022	, 3309	, 1	,
		, 5	, 0.03054	, 3274	, 1	,
		, 5	, 0.03056	, 3272	, 1	,
		, 5	, 0.03058	, 3270	, 1	,
		, 5	, 0.03062	, 3266	, 1	,
		, 5	, 0.03182	, 3143	, 1	,
		, 6	, 0.03331	, 3002	, 1	,
		, 6	, 0.03336	, 2998	, 1	,
		, 7	, 0.03824	, 2615	, 2	,
		, 7	, 0.03840	, 2604	, 2	,
		, 8	, 0.03922	, 2550	, 0	,
		, 8	, 0.03925	, 2548	, 0	,
		, 10	, 0.04822	, 2074	, 3	,
		, 11	, 0.04796	, 2085	, 2	,
		, 11	, 0.05025	, 1990	, 2	,
		, 11	, 0.05089	, 1965	, 2	,
		, 11	, 0.05089	, 1965	, 2	,
		, 12	, 0.05120	, 1953	, 2	,
		, 12	, 0.05464	, 1830	, 3	,
		, 12	, 0.05491	, 1821	, 1	,
		, 14	, 0.05988	, 1670	, 3	,
		, 14	, 0.06024	, 1660	, 3	,
		, 14	, 0.06439	, 1553	, 1	,
		, 17	, 0.07446	, 1343	, 1	,
		, 18	, 0.07593	, 1317	, 4	,
		, 18	, 0.07634	, 1310	, 4	,
		, 20	, 0.08482	, 1179	, 3	,
		, 21	, 0.08613	, 1161	, 1	,
		, 31	, 0.11442	, 874	, 5	,
		, 38	, 0.13369	, 748	, 6	,
		, 38	, 0.13405	, 746	, 6	,
		, 55	, 0.20704	, 483	, 14	,


 aes		, 1	, 0.01466	, 6819	, 0	,
		, 1	, 0.01467	, 6816	, 0	,
		, 1	, 0.01473	, 6791	, 0	,
		, 1	, 0.01475	, 6781	, 0	,
		, 3	, 0.02388	, 4188	, 1	,
		, 3	, 0.02417	, 4138	, 1	,
		, 3	, 0.02425	, 4124	, 0	,
		, 3	, 0.02427	, 4120	, 1	,
		, 3	, 0.02431	, 4113	, 1	,
		, 3	, 0.02432	, 4112	, 0	,
		, 3	, 0.02432	, 4111	, 1	,
		, 3	, 0.02438	, 4101	, 1	,
		, 3	, 0.02441	, 4096	, 1	,
		, 3	, 0.02443	, 4094	, 1	,
		, 3	, 0.02444	, 4091	, 1	,
		, 3	, 0.02449	, 4084	, 1	,
		, 3	, 0.02449	, 4084	, 1	,
		, 3	, 0.02467	, 4054	, 1	,
		, 4	, 0.02653	, 3770	, 0	,
		, 4	, 0.02680	, 3731	, 0	,
		, 4	, 0.02685	, 3725	, 0	,
		, 4	, 0.02685	, 3724	, 0	,
		, 4	, 0.02719	, 3678	, 1	,
		, 4	, 0.02793	, 3580	, 0	,
		, 4	, 0.02794	, 3579	, 0	,
		, 4	, 0.02796	, 3576	, 0	,
		, 4	, 0.02799	, 3573	, 0	,
		, 4	, 0.02801	, 3570	, 0	,
		, 4	, 0.02804	, 3566	, 0	,
		, 5	, 0.02964	, 3374	, 1	,
		, 5	, 0.02986	, 3349	, 1	,
		, 5	, 0.02990	, 3344	, 1	,
		, 5	, 0.02993	, 3341	, 1	,
		, 5	, 0.02999	, 3335	, 1	,
		, 5	, 0.03001	, 3332	, 1	,
		, 5	, 0.03003	, 3330	, 1	,
		, 5	, 0.03035	, 3295	, 1	,
		, 5	, 0.03037	, 3293	, 1	,
		, 5	, 0.03038	, 3292	, 1	,
		, 5	, 0.03039	, 3291	, 1	,
		, 5	, 0.03067	, 3260	, 1	,
		, 5	, 0.03085	, 3241	, 1	,
		, 5	, 0.03108	, 3218	, 1	,
		, 5	, 0.03166	, 3159	, 2	,
		, 6	, 0.03197	, 3128	, 1	,
		, 6	, 0.03204	, 3121	, 1	,
		, 6	, 0.03206	, 3119	, 1	,
		, 6	, 0.03229	, 3097	, 1	,
		, 6	, 0.03230	, 3096	, 1	,
		, 6	, 0.03234	, 3092	, 1	,
		, 6	, 0.03239	, 3087	, 1	,
		, 6	, 0.03243	, 3084	, 1	,
		, 6	, 0.03251	, 3076	, 1	,
		, 6	, 0.03253	, 3074	, 1	,
		, 6	, 0.03256	, 3071	, 1	,
		, 6	, 0.03258	, 3069	, 1	,
		, 6	, 0.03258	, 3069	, 1	,
		, 6	, 0.03265	, 3063	, 0	,
		, 6	, 0.03267	, 3061	, 1	,
		, 6	, 0.03286	, 3043	, 1	,
		, 6	, 0.03296	, 3034	, 1	,
		, 6	, 0.03305	, 3026	, 1	,
		, 6	, 0.03311	, 3020	, 1	,
		, 6	, 0.03311	, 3020	, 1	,
		, 6	, 0.03318	, 3014	, 1	,
		, 6	, 0.03321	, 3011	, 1	,
		, 6	, 0.03435	, 2911	, 0	,
		, 6	, 0.03508	, 2851	, 1	,
		, 6	, 0.03551	, 2816	, 0	,
		, 6	, 0.03552	, 2815	, 0	,
		, 6	, 0.03556	, 2812	, 1	,
		, 6	, 0.03570	, 2801	, 0	,
		, 6	, 0.03570	, 2801	, 1	,
		, 6	, 0.03571	, 2800	, 1	,
		, 6	, 0.03573	, 2799	, 0	,
		, 6	, 0.03580	, 2793	, 1	,
		, 6	, 0.03580	, 2793	, 1	,
		, 6	, 0.03582	, 2792	, 1	,
		, 6	, 0.03583	, 2791	, 1	,
		, 6	, 0.03596	, 2781	, 0	,
		, 6	, 0.03605	, 2774	, 1	,
		, 6	, 0.03605	, 2774	, 1	,
		, 6	, 0.03628	, 2756	, 0	,
		, 7	, 0.03584	, 2790	, 1	,
		, 7	, 0.03605	, 2774	, 1	,
		, 7	, 0.03621	, 2762	, 1	,
		, 7	, 0.03624	, 2759	, 1	,
		, 7	, 0.03624	, 2759	, 1	,
		, 7	, 0.03755	, 2663	, 2	,
		, 7	, 0.03801	, 2631	, 2	,
		, 7	, 0.03802	, 2630	, 2	,
		, 7	, 0.03805	, 2628	, 2	,
		, 7	, 0.03840	, 2604	, 2	,
		, 7	, 0.03848	, 2599	, 2	,
		, 8	, 0.03811	, 2624	, 1	,
		, 8	, 0.03815	, 2621	, 1	,
		, 8	, 0.03852	, 2596	, 1	,
		, 8	, 0.03879	, 2578	, 1	,
		, 8	, 0.03893	, 2569	, 1	,
		, 8	, 0.03896	, 2567	, 1	,
		, 8	, 0.03928	, 2546	, 1	,
		, 8	, 0.03937	, 2540	, 1	,
		, 8	, 0.03948	, 2533	, 1	,
		, 8	, 0.04008	, 2495	, 1	,
		, 8	, 0.04016	, 2490	, 1	,
		, 8	, 0.04044	, 2473	, 2	,
		, 9	, 0.04281	, 2336	, 1	,
		, 9	, 0.04581	, 2183	, 1	,
		, 9	, 0.04610	, 2169	, 1	,
		, 9	, 0.04679	, 2137	, 1	,
		, 10	, 0.04562	, 2192	, 1	,
		, 10	, 0.04796	, 2085	, 1	,
		, 10	, 0.04941	, 2024	, 3	,
		, 10	, 0.04980	, 2008	, 3	,
		, 10	, 0.04980	, 2008	, 3	,
		, 11	, 0.05018	, 1993	, 2	,
		, 11	, 0.05038	, 1985	, 3	,
		, 12	, 0.05249	, 1905	, 2	,
		, 12	, 0.05255	, 1903	, 2	,
		, 12	, 0.05280	, 1894	, 2	,
		, 13	, 0.05513	, 1814	, 2	,
		, 14	, 0.05974	, 1674	, 3	,
		, 14	, 0.06020	, 1661	, 4	,
		, 14	, 0.06024	, 1660	, 4	,
		, 14	, 0.06075	, 1646	, 4	,
		, 14	, 0.06297	, 1588	, 2	,
		, 15	, 0.06452	, 1550	, 3	,
		, 17	, 0.07072	, 1414	, 2	,
		, 17	, 0.07138	, 1401	, 2	,
		, 22	, 0.09001	, 1111	, 8	,
		, 24	, 0.09551	, 1047	, 4	,
		, 25	, 0.09804	, 1020	, 4	,
		, 25	, 0.09823	, 1018	, 4	,
		, 28	, 0.10627	, 941	, 5	,
		, 29	, 0.10870	, 920	, 5	,
		, 29	, 0.10905	, 917	, 5	,
		, 29	, 0.11074	, 903	, 5	,
		, 29	, 0.11338	, 882	, 6	,
		, 31	, 0.11062	, 904	, 1	,
		, 31	, 0.11806	, 847	, 15	,
		, 31	, 0.11862	, 843	, 15	,
		, 33	, 0.12376	, 808	, 11	,
		, 33	, 0.12392	, 807	, 11	,
		, 33	, 0.12422	, 805	, 11	,
		, 34	, 0.12674	, 789	, 16	,
		, 34	, 0.12690	, 788	, 16	,
		, 34	, 0.12690	, 788	, 16	,
		, 35	, 0.12034	, 831	, 1	,
		, 35	, 0.12048	, 830	, 1	,
		, 35	, 0.13141	, 761	, 15	,
		, 42	, 0.14771	, 677	, 5	,
		, 54	, 0.18050	, 554	, 1	,
		, 54	, 0.20661	, 484	, 17	,
		, 67	, 0.21692	, 461	, 13	,
		, 68	, 0.22779	, 439	, 20	,
		, 73	, 0.27701	, 361	, 17	,
		, 73	, 0.27701	, 361	, 17	,
		, 73	, 0.27778	, 360	, 17	,
		, 75	, 0.23753	, 421	, 1	,
		, 91	, 0.29586	, 338	, 27	,
		, 91	, 0.29674	, 337	, 27	,
		, 115	, 0.36630	, 273	, 1	,
		, 126	, 0.40000	, 250	, 23	,
		, 131	, 0.41322	, 242	, 1	,
		, 131	, 0.42194	, 237	, 1	,
		, 131	, 0.42373	, 236	, 1	,
		, 132	, 0.41322	, 242	, 25	,
		, 133	, 0.43103	, 232	, 16	,
		, 176	, 0.60606	, 165	, 36	,
		, 286	, 0.87719	, 114	, 48	,
		, 302	, 0.93458	, 107	, 48	,
		, 311	, 0.95238	, 105	, 48	,
		, 311	, 0.98039	, 102	, 48	,
		, 691	, 2.22222	, 45	, 115	,
		, 721	, 2.32558	, 43	, 123	,
		, 970	, 3.15625	, 32	, 166	,
		, 1079	, 3.51724	, 29	, 179	,
		, 1154	, 3.74074	, 27	, 198	,
		, 1407	, 4.43478	, 23	, 240	,
		, 1524	, 4.76190	, 21	, 239	,
		, 1619	, 5.47368	, 19	, 286	,


 blowfish		,	,	,	,	,
		, 	,	,	,	,
		, 	,	,	,	,
		, 	,	,	,	,
		, 	,	,	,	,
		, 	,	,	,	,
		, 	,	,	,	,
		, 	,	,	,	,
		, 	,	,	,	,
		, 	,	,	,	,
		, 	,	,	,	,
		, 	,	,	,	,
		, 	,	,	,	,
		, 	,	,	,	,
		, 	,	,	,	,
		, 	,	,	,	,
		, 	,	,	,	,
		, 	,	,	,	,
		, 	,	,	,	,
		, 	,	,	,	,
		, 	,	,	,	,
		, 	,	,	,	,
		, 	,	,	,	,
		, 	,	,	,	,
		, 	,	,	,	,
		, 	,	,	,	,
		, 	,	,	,	,
		, 	,	,	,	,
		, 	,	,	,	,
		, 	,	,	,	,
		, 	,	,	,	,
		, 	,	,	,	,
		, 	,	,	,	,
		, 	,	,	,	,
		, 	,	,	,	,
		, 	,	,	,	,
		, 	,	,	,	,
		, 	,	,	,	,
		, 	,	,	,	,
		, 	,	,	,	,
		, 	,	,	,	,
		, 	,	,	,	,
		, 	,	,	,	,
		, 	,	,	,	,
		, 	,	,	,	,
		, 	,	,	,	,
		, 	,	,	,	,
		, 	,	,	,	,
		, 	,	,	,	,
		, 	,	,	,	,
		, 	,	,	,	,
		, 	,	,	,	,
		, 	,	,	,	,


 cjpeg		, 2	, 0.01865	, 5361	, 0	,
		, 2	, 0.01868	, 5353	, 0	,
		, 2	, 0.01979	, 5052	, 0	,
		, 2	, 0.01987	, 5033	, 0	,
		, 2	, 0.01992	, 5020	, 0	,
		, 2	, 0.01994	, 5014	, 0	,
		, 2	, 0.01995	, 5012	, 0	,
		, 2	, 0.01996	, 5009	, 0	,
		, 2	, 0.01997	, 5008	, 0	,
		, 2	, 0.01998	, 5004	, 0	,
		, 2	, 0.01998	, 5005	, 0	,
		, 2	, 0.01999	, 5003	, 0	,
		, 2	, 0.02004	, 4990	, 0	,
		, 2	, 0.02004	, 4989	, 0	,
		, 2	, 0.02007	, 4982	, 0	,
		, 2	, 0.02010	, 4976	, 0	,
		, 2	, 0.02011	, 4973	, 0	,
		, 2	, 0.02011	, 4972	, 0	,
		, 2	, 0.02011	, 4972	, 0	,
		, 2	, 0.02014	, 4965	, 0	,
		, 2	, 0.02015	, 4963	, 0	,
		, 2	, 0.02016	, 4960	, 0	,
		, 2	, 0.02020	, 4950	, 0	,
		, 2	, 0.02022	, 4946	, 0	,
		, 2	, 0.02023	, 4944	, 0	,
		, 2	, 0.02025	, 4939	, 0	,
		, 2	, 0.02025	, 4939	, 0	,
		, 3	, 0.02174	, 4599	, 0	,
		, 3	, 0.02181	, 4585	, 0	,
		, 3	, 0.02285	, 4377	, 0	,
		, 3	, 0.02330	, 4292	, 0	,
		, 3	, 0.02333	, 4286	, 0	,
		, 3	, 0.02345	, 4265	, 0	,
		, 3	, 0.02346	, 4263	, 0	,
		, 3	, 0.02361	, 4235	, 0	,
		, 3	, 0.02361	, 4235	, 0	,
		, 3	, 0.02364	, 4231	, 0	,
		, 3	, 0.02364	, 4230	, 0	,
		, 3	, 0.02364	, 4230	, 0	,
		, 3	, 0.02365	, 4229	, 0	,
		, 3	, 0.02365	, 4228	, 0	,
		, 3	, 0.02368	, 4223	, 0	,
		, 3	, 0.02371	, 4218	, 0	,
		, 3	, 0.02376	, 4208	, 0	,
		, 3	, 0.02391	, 4182	, 1	,
		, 3	, 0.02432	, 4111	, 1	,
		, 3	, 0.02433	, 4110	, 0	,
		, 3	, 0.02436	, 4105	, 1	,
		, 3	, 0.02438	, 4102	, 1	,
		, 3	, 0.02448	, 4085	, 1	,
		, 3	, 0.02452	, 4079	, 1	,
		, 3	, 0.02456	, 4071	, 1	,
		, 4	, 0.02600	, 3846	, 0	,
		, 4	, 0.02670	, 3746	, 1	,
		, 4	, 0.02674	, 3740	, 1	,
		, 4	, 0.02688	, 3720	, 1	,
		, 4	, 0.02690	, 3718	, 1	,
		, 4	, 0.02690	, 3717	, 1	,
		, 4	, 0.02701	, 3703	, 1	,
		, 4	, 0.02707	, 3694	, 1	,
		, 4	, 0.02805	, 3565	, 0	,
		, 4	, 0.02816	, 3551	, 0	,
		, 5	, 0.02992	, 3342	, 1	,
		, 5	, 0.03080	, 3247	, 1	,
		, 5	, 0.03088	, 3238	, 1	,
		, 5	, 0.03149	, 3176	, 2	,
		, 5	, 0.03152	, 3173	, 2	,
		, 5	, 0.03155	, 3170	, 2	,
		, 5	, 0.03171	, 3154	, 2	,
		, 5	, 0.03173	, 3152	, 2	,
		, 5	, 0.03174	, 3151	, 2	,
		, 5	, 0.03178	, 3147	, 2	,
		, 5	, 0.03183	, 3142	, 2	,
		, 6	, 0.03275	, 3053	, 0	,
		, 6	, 0.03370	, 2967	, 1	,
		, 6	, 0.03411	, 2932	, 1	,
		, 6	, 0.03524	, 2838	, 1	,
		, 6	, 0.03525	, 2837	, 1	,
		, 6	, 0.03526	, 2836	, 1	,
		, 6	, 0.03529	, 2834	, 1	,
		, 7	, 0.03755	, 2663	, 2	,
		, 7	, 0.03765	, 2656	, 2	,
		, 7	, 0.03840	, 2604	, 1	,
		, 7	, 0.03861	, 2590	, 1	,
		, 7	, 0.03873	, 2582	, 1	,
		, 7	, 0.03879	, 2578	, 1	,
		, 7	, 0.03884	, 2575	, 1	,
		, 7	, 0.03888	, 2572	, 1	,
		, 7	, 0.03888	, 2572	, 1	,
		, 7	, 0.03891	, 2570	, 1	,
		, 7	, 0.03896	, 2567	, 1	,
		, 7	, 0.03903	, 2562	, 1	,
		, 7	, 0.03925	, 2548	, 1	,
		, 7	, 0.03926	, 2547	, 1	,
		, 7	, 0.03928	, 2546	, 1	,
		, 7	, 0.03931	, 2544	, 1	,
		, 7	, 0.03931	, 2544	, 1	,
		, 7	, 0.03932	, 2543	, 1	,
		, 7	, 0.03943	, 2536	, 1	,
		, 7	, 0.03943	, 2536	, 1	,
		, 7	, 0.03945	, 2535	, 1	,
		, 8	, 0.04153	, 2408	, 2	,
		, 8	, 0.04168	, 2399	, 2	,
		, 8	, 0.04182	, 2391	, 1	,
		, 8	, 0.04198	, 2382	, 1	,
		, 8	, 0.04230	, 2364	, 1	,
		, 9	, 0.04376	, 2285	, 2	,
		, 9	, 0.04378	, 2284	, 1	,
		, 9	, 0.04433	, 2256	, 0	,
		, 9	, 0.04472	, 2236	, 0	,
		, 9	, 0.04515	, 2215	, 0	,
		, 9	, 0.04579	, 2184	, 2	,
		, 9	, 0.04610	, 2169	, 2	,
		, 10	, 0.04386	, 2280	, 1	,
		, 10	, 0.04396	, 2275	, 1	,
		, 10	, 0.04602	, 2173	, 2	,
		, 10	, 0.04697	, 2129	, 2	,
		, 10	, 0.04785	, 2090	, 0	,
		, 10	, 0.04861	, 2057	, 0	,
		, 10	, 0.04864	, 2056	, 3	,
		, 10	, 0.04873	, 2052	, 2	,
		, 10	, 0.04885	, 2047	, 2	,
		, 10	, 0.04885	, 2047	, 2	,
		, 11	, 0.05184	, 1929	, 2	,
		, 11	, 0.05200	, 1923	, 2	,
		, 14	, 0.05828	, 1716	, 0	,
		, 15	, 0.06223	, 1607	, 2	,
		, 15	, 0.06238	, 1603	, 1	,
		, 15	, 0.06250	, 1600	, 2	,
		, 15	, 0.06297	, 1588	, 2	,
		, 34	, 0.12361	, 809	, 4	,
		, 42	, 0.15314	, 653	, 6	,
		, 48	, 0.17422	, 574	, 14	,
		, 137	, 0.48309	, 207	, 0	,


 fft		, 2	, 0.02109	, 4742	, 0	,
		, 3	, 0.02397	, 4172	, 1	,
		, 3	, 0.02428	, 4118	, 1	,
		, 3	, 0.02452	, 4078	, 1	,
		, 3	, 0.02455	, 4073	, 1	,
		, 3	, 0.02461	, 4063	, 1	,
		, 3	, 0.02469	, 4051	, 0	,
		, 3	, 0.02469	, 4050	, 1	,
		, 3	, 0.02497	, 4005	, 0	,
		, 4	, 0.02957	, 3382	, 1	,
		, 5	, 0.03018	, 3313	, 1	,
		, 5	, 0.03025	, 3306	, 1	,
		, 5	, 0.03085	, 3242	, 2	,
		, 5	, 0.03148	, 3177	, 2	,
		, 5	, 0.03225	, 3101	, 1	,
		, 5	, 0.03237	, 3089	, 0	,
		, 6	, 0.03579	, 2794	, 1	,
		, 6	, 0.03592	, 2784	, 1	,
		, 7	, 0.03670	, 2725	, 1	,
		, 7	, 0.03823	, 2616	, 2	,
		, 7	, 0.03828	, 2612	, 0	,
		, 7	, 0.03828	, 2612	, 3	,
		, 7	, 0.03867	, 2586	, 0	,
		, 8	, 0.04122	, 2426	, 2	,
		, 8	, 0.04134	, 2419	, 3	,
		, 8	, 0.04137	, 2417	, 1	,
		, 8	, 0.04221	, 2369	, 0	,
		, 8	, 0.04263	, 2346	, 1	,
		, 8	, 0.04268	, 2343	, 2	,
		, 9	, 0.04274	, 2340	, 2	,
		, 11	, 0.05043	, 1983	, 3	,
		, 12	, 0.05348	, 1870	, 4	,
		, 12	, 0.05461	, 1831	, 2	,
		, 12	, 0.05602	, 1785	, 3	,
		, 12	, 0.05650	, 1770	, 3	,
		, 13	, 0.05488	, 1822	, 1	,
		, 14	, 0.05981	, 1672	, 4	,
		, 15	, 0.06246	, 1601	, 3	,
		, 16	, 0.06234	, 1604	, 1	,
		, 16	, 0.06246	, 1601	, 1	,
		, 19	, 0.07704	, 1298	, 5	,
		, 38	, 0.13477	, 742	, 7	,
		, 52	, 0.18083	, 553	, 10	,


 md5		, 2	, 0.02047	, 4885	, 1	,
		, 3	, 0.02420	, 4132	, 0	,
		, 3	, 0.02442	, 4095	, 1	,
		, 3	, 0.02443	, 4093	, 1	,
		, 4	, 0.02664	, 3754	, 1	,
		, 4	, 0.02674	, 3740	, 1	,
		, 4	, 0.02772	, 3607	, 1	,
		, 5	, 0.03010	, 3322	, 1	,
		, 5	, 0.03015	, 3317	, 1	,
		, 6	, 0.03284	, 3045	, 1	,
		, 7	, 0.03689	, 2711	, 2	,
		, 7	, 0.03757	, 2662	, 2	,
		, 7	, 0.03876	, 2580	, 3	,
		, 10	, 0.04653	, 2149	, 1	,
		, 10	, 0.04715	, 2121	, 1	,
		, 10	, 0.04895	, 2043	, 1	,
		, 11	, 0.05000	, 2000	, 2	,
		, 12	, 0.05510	, 1815	, 2	,
		, 12	, 0.05528	, 1809	, 3	,
		, 12	, 0.05546	, 1803	, 3	,
		, 13	, 0.05650	, 1770	, 2	,
		, 13	, 0.05858	, 1707	, 2	,
		, 15	, 0.06386	, 1566	, 4	,
		, 17	, 0.07037	, 1421	, 2	,
		, 19	, 0.07812	, 1280	, 3	,
		, 20	, 0.07974	, 1254	, 3	,
		, 21	, 0.08170	, 1224	, 5	,
		, 27	, 0.09970	, 1003	, 6	,
		, 37	, 0.13175	, 759	, 6	,
		, 39	, 0.13369	, 748	, 8	,
		, 55	, 0.19231	, 520	, 9	,
		, 87	, 0.28490	, 351	, 21	,
		, 959	, 2.94118	, 34	, 81	,


 sha		, 3	, 0.02392	, 4180	, 0	,
		, 6	, 0.03271	, 3057	, 0	,
		, 7	, 0.03706	, 2698	, 2	,
		, 8	, 0.04055	, 2466	, 2	,
		, 8	, 0.04165	, 2401	, 2	,
		, 8	, 0.04239	, 2359	, 1	,
		, 9	, 0.04560	, 2193	, 0	,
		, 10	, 0.04810	, 2079	, 2	,
		, 10	, 0.04822	, 2074	, 1	,
		, 10	, 0.04929	, 2029	, 1	,
		, 10	, 0.04975	, 2010	, 1	,
		, 10	, 0.04995	, 2002	, 1	,
		, 11	, 0.04990	, 2004	, 2	,
		, 11	, 0.05105	, 1959	, 1	,
		, 12	, 0.05504	, 1817	, 1	,
		, 15	, 0.06258	, 1598	, 2	,
		, 16	, 0.06596	, 1516	, 0	,
		, 19	, 0.07710	, 1297	, 4	,
		, 24	, 0.08726	, 1146	, 6	,
		, 24	, 0.08734	, 1145	, 6	,
		, 24	, 0.08757	, 1142	, 6	,
		, 24	, 0.08780	, 1139	, 6	,
		, 24	, 0.09337	, 1071	, 6	,
		, 25	, 0.09398	, 1064	, 0	,
		, 26	, 0.09606	, 1041	, 5	,
		, 29	, 0.10684	, 936	, 5	,
		, 32	, 0.11299	, 885	, 8	,
		, 33	, 0.11682	, 856	, 5	,
		, 33	, 0.11696	, 855	, 5	,
		, 34	, 0.11919	, 839	, 5	,
		, 35	, 0.12300	, 813	, 5	,
		, 41	, 0.14472	, 691	, 7	,
		, 48	, 0.16639	, 601	, 9	,
		, 53	, 0.18484	, 541	, 9	,
		, 147	, 0.46512	, 215	, 33	,


 sor		, 2	, 0.02059	, 4857	, 1	,
		, 2	, 0.02120	, 4717	, 0	,
		, 3	, 0.02431	, 4113	, 1	,
		, 3	, 0.02448	, 4085	, 0	,
		, 4	, 0.02685	, 3724	, 1	,
		, 5	, 0.02934	, 3408	, 1	,
		, 5	, 0.02943	, 3398	, 1	,
		, 5	, 0.03108	, 3217	, 2	,
		, 5	, 0.03136	, 3189	, 2	,
		, 8	, 0.04158	, 2405	, 3	,
		, 10	, 0.04570	, 2188	, 2	,
		, 10	, 0.04776	, 2094	, 3	,
		, 14	, 0.05685	, 1759	, 1	,
		, 14	, 0.05977	, 1673	, 3	,
		, 15	, 0.06184	, 1617	, 4	,
		, 15	, 0.06341	, 1577	, 3	,
		, 29	, 0.10515	, 951	, 3	,
		, 29	, 0.10799	, 926	, 4	,


 whetstone		, 3	, 0.02285	, 4376	, 0	,
		, 3	, 0.02314	, 4321	, 0	,
		, 3	, 0.02323	, 4305	, 0	,
		, 3	, 0.02398	, 4171	, 0	,
		, 4	, 0.02319	, 4312	, 0	,
		, 4	, 0.02650	, 3774	, 1	,
		, 4	, 0.02715	, 3683	, 0	,
		, 4	, 0.02802	, 3569	, 0	,
		, 5	, 0.02915	, 3430	, 1	,
		, 5	, 0.03011	, 3321	, 1	,
		, 5	, 0.03063	, 3265	, 1	,
		, 6	, 0.03343	, 2991	, 0	,
		, 6	, 0.03473	, 2879	, 1	,
		, 6	, 0.03547	, 2819	, 1	,
		, 7	, 0.03463	, 2888	, 1	,
		, 7	, 0.03670	, 2725	, 2	,
		, 7	, 0.03675	, 2721	, 2	,
		, 7	, 0.03682	, 2716	, 2	,
		, 7	, 0.03711	, 2695	, 2	,
		, 8	, 0.03884	, 2575	, 0	,
		, 8	, 0.04250	, 2353	, 0	,
		, 9	, 0.04232	, 2363	, 2	,
		, 9	, 0.04399	, 2273	, 0	,
		, 10	, 0.04613	, 2168	, 3	,
		, 10	, 0.04854	, 2060	, 2	,
		, 10	, 0.04919	, 2033	, 1	,
		, 12	, 0.05192	, 1926	, 0	,
		, 12	, 0.05537	, 1806	, 4	,
		, 14	, 0.06116	, 1635	, 1	,
		, 14	, 0.06215	, 1609	, 2	,
		, 15	, 0.06238	, 1603	, 0	,
		, 15	, 0.06447	, 1551	, 0	,
		, 18	, 0.07541	, 1326	, 0	,
		, 19	, 0.07669	, 1304	, 3	,
		, 24	, 0.09662	, 1035	, 0	,
		, 29	, 0.10695	, 935	, 6	,
		, 31	, 0.11287	, 886	, 6	,
		, 39	, 0.13699	, 730	, 6	,
		, 39	, 0.14286	, 700	, 18	,
