maxmiso	, size	, time	, it	, cand	,


 adpcm		, 3	, 0.02431	, 4114	, 1	,
		, 3	, 0.02434	, 4109	, 1	,
		, 3	, 0.02447	, 4086	, 1	,
		, 4	, 0.02681	, 3730	, 0	,
		, 5	, 0.03007	, 3326	, 1	,
		, 5	, 0.03022	, 3309	, 1	,
		, 5	, 0.03029	, 3301	, 1	,
		, 5	, 0.03034	, 3296	, 1	,
		, 5	, 0.03120	, 3269	, 1	,
		, 5	, 0.03148	, 3177	, 1	,
		, 6	, 0.03284	, 3045	, 1	,
		, 6	, 0.03287	, 3042	, 1	,
		, 7	, 0.03776	, 2648	, 2	,
		, 7	, 0.03786	, 2641	, 2	,
		, 8	, 0.03884	, 2575	, 0	,
		, 8	, 0.03893	, 2569	, 0	,
		, 10	, 0.04719	, 2119	, 3	,
		, 11	, 0.04719	, 2119	, 2	,
		, 11	, 0.04963	, 2015	, 2	,
		, 11	, 0.05043	, 1983	, 2	,
		, 11	, 0.05048	, 1981	, 2	,
		, 12	, 0.05043	, 1983	, 2	,
		, 12	, 0.05368	, 1863	, 3	,
		, 12	, 0.05429	, 1842	, 1	,
		, 14	, 0.05945	, 1682	, 3	,
		, 14	, 0.05952	, 1680	, 3	,
		, 14	, 0.06353	, 1574	, 1	,
		, 17	, 0.07358	, 1359	, 1	,
		, 18	, 0.07513	, 1331	, 4	,
		, 18	, 0.07536	, 1327	, 4	,
		, 20	, 0.08396	, 1191	, 3	,
		, 21	, 0.08503	, 1176	, 1	,
		, 31	, 0.11274	, 887	, 5	,
		, 38	, 0.13210	, 757	, 6	,
		, 38	, 0.13245	, 755	, 6	,
		, 55	, 0.20367	, 491	, 14	,


 aes		,	,	,	,	,
		, 	,	,	,	,
		, 	,	,	,	,
		, 	,	,	,	,
		, 	,	,	,	,
		, 	,	,	,	,
		, 	,	,	,	,
		, 	,	,	,	,
		, 	,	,	,	,
		, 	,	,	,	,
		, 	,	,	,	,
		, 	,	,	,	,
		, 	,	,	,	,
		, 	,	,	,	,
		, 	,	,	,	,
		, 	,	,	,	,
		, 	,	,	,	,
		, 	,	,	,	,
		, 	,	,	,	,
		, 	,	,	,	,
		, 	,	,	,	,
		, 	,	,	,	,
		, 	,	,	,	,
		, 	,	,	,	,
		, 	,	,	,	,
		, 	,	,	,	,
		, 	,	,	,	,
		, 	,	,	,	,
		, 	,	,	,	,
		, 	,	,	,	,
		, 	,	,	,	,
		, 	,	,	,	,
		, 	,	,	,	,
		, 	,	,	,	,
		, 	,	,	,	,
		, 	,	,	,	,
		, 	,	,	,	,
		, 	,	,	,	,
		, 	,	,	,	,
		, 	,	,	,	,
		, 	,	,	,	,
		, 	,	,	,	,
		, 	,	,	,	,
		, 	,	,	,	,
		, 	,	,	,	,
		, 	,	,	,	,
		, 	,	,	,	,
		, 	,	,	,	,
		, 	,	,	,	,
		, 	,	,	,	,
		, 	,	,	,	,
		, 	,	,	,	,
		, 	,	,	,	,
		, 	,	,	,	,
		, 	,	,	,	,
		, 	,	,	,	,
		, 	,	,	,	,
		, 	,	,	,	,
		, 	,	,	,	,
		, 	,	,	,	,
		, 	,	,	,	,
		, 	,	,	,	,
		, 	,	,	,	,
		, 	,	,	,	,
		, 	,	,	,	,
		, 	,	,	,	,
		, 	,	,	,	,
		, 	,	,	,	,
		, 	,	,	,	,
		, 	,	,	,	,
		, 	,	,	,	,
		, 	,	,	,	,
		, 	,	,	,	,
		, 	,	,	,	,
		, 	,	,	,	,
		, 	,	,	,	,
		, 	,	,	,	,
		, 	,	,	,	,
		, 	,	,	,	,
		, 	,	,	,	,
		, 	,	,	,	,
		, 	,	,	,	,
		, 	,	,	,	,
		, 	,	,	,	,
		, 	,	,	,	,
		, 	,	,	,	,
		, 	,	,	,	,
		, 	,	,	,	,
		, 	,	,	,	,
		, 	,	,	,	,
		, 	,	,	,	,
		, 	,	,	,	,
		, 	,	,	,	,
		, 	,	,	,	,
		, 	,	,	,	,
		, 	,	,	,	,
		, 	,	,	,	,
		, 	,	,	,	,
		, 	,	,	,	,
		, 	,	,	,	,
		, 	,	,	,	,
		, 	,	,	,	,
		, 	,	,	,	,
		, 	,	,	,	,
		, 	,	,	,	,
		, 	,	,	,	,
		, 	,	,	,	,
		, 	,	,	,	,
		, 	,	,	,	,
		, 	,	,	,	,
		, 	,	,	,	,
		, 	,	,	,	,
		, 	,	,	,	,
		, 	,	,	,	,
		, 	,	,	,	,
		, 	,	,	,	,
		, 	,	,	,	,
		, 	,	,	,	,
		, 	,	,	,	,
		, 	,	,	,	,
		, 	,	,	,	,
		, 	,	,	,	,
		, 	,	,	,	,
		, 	,	,	,	,
		, 	,	,	,	,
		, 	,	,	,	,
		, 	,	,	,	,
		, 	,	,	,	,
		, 	,	,	,	,
		, 	,	,	,	,
		, 	,	,	,	,
		, 	,	,	,	,
		, 	,	,	,	,
		, 	,	,	,	,
		, 	,	,	,	,
		, 	,	,	,	,
		, 	,	,	,	,
		, 	,	,	,	,
		, 	,	,	,	,
		, 	,	,	,	,
		, 	,	,	,	,
		, 	,	,	,	,
		, 	,	,	,	,
		, 	,	,	,	,
		, 	,	,	,	,
		, 	,	,	,	,
		, 	,	,	,	,
		, 	,	,	,	,
		, 	,	,	,	,
		, 	,	,	,	,
		, 	,	,	,	,
		, 	,	,	,	,
		, 	,	,	,	,
		, 	,	,	,	,
		, 	,	,	,	,
		, 	,	,	,	,
		, 	,	,	,	,
		, 	,	,	,	,
		, 	,	,	,	,
		, 	,	,	,	,
		, 	,	,	,	,
		, 	,	,	,	,
		, 	,	,	,	,
		, 	,	,	,	,
		, 	,	,	,	,
		, 	,	,	,	,
		, 	,	,	,	,
		, 	,	,	,	,
		, 	,	,	,	,
		, 	,	,	,	,
		, 	,	,	,	,
		, 	,	,	,	,
		, 	,	,	,	,
		, 	,	,	,	,
		, 	,	,	,	,
		, 	,	,	,	,
		, 	,	,	,	,
		, 	,	,	,	,
		, 	,	,	,	,
		, 	,	,	,	,
		, 	,	,	,	,


 blowfish		, 3	, 0.02225	, 4495	, 0	,
		, 3	, 0.02230	, 4484	, 0	,
		, 3	, 0.02404	, 4159	, 0	,
		, 3	, 0.02424	, 4126	, 1	,
		, 5	, 0.02634	, 3797	, 0	,
		, 7	, 0.03731	, 2680	, 2	,
		, 7	, 0.03759	, 2660	, 2	,
		, 7	, 0.03797	, 2634	, 2	,
		, 7	, 0.03807	, 2627	, 1	,
		, 7	, 0.03810	, 2625	, 1	,
		, 8	, 0.03774	, 2650	, 1	,
		, 8	, 0.04005	, 2497	, 3	,
		, 8	, 0.04052	, 2468	, 1	,
		, 8	, 0.04057	, 2465	, 1	,
		, 9	, 0.04314	, 2318	, 2	,
		, 9	, 0.04320	, 2315	, 2	,
		, 9	, 0.04320	, 2315	, 2	,
		, 9	, 0.04323	, 2313	, 2	,
		, 9	, 0.04323	, 2313	, 2	,
		, 9	, 0.04361	, 2293	, 2	,
		, 10	, 0.04593	, 2177	, 2	,
		, 10	, 0.04606	, 2171	, 2	,
		, 10	, 0.04630	, 2160	, 2	,
		, 10	, 0.04632	, 2159	, 2	,
		, 10	, 0.04634	, 2158	, 2	,
		, 10	, 0.04636	, 2157	, 2	,
		, 10	, 0.04892	, 2044	, 2	,
		, 11	, 0.04829	, 2071	, 3	,
		, 11	, 0.05038	, 1985	, 2	,
		, 13	, 0.05653	, 1769	, 3	,
		, 16	, 0.06766	, 1478	, 3	,
		, 16	, 0.06803	, 1470	, 5	,
		, 19	, 0.07645	, 1308	, 4	,
		, 22	, 0.08460	, 1182	, 4	,
		, 22	, 0.08857	, 1129	, 9	,
		, 25	, 0.09425	, 1061	, 5	,
		, 27	, 0.09785	, 1022	, 4	,
		, 38	, 0.13055	, 766	, 6	,
		, 44	, 0.15221	, 657	, 6	,
		, 47	, 0.15552	, 643	, 7	,
		, 49	, 0.16502	, 606	, 8	,
		, 55	, 0.18382	, 544	, 5	,
		, 59	, 0.19417	, 515	, 13	,
		, 64	, 0.21053	, 475	, 15	,
		, 68	, 0.21882	, 457	, 11	,
		, 80	, 0.25445	, 393	, 8	,
		, 98	, 0.31250	, 320	, 22	,
		, 108	, 0.33898	, 295	, 25	,
		, 127	, 0.40816	, 245	, 34	,
		, 127	, 0.42017	, 238	, 21	,
		, 127	, 0.42373	, 236	, 22	,
		, 673	, 2.06122	, 49	, 92	,
		, 674	, 2.08333	, 48	, 92	,


 cjpeg		, 2	, 0.01860	, 5376	, 0	,
		, 2	, 0.01872	, 5342	, 0	,
		, 2	, 0.01979	, 5052	, 0	,
		, 2	, 0.01990	, 5025	, 0	,
		, 2	, 0.01994	, 5016	, 0	,
		, 2	, 0.01998	, 5005	, 0	,
		, 2	, 0.02000	, 4999	, 0	,
		, 2	, 0.02001	, 4998	, 0	,
		, 2	, 0.02002	, 4996	, 0	,
		, 2	, 0.02002	, 4994	, 0	,
		, 2	, 0.02003	, 4993	, 0	,
		, 2	, 0.02005	, 4987	, 0	,
		, 2	, 0.02009	, 4978	, 0	,
		, 2	, 0.02009	, 4977	, 0	,
		, 2	, 0.02010	, 4976	, 0	,
		, 2	, 0.02010	, 4976	, 0	,
		, 2	, 0.02011	, 4973	, 0	,
		, 2	, 0.02013	, 4968	, 0	,
		, 2	, 0.02013	, 4967	, 0	,
		, 2	, 0.02014	, 4964	, 0	,
		, 2	, 0.02016	, 4960	, 0	,
		, 2	, 0.02017	, 4959	, 0	,
		, 2	, 0.02019	, 4954	, 0	,
		, 2	, 0.02023	, 4943	, 0	,
		, 2	, 0.02023	, 4942	, 0	,
		, 2	, 0.02027	, 4934	, 0	,
		, 2	, 0.02000	, 5000	, 0	,
		, 3	, 0.02192	, 4562	, 0	,
		, 3	, 0.02197	, 4551	, 0	,
		, 3	, 0.02312	, 4326	, 0	,
		, 3	, 0.02328	, 4295	, 0	,
		, 3	, 0.02348	, 4259	, 0	,
		, 3	, 0.02357	, 4243	, 0	,
		, 3	, 0.02358	, 4241	, 0	,
		, 3	, 0.02362	, 4234	, 0	,
		, 3	, 0.02365	, 4228	, 0	,
		, 3	, 0.02366	, 4227	, 0	,
		, 3	, 0.02369	, 4222	, 0	,
		, 3	, 0.02372	, 4215	, 0	,
		, 3	, 0.02379	, 4204	, 0	,
		, 3	, 0.02384	, 4194	, 0	,
		, 3	, 0.02389	, 4185	, 0	,
		, 3	, 0.02389	, 4185	, 0	,
		, 3	, 0.02398	, 4171	, 0	,
		, 3	, 0.02408	, 4152	, 1	,
		, 3	, 0.02435	, 4106	, 0	,
		, 3	, 0.02457	, 4070	, 1	,
		, 3	, 0.02464	, 4059	, 1	,
		, 3	, 0.02469	, 4050	, 1	,
		, 3	, 0.02471	, 4047	, 1	,
		, 3	, 0.02477	, 4037	, 1	,
		, 3	, 0.02480	, 4032	, 1	,
		, 4	, 0.02557	, 3911	, 0	,
		, 4	, 0.02681	, 3730	, 1	,
		, 4	, 0.02683	, 3727	, 1	,
		, 4	, 0.02687	, 3722	, 1	,
		, 4	, 0.02687	, 3721	, 1	,
		, 4	, 0.02701	, 3702	, 1	,
		, 4	, 0.02704	, 3698	, 1	,
		, 4	, 0.02710	, 3690	, 1	,
		, 4	, 0.02805	, 3565	, 0	,
		, 4	, 0.02808	, 3561	, 0	,
		, 5	, 0.02987	, 3348	, 1	,
		, 5	, 0.03071	, 3256	, 1	,
		, 5	, 0.03122	, 3203	, 1	,
		, 5	, 0.03147	, 3178	, 2	,
		, 5	, 0.03148	, 3177	, 2	,
		, 5	, 0.03149	, 3176	, 2	,
		, 5	, 0.03150	, 3175	, 2	,
		, 5	, 0.03152	, 3173	, 2	,
		, 5	, 0.03165	, 3160	, 2	,
		, 5	, 0.03175	, 3150	, 2	,
		, 5	, 0.03184	, 3141	, 2	,
		, 6	, 0.03226	, 3100	, 0	,
		, 6	, 0.03396	, 2945	, 1	,
		, 6	, 0.03493	, 2863	, 1	,
		, 6	, 0.03503	, 2855	, 1	,
		, 6	, 0.03504	, 2854	, 1	,
		, 6	, 0.03514	, 2846	, 1	,
		, 6	, 0.03526	, 2836	, 1	,
		, 7	, 0.03782	, 2644	, 2	,
		, 7	, 0.03814	, 2622	, 2	,
		, 7	, 0.03857	, 2593	, 1	,
		, 7	, 0.03858	, 2592	, 1	,
		, 7	, 0.03861	, 2590	, 1	,
		, 7	, 0.03864	, 2588	, 1	,
		, 7	, 0.03865	, 2587	, 1	,
		, 7	, 0.03865	, 2587	, 1	,
		, 7	, 0.03868	, 2585	, 1	,
		, 7	, 0.03876	, 2580	, 1	,
		, 7	, 0.03887	, 2573	, 1	,
		, 7	, 0.03897	, 2566	, 1	,
		, 7	, 0.03903	, 2562	, 1	,
		, 7	, 0.03906	, 2560	, 1	,
		, 7	, 0.03912	, 2556	, 1	,
		, 7	, 0.03914	, 2555	, 1	,
		, 7	, 0.03915	, 2554	, 1	,
		, 7	, 0.03915	, 2554	, 1	,
		, 7	, 0.03923	, 2549	, 1	,
		, 7	, 0.03946	, 2534	, 1	,
		, 7	, 0.03957	, 2527	, 1	,
		, 8	, 0.04139	, 2416	, 2	,
		, 8	, 0.04142	, 2414	, 1	,
		, 8	, 0.04179	, 2393	, 2	,
		, 8	, 0.04225	, 2367	, 1	,
		, 8	, 0.04228	, 2365	, 1	,
		, 9	, 0.04384	, 2281	, 2	,
		, 9	, 0.04394	, 2276	, 0	,
		, 9	, 0.04454	, 2245	, 1	,
		, 9	, 0.04519	, 2213	, 0	,
		, 9	, 0.04527	, 2209	, 0	,
		, 9	, 0.04596	, 2176	, 2	,
		, 9	, 0.04627	, 2161	, 2	,
		, 10	, 0.04382	, 2282	, 1	,
		, 10	, 0.04384	, 2281	, 1	,
		, 10	, 0.04579	, 2184	, 2	,
		, 10	, 0.04739	, 2110	, 2	,
		, 10	, 0.04798	, 2084	, 0	,
		, 10	, 0.04857	, 2059	, 3	,
		, 10	, 0.04859	, 2058	, 2	,
		, 10	, 0.04864	, 2056	, 2	,
		, 10	, 0.04936	, 2026	, 0	,
		, 10	, 0.05043	, 1983	, 2	,
		, 11	, 0.05189	, 1927	, 2	,
		, 11	, 0.05247	, 1906	, 2	,
		, 14	, 0.05900	, 1695	, 0	,
		, 15	, 0.06297	, 1588	, 1	,
		, 15	, 0.06297	, 1588	, 2	,
		, 15	, 0.06313	, 1584	, 2	,
		, 15	, 0.06313	, 1584	, 2	,
		, 34	, 0.12547	, 797	, 4	,
		, 42	, 0.15385	, 650	, 6	,
		, 48	, 0.17794	, 562	, 14	,
		, 137	, 0.49261	, 203	, 0	,


 fft		, 2	, 0.02117	, 4724	, 0	,
		, 3	, 0.02386	, 4192	, 1	,
		, 3	, 0.02393	, 4179	, 1	,
		, 3	, 0.02432	, 4111	, 1	,
		, 3	, 0.02440	, 4099	, 1	,
		, 3	, 0.02440	, 4098	, 1	,
		, 3	, 0.02447	, 4087	, 1	,
		, 3	, 0.02453	, 4076	, 0	,
		, 3	, 0.02470	, 4049	, 0	,
		, 4	, 0.02939	, 3403	, 1	,
		, 5	, 0.02989	, 3346	, 1	,
		, 5	, 0.02999	, 3334	, 1	,
		, 5	, 0.03061	, 3267	, 2	,
		, 5	, 0.03141	, 3184	, 1	,
		, 5	, 0.03142	, 3183	, 2	,
		, 5	, 0.03225	, 3101	, 0	,
		, 6	, 0.03542	, 2823	, 1	,
		, 6	, 0.03544	, 2822	, 1	,
		, 7	, 0.03640	, 2747	, 1	,
		, 7	, 0.03805	, 2628	, 2	,
		, 7	, 0.03810	, 2625	, 0	,
		, 7	, 0.03814	, 2622	, 3	,
		, 7	, 0.03876	, 2580	, 0	,
		, 8	, 0.04088	, 2446	, 3	,
		, 8	, 0.04110	, 2433	, 2	,
		, 8	, 0.04115	, 2430	, 0	,
		, 8	, 0.04115	, 2430	, 1	,
		, 8	, 0.04161	, 2403	, 1	,
		, 8	, 0.04216	, 2372	, 2	,
		, 9	, 0.04246	, 2355	, 2	,
		, 11	, 0.05033	, 1987	, 3	,
		, 12	, 0.05330	, 1876	, 4	,
		, 12	, 0.05444	, 1837	, 2	,
		, 12	, 0.05587	, 1790	, 3	,
		, 12	, 0.05615	, 1781	, 3	,
		, 13	, 0.05423	, 1844	, 1	,
		, 14	, 0.05984	, 1671	, 4	,
		, 15	, 0.06238	, 1603	, 3	,
		, 16	, 0.06196	, 1614	, 1	,
		, 16	, 0.06211	, 1610	, 1	,
		, 19	, 0.07722	, 1295	, 5	,
		, 38	, 0.13495	, 741	, 7	,
		, 52	, 0.18116	, 552	, 10	,


 md5		,	,	,	,	,
		, 	,	,	,	,
		, 	,	,	,	,
		, 	,	,	,	,
		, 	,	,	,	,
		, 	,	,	,	,
		, 	,	,	,	,
		, 	,	,	,	,
		, 	,	,	,	,
		, 	,	,	,	,
		, 	,	,	,	,
		, 	,	,	,	,
		, 	,	,	,	,
		, 	,	,	,	,
		, 	,	,	,	,
		, 	,	,	,	,
		, 	,	,	,	,
		, 	,	,	,	,
		, 	,	,	,	,
		, 	,	,	,	,
		, 	,	,	,	,
		, 	,	,	,	,
		, 	,	,	,	,
		, 	,	,	,	,


 sha		, 3	, 0.02433	, 4110	, 0	,
		, 6	, 0.03324	, 3008	, 0	,
		, 7	, 0.03660	, 2732	, 2	,
		, 8	, 0.04042	, 2474	, 2	,
		, 8	, 0.04136	, 2418	, 2	,
		, 8	, 0.04346	, 2301	, 1	,
		, 9	, 0.04664	, 2144	, 0	,
		, 10	, 0.04815	, 2077	, 1	,
		, 10	, 0.04880	, 2049	, 2	,
		, 10	, 0.04978	, 2009	, 1	,
		, 10	, 0.05010	, 1996	, 1	,
		, 10	, 0.05033	, 1987	, 1	,
		, 11	, 0.05008	, 1997	, 2	,
		, 11	, 0.05102	, 1960	, 1	,
		, 12	, 0.05510	, 1815	, 1	,
		, 15	, 0.06188	, 1616	, 2	,
		, 16	, 0.06489	, 1541	, 0	,
		, 19	, 0.07669	, 1304	, 4	,
		, 24	, 0.08726	, 1146	, 6	,
		, 24	, 0.08734	, 1145	, 6	,
		, 24	, 0.08811	, 1135	, 6	,
		, 24	, 0.08873	, 1127	, 6	,
		, 24	, 0.09355	, 1069	, 6	,
		, 25	, 0.09398	, 1064	, 0	,
		, 26	, 0.09461	, 1057	, 5	,
		, 29	, 0.10638	, 940	, 5	,
		, 32	, 0.11351	, 881	, 8	,
		, 33	, 0.11696	, 855	, 5	,
		, 33	, 0.11696	, 855	, 5	,
		, 34	, 0.11905	, 840	, 5	,
		, 35	, 0.12300	, 813	, 5	,
		, 41	, 0.14368	, 696	, 7	,
		, 48	, 0.16447	, 608	, 9	,
		, 53	, 0.18553	, 539	, 9	,
		, 147	, 0.46296	, 216	, 33	,


 sor		, 2	, 0.02050	, 4877	, 1	,
		, 2	, 0.02101	, 4760	, 0	,
		, 3	, 0.02442	, 4095	, 1	,
		, 3	, 0.02456	, 4071	, 0	,
		, 4	, 0.02689	, 3719	, 1	,
		, 5	, 0.02931	, 3412	, 1	,
		, 5	, 0.02936	, 3406	, 1	,
		, 5	, 0.03114	, 3211	, 2	,
		, 5	, 0.03150	, 3175	, 2	,
		, 8	, 0.04174	, 2396	, 3	,
		, 10	, 0.04598	, 2175	, 2	,
		, 10	, 0.04773	, 2095	, 3	,
		, 14	, 0.05672	, 1763	, 1	,
		, 14	, 0.05949	, 1681	, 3	,
		, 15	, 0.06215	, 1609	, 4	,
		, 15	, 0.06321	, 1582	, 3	,
		, 29	, 0.10616	, 942	, 3	,
		, 29	, 0.10616	, 942	, 4	,


 whetstone		, 3	, 0.02286	, 4374	, 0	,
		, 3	, 0.02318	, 4315	, 0	,
		, 3	, 0.02323	, 4304	, 0	,
		, 3	, 0.02384	, 4194	, 0	,
		, 4	, 0.02320	, 4311	, 0	,
		, 4	, 0.02650	, 3774	, 1	,
		, 4	, 0.02737	, 3654	, 0	,
		, 4	, 0.02822	, 3544	, 0	,
		, 5	, 0.02925	, 3419	, 1	,
		, 5	, 0.03000	, 3333	, 1	,
		, 5	, 0.03044	, 3285	, 1	,
		, 6	, 0.03322	, 3010	, 0	,
		, 6	, 0.03454	, 2895	, 1	,
		, 6	, 0.03484	, 2870	, 1	,
		, 7	, 0.03460	, 2890	, 1	,
		, 7	, 0.03663	, 2730	, 2	,
		, 7	, 0.03663	, 2730	, 2	,
		, 7	, 0.03681	, 2717	, 2	,
		, 7	, 0.03691	, 2709	, 2	,
		, 8	, 0.03877	, 2579	, 0	,
		, 8	, 0.04198	, 2382	, 0	,
		, 9	, 0.04216	, 2372	, 2	,
		, 9	, 0.04350	, 2299	, 0	,
		, 10	, 0.04625	, 2162	, 3	,
		, 10	, 0.04843	, 2065	, 2	,
		, 10	, 0.04892	, 2044	, 1	,
		, 12	, 0.05157	, 1939	, 0	,
		, 12	, 0.05498	, 1819	, 4	,
		, 14	, 0.06057	, 1651	, 1	,
		, 14	, 0.06192	, 1615	, 2	,
		, 15	, 0.06227	, 1606	, 0	,
		, 15	, 0.06414	, 1559	, 0	,
		, 18	, 0.07496	, 1334	, 0	,
		, 19	, 0.07651	, 1307	, 3	,
		, 24	, 0.09671	, 1034	, 0	,
		, 29	, 0.10764	, 929	, 6	,
		, 31	, 0.11236	, 890	, 6	,
		, 39	, 0.13774	, 726	, 6	,
		, 39	, 0.14184	, 705	, 18	,
