maxmiso	, size	, time	, it	, cand	,


 adpcm		, 3	, 0.02430	, 4115	, 1	,
		, 3	, 0.02430	, 4115	, 1	,
		, 3	, 0.02432	, 4111	, 1	,
		, 4	, 0.02698	, 3707	, 0	,
		, 5	, 0.03000	, 3333	, 1	,
		, 5	, 0.03005	, 3328	, 1	,
		, 5	, 0.03009	, 3323	, 1	,
		, 5	, 0.03028	, 3302	, 1	,
		, 5	, 0.03031	, 3299	, 1	,
		, 5	, 0.03142	, 3183	, 1	,
		, 6	, 0.03286	, 3043	, 1	,
		, 6	, 0.03289	, 3040	, 1	,
		, 7	, 0.03751	, 2666	, 2	,
		, 7	, 0.03754	, 2664	, 2	,
		, 8	, 0.03940	, 2538	, 0	,
		, 8	, 0.03953	, 2530	, 0	,
		, 10	, 0.04717	, 2120	, 3	,
		, 11	, 0.04699	, 2128	, 2	,
		, 11	, 0.04963	, 2015	, 2	,
		, 11	, 0.05010	, 1996	, 2	,
		, 11	, 0.05013	, 1995	, 2	,
		, 12	, 0.04993	, 2003	, 2	,
		, 12	, 0.05342	, 1872	, 3	,
		, 12	, 0.05423	, 1844	, 1	,
		, 14	, 0.05889	, 1698	, 3	,
		, 14	, 0.05935	, 1685	, 3	,
		, 14	, 0.06301	, 1587	, 1	,
		, 17	, 0.07283	, 1373	, 1	,
		, 18	, 0.07502	, 1333	, 4	,
		, 18	, 0.07508	, 1332	, 4	,
		, 20	, 0.08285	, 1207	, 3	,
		, 21	, 0.08453	, 1183	, 1	,
		, 31	, 0.11236	, 890	, 5	,
		, 38	, 0.13141	, 761	, 6	,
		, 38	, 0.13210	, 757	, 6	,
		, 55	, 0.20161	, 496	, 14	,


 aes		,	,	,	,	,
		, 	,	,	,	,
		, 	,	,	,	,
		, 	,	,	,	,
		, 	,	,	,	,
		, 	,	,	,	,
		, 	,	,	,	,
		, 	,	,	,	,
		, 	,	,	,	,
		, 	,	,	,	,
		, 	,	,	,	,
		, 	,	,	,	,
		, 	,	,	,	,
		, 	,	,	,	,
		, 	,	,	,	,
		, 	,	,	,	,
		, 	,	,	,	,
		, 	,	,	,	,
		, 	,	,	,	,
		, 	,	,	,	,
		, 	,	,	,	,
		, 	,	,	,	,
		, 	,	,	,	,
		, 	,	,	,	,
		, 	,	,	,	,
		, 	,	,	,	,
		, 	,	,	,	,
		, 	,	,	,	,
		, 	,	,	,	,
		, 	,	,	,	,
		, 	,	,	,	,
		, 	,	,	,	,
		, 	,	,	,	,
		, 	,	,	,	,
		, 	,	,	,	,
		, 	,	,	,	,
		, 	,	,	,	,
		, 	,	,	,	,
		, 	,	,	,	,
		, 	,	,	,	,
		, 	,	,	,	,
		, 	,	,	,	,
		, 	,	,	,	,
		, 	,	,	,	,
		, 	,	,	,	,
		, 	,	,	,	,
		, 	,	,	,	,
		, 	,	,	,	,
		, 	,	,	,	,
		, 	,	,	,	,
		, 	,	,	,	,
		, 	,	,	,	,
		, 	,	,	,	,
		, 	,	,	,	,
		, 	,	,	,	,
		, 	,	,	,	,
		, 	,	,	,	,
		, 	,	,	,	,
		, 	,	,	,	,
		, 	,	,	,	,
		, 	,	,	,	,
		, 	,	,	,	,
		, 	,	,	,	,
		, 	,	,	,	,
		, 	,	,	,	,
		, 	,	,	,	,
		, 	,	,	,	,
		, 	,	,	,	,
		, 	,	,	,	,
		, 	,	,	,	,
		, 	,	,	,	,
		, 	,	,	,	,
		, 	,	,	,	,
		, 	,	,	,	,
		, 	,	,	,	,
		, 	,	,	,	,
		, 	,	,	,	,
		, 	,	,	,	,
		, 	,	,	,	,
		, 	,	,	,	,
		, 	,	,	,	,
		, 	,	,	,	,
		, 	,	,	,	,
		, 	,	,	,	,
		, 	,	,	,	,
		, 	,	,	,	,
		, 	,	,	,	,
		, 	,	,	,	,
		, 	,	,	,	,
		, 	,	,	,	,
		, 	,	,	,	,
		, 	,	,	,	,
		, 	,	,	,	,
		, 	,	,	,	,
		, 	,	,	,	,
		, 	,	,	,	,
		, 	,	,	,	,
		, 	,	,	,	,
		, 	,	,	,	,
		, 	,	,	,	,
		, 	,	,	,	,
		, 	,	,	,	,
		, 	,	,	,	,
		, 	,	,	,	,
		, 	,	,	,	,
		, 	,	,	,	,
		, 	,	,	,	,
		, 	,	,	,	,
		, 	,	,	,	,
		, 	,	,	,	,
		, 	,	,	,	,
		, 	,	,	,	,
		, 	,	,	,	,
		, 	,	,	,	,
		, 	,	,	,	,
		, 	,	,	,	,
		, 	,	,	,	,
		, 	,	,	,	,
		, 	,	,	,	,
		, 	,	,	,	,
		, 	,	,	,	,
		, 	,	,	,	,
		, 	,	,	,	,
		, 	,	,	,	,
		, 	,	,	,	,
		, 	,	,	,	,
		, 	,	,	,	,
		, 	,	,	,	,
		, 	,	,	,	,
		, 	,	,	,	,
		, 	,	,	,	,
		, 	,	,	,	,
		, 	,	,	,	,
		, 	,	,	,	,
		, 	,	,	,	,
		, 	,	,	,	,
		, 	,	,	,	,
		, 	,	,	,	,
		, 	,	,	,	,
		, 	,	,	,	,
		, 	,	,	,	,
		, 	,	,	,	,
		, 	,	,	,	,
		, 	,	,	,	,
		, 	,	,	,	,
		, 	,	,	,	,
		, 	,	,	,	,
		, 	,	,	,	,
		, 	,	,	,	,
		, 	,	,	,	,
		, 	,	,	,	,
		, 	,	,	,	,
		, 	,	,	,	,
		, 	,	,	,	,
		, 	,	,	,	,
		, 	,	,	,	,
		, 	,	,	,	,
		, 	,	,	,	,
		, 	,	,	,	,
		, 	,	,	,	,
		, 	,	,	,	,
		, 	,	,	,	,
		, 	,	,	,	,
		, 	,	,	,	,
		, 	,	,	,	,
		, 	,	,	,	,
		, 	,	,	,	,
		, 	,	,	,	,
		, 	,	,	,	,
		, 	,	,	,	,
		, 	,	,	,	,
		, 	,	,	,	,
		, 	,	,	,	,
		, 	,	,	,	,
		, 	,	,	,	,
		, 	,	,	,	,
		, 	,	,	,	,
		, 	,	,	,	,
		, 	,	,	,	,
		, 	,	,	,	,
		, 	,	,	,	,


 blowfish		, 3	, 0.02227	, 4490	, 0	,
		, 3	, 0.02257	, 4431	, 0	,
		, 3	, 0.02416	, 4139	, 0	,
		, 3	, 0.02435	, 4106	, 1	,
		, 5	, 0.02628	, 3805	, 0	,
		, 7	, 0.03744	, 2671	, 2	,
		, 7	, 0.03758	, 2661	, 2	,
		, 7	, 0.03807	, 2627	, 1	,
		, 7	, 0.03818	, 2619	, 1	,
		, 7	, 0.03824	, 2615	, 2	,
		, 8	, 0.03818	, 2619	, 1	,
		, 8	, 0.04006	, 2496	, 3	,
		, 8	, 0.04058	, 2464	, 1	,
		, 8	, 0.04092	, 2444	, 1	,
		, 9	, 0.04325	, 2312	, 2	,
		, 9	, 0.04331	, 2309	, 2	,
		, 9	, 0.04346	, 2301	, 2	,
		, 9	, 0.04353	, 2297	, 2	,
		, 9	, 0.04363	, 2292	, 2	,
		, 9	, 0.04365	, 2291	, 2	,
		, 10	, 0.04602	, 2173	, 2	,
		, 10	, 0.04613	, 2168	, 2	,
		, 10	, 0.04619	, 2165	, 2	,
		, 10	, 0.04621	, 2164	, 2	,
		, 10	, 0.04664	, 2144	, 2	,
		, 10	, 0.04666	, 2143	, 2	,
		, 10	, 0.04931	, 2028	, 2	,
		, 11	, 0.04897	, 2042	, 3	,
		, 11	, 0.05043	, 1983	, 2	,
		, 13	, 0.05647	, 1771	, 3	,
		, 16	, 0.06807	, 1469	, 5	,
		, 16	, 0.06821	, 1466	, 3	,
		, 19	, 0.07564	, 1322	, 4	,
		, 22	, 0.08446	, 1184	, 4	,
		, 22	, 0.08881	, 1126	, 9	,
		, 25	, 0.09461	, 1057	, 5	,
		, 27	, 0.09833	, 1017	, 4	,
		, 38	, 0.13055	, 766	, 6	,
		, 44	, 0.15083	, 663	, 6	,
		, 47	, 0.15723	, 636	, 7	,
		, 49	, 0.16475	, 607	, 8	,
		, 55	, 0.18416	, 543	, 5	,
		, 59	, 0.19305	, 518	, 13	,
		, 64	, 0.20964	, 477	, 15	,
		, 68	, 0.21882	, 457	, 11	,
		, 80	, 0.25381	, 394	, 8	,
		, 98	, 0.31250	, 320	, 22	,
		, 108	, 0.34014	, 294	, 25	,
		, 127	, 0.41152	, 243	, 34	,
		, 127	, 0.42373	, 236	, 21	,
		, 127	, 0.42553	, 235	, 22	,
		, 673	, 2.06122	, 49	, 92	,
		, 674	, 2.10417	, 48	, 92	,


 cjpeg		, 2	, 0.01848	, 5412	, 0	,
		, 2	, 0.01848	, 5412	, 0	,
		, 2	, 0.01954	, 5119	, 0	,
		, 2	, 0.01979	, 5053	, 0	,
		, 2	, 0.01981	, 5047	, 0	,
		, 2	, 0.01981	, 5047	, 0	,
		, 2	, 0.01983	, 5042	, 0	,
		, 2	, 0.01983	, 5042	, 0	,
		, 2	, 0.01984	, 5040	, 0	,
		, 2	, 0.01988	, 5030	, 0	,
		, 2	, 0.01990	, 5026	, 0	,
		, 2	, 0.01991	, 5022	, 0	,
		, 2	, 0.01992	, 5019	, 0	,
		, 2	, 0.01993	, 5017	, 0	,
		, 2	, 0.01995	, 5013	, 0	,
		, 2	, 0.01996	, 5011	, 0	,
		, 2	, 0.01996	, 5009	, 0	,
		, 2	, 0.01997	, 5008	, 0	,
		, 2	, 0.01997	, 5007	, 0	,
		, 2	, 0.01999	, 5003	, 0	,
		, 2	, 0.01999	, 5003	, 0	,
		, 2	, 0.02000	, 5001	, 0	,
		, 2	, 0.02000	, 4999	, 0	,
		, 2	, 0.02001	, 4997	, 0	,
		, 2	, 0.02002	, 4996	, 0	,
		, 2	, 0.02004	, 4991	, 0	,
		, 2	, 0.02009	, 4977	, 0	,
		, 3	, 0.02164	, 4621	, 0	,
		, 3	, 0.02192	, 4562	, 0	,
		, 3	, 0.02289	, 4369	, 0	,
		, 3	, 0.02308	, 4332	, 0	,
		, 3	, 0.02316	, 4318	, 0	,
		, 3	, 0.02324	, 4303	, 0	,
		, 3	, 0.02326	, 4300	, 0	,
		, 3	, 0.02333	, 4287	, 0	,
		, 3	, 0.02333	, 4286	, 0	,
		, 3	, 0.02334	, 4284	, 0	,
		, 3	, 0.02338	, 4278	, 0	,
		, 3	, 0.02338	, 4277	, 0	,
		, 3	, 0.02340	, 4274	, 0	,
		, 3	, 0.02343	, 4268	, 0	,
		, 3	, 0.02343	, 4268	, 0	,
		, 3	, 0.02348	, 4259	, 0	,
		, 3	, 0.02353	, 4249	, 0	,
		, 3	, 0.02388	, 4187	, 1	,
		, 3	, 0.02415	, 4141	, 0	,
		, 3	, 0.02434	, 4109	, 1	,
		, 3	, 0.02437	, 4103	, 1	,
		, 3	, 0.02441	, 4097	, 1	,
		, 3	, 0.02447	, 4086	, 1	,
		, 3	, 0.02459	, 4067	, 1	,
		, 3	, 0.02464	, 4058	, 1	,
		, 4	, 0.02580	, 3876	, 0	,
		, 4	, 0.02667	, 3749	, 1	,
		, 4	, 0.02670	, 3745	, 1	,
		, 4	, 0.02688	, 3720	, 1	,
		, 4	, 0.02690	, 3718	, 1	,
		, 4	, 0.02692	, 3715	, 1	,
		, 4	, 0.02692	, 3715	, 1	,
		, 4	, 0.02694	, 3712	, 1	,
		, 4	, 0.02774	, 3605	, 0	,
		, 4	, 0.02796	, 3576	, 0	,
		, 5	, 0.03009	, 3323	, 1	,
		, 5	, 0.03070	, 3257	, 1	,
		, 5	, 0.03123	, 3202	, 1	,
		, 5	, 0.03128	, 3197	, 2	,
		, 5	, 0.03140	, 3185	, 2	,
		, 5	, 0.03142	, 3183	, 2	,
		, 5	, 0.03153	, 3172	, 2	,
		, 5	, 0.03157	, 3168	, 2	,
		, 5	, 0.03158	, 3167	, 2	,
		, 5	, 0.03159	, 3166	, 2	,
		, 5	, 0.03171	, 3154	, 2	,
		, 6	, 0.03197	, 3128	, 0	,
		, 6	, 0.03374	, 2964	, 1	,
		, 6	, 0.03421	, 2923	, 1	,
		, 6	, 0.03469	, 2883	, 1	,
		, 6	, 0.03472	, 2880	, 1	,
		, 6	, 0.03495	, 2861	, 1	,
		, 6	, 0.03501	, 2856	, 1	,
		, 7	, 0.03743	, 2672	, 2	,
		, 7	, 0.03772	, 2651	, 2	,
		, 7	, 0.03818	, 2619	, 1	,
		, 7	, 0.03843	, 2602	, 1	,
		, 7	, 0.03845	, 2601	, 1	,
		, 7	, 0.03846	, 2600	, 1	,
		, 7	, 0.03846	, 2600	, 1	,
		, 7	, 0.03848	, 2599	, 1	,
		, 7	, 0.03855	, 2594	, 1	,
		, 7	, 0.03857	, 2593	, 1	,
		, 7	, 0.03865	, 2587	, 1	,
		, 7	, 0.03885	, 2574	, 1	,
		, 7	, 0.03888	, 2572	, 1	,
		, 7	, 0.03890	, 2571	, 1	,
		, 7	, 0.03890	, 2571	, 1	,
		, 7	, 0.03891	, 2570	, 1	,
		, 7	, 0.03900	, 2564	, 1	,
		, 7	, 0.03903	, 2562	, 1	,
		, 7	, 0.03903	, 2562	, 1	,
		, 7	, 0.03906	, 2560	, 1	,
		, 7	, 0.03917	, 2553	, 1	,
		, 8	, 0.04088	, 2446	, 2	,
		, 8	, 0.04105	, 2436	, 1	,
		, 8	, 0.04134	, 2419	, 1	,
		, 8	, 0.04137	, 2417	, 1	,
		, 8	, 0.04141	, 2415	, 2	,
		, 9	, 0.04292	, 2330	, 2	,
		, 9	, 0.04338	, 2305	, 0	,
		, 9	, 0.04348	, 2300	, 1	,
		, 9	, 0.04384	, 2281	, 0	,
		, 9	, 0.04464	, 2240	, 0	,
		, 9	, 0.04570	, 2188	, 2	,
		, 9	, 0.04572	, 2187	, 2	,
		, 10	, 0.04352	, 2298	, 1	,
		, 10	, 0.04353	, 2297	, 1	,
		, 10	, 0.04527	, 2209	, 2	,
		, 10	, 0.04675	, 2139	, 2	,
		, 10	, 0.04753	, 2104	, 0	,
		, 10	, 0.04755	, 2103	, 3	,
		, 10	, 0.04808	, 2080	, 0	,
		, 10	, 0.04829	, 2071	, 2	,
		, 10	, 0.04840	, 2066	, 2	,
		, 10	, 0.04909	, 2037	, 2	,
		, 11	, 0.05131	, 1949	, 2	,
		, 11	, 0.05152	, 1941	, 2	,
		, 14	, 0.05774	, 1732	, 0	,
		, 15	, 0.06215	, 1609	, 2	,
		, 15	, 0.06231	, 1605	, 1	,
		, 15	, 0.06246	, 1601	, 2	,
		, 15	, 0.06246	, 1601	, 2	,
		, 34	, 0.12361	, 809	, 4	,
		, 42	, 0.15174	, 659	, 6	,
		, 48	, 0.17513	, 571	, 14	,
		, 137	, 0.49505	, 202	, 0	,


 fft		, 2	, 0.02116	, 4727	, 0	,
		, 3	, 0.02386	, 4192	, 1	,
		, 3	, 0.02387	, 4190	, 1	,
		, 3	, 0.02434	, 4108	, 1	,
		, 3	, 0.02441	, 4097	, 1	,
		, 3	, 0.02443	, 4093	, 1	,
		, 3	, 0.02444	, 4092	, 1	,
		, 3	, 0.02464	, 4059	, 0	,
		, 3	, 0.02471	, 4047	, 0	,
		, 4	, 0.02934	, 3408	, 1	,
		, 5	, 0.02979	, 3357	, 1	,
		, 5	, 0.03028	, 3302	, 1	,
		, 5	, 0.03058	, 3270	, 2	,
		, 5	, 0.03119	, 3206	, 2	,
		, 5	, 0.03167	, 3158	, 0	,
		, 5	, 0.03168	, 3157	, 1	,
		, 6	, 0.03571	, 2800	, 1	,
		, 6	, 0.03571	, 2800	, 1	,
		, 7	, 0.03636	, 2750	, 1	,
		, 7	, 0.03771	, 2652	, 0	,
		, 7	, 0.03775	, 2649	, 2	,
		, 7	, 0.03795	, 2635	, 3	,
		, 7	, 0.03867	, 2586	, 0	,
		, 8	, 0.04077	, 2453	, 2	,
		, 8	, 0.04102	, 2438	, 3	,
		, 8	, 0.04110	, 2433	, 0	,
		, 8	, 0.04122	, 2426	, 1	,
		, 8	, 0.04163	, 2402	, 1	,
		, 8	, 0.04212	, 2374	, 2	,
		, 9	, 0.04255	, 2350	, 2	,
		, 11	, 0.05058	, 1977	, 3	,
		, 12	, 0.05316	, 1881	, 4	,
		, 12	, 0.05423	, 1844	, 2	,
		, 12	, 0.05574	, 1794	, 3	,
		, 12	, 0.05577	, 1793	, 3	,
		, 13	, 0.05473	, 1827	, 1	,
		, 14	, 0.05977	, 1673	, 4	,
		, 15	, 0.06258	, 1598	, 3	,
		, 16	, 0.06192	, 1615	, 1	,
		, 16	, 0.06203	, 1612	, 1	,
		, 19	, 0.07716	, 1296	, 5	,
		, 38	, 0.13569	, 737	, 7	,
		, 52	, 0.18248	, 548	, 10	,


 md5		,	,	,	,	,
		, 	,	,	,	,
		, 	,	,	,	,
		, 	,	,	,	,
		, 	,	,	,	,
		, 	,	,	,	,
		, 	,	,	,	,
		, 	,	,	,	,
		, 	,	,	,	,
		, 	,	,	,	,
		, 	,	,	,	,
		, 	,	,	,	,
		, 	,	,	,	,
		, 	,	,	,	,
		, 	,	,	,	,
		, 	,	,	,	,
		, 	,	,	,	,
		, 	,	,	,	,
		, 	,	,	,	,
		, 	,	,	,	,
		, 	,	,	,	,
		, 	,	,	,	,
		, 	,	,	,	,
		, 	,	,	,	,


 sha		, 3	, 0.02412	, 4146	, 0	,
		, 6	, 0.03273	, 3055	, 0	,
		, 7	, 0.03724	, 2685	, 2	,
		, 8	, 0.04073	, 2455	, 2	,
		, 8	, 0.04156	, 2406	, 2	,
		, 8	, 0.04286	, 2333	, 1	,
		, 9	, 0.04581	, 2183	, 0	,
		, 10	, 0.04798	, 2084	, 1	,
		, 10	, 0.04847	, 2063	, 2	,
		, 10	, 0.04995	, 2002	, 1	,
		, 10	, 0.04997	, 2001	, 1	,
		, 10	, 0.05058	, 1977	, 1	,
		, 11	, 0.05008	, 1997	, 2	,
		, 11	, 0.05160	, 1938	, 1	,
		, 12	, 0.05599	, 1786	, 1	,
		, 15	, 0.06227	, 1606	, 2	,
		, 16	, 0.06532	, 1531	, 0	,
		, 19	, 0.07782	, 1285	, 4	,
		, 24	, 0.08818	, 1134	, 6	,
		, 24	, 0.08850	, 1130	, 6	,
		, 24	, 0.08857	, 1129	, 6	,
		, 24	, 0.08921	, 1121	, 6	,
		, 24	, 0.09479	, 1055	, 6	,
		, 25	, 0.09390	, 1065	, 0	,
		, 26	, 0.09625	, 1039	, 5	,
		, 29	, 0.10753	, 930	, 5	,
		, 32	, 0.11628	, 860	, 8	,
		, 33	, 0.11905	, 840	, 5	,
		, 33	, 0.11976	, 835	, 5	,
		, 34	, 0.12121	, 825	, 5	,
		, 35	, 0.12531	, 798	, 5	,
		, 41	, 0.14599	, 685	, 7	,
		, 48	, 0.16835	, 594	, 9	,
		, 53	, 0.18762	, 533	, 9	,
		, 147	, 0.47619	, 210	, 33	,


 sor		, 2	, 0.02056	, 4864	, 1	,
		, 2	, 0.02083	, 4800	, 0	,
		, 3	, 0.02438	, 4101	, 1	,
		, 3	, 0.02467	, 4054	, 0	,
		, 4	, 0.02681	, 3730	, 1	,
		, 5	, 0.02919	, 3426	, 1	,
		, 5	, 0.02929	, 3414	, 1	,
		, 5	, 0.03108	, 3218	, 2	,
		, 5	, 0.03117	, 3208	, 2	,
		, 8	, 0.04214	, 2373	, 3	,
		, 10	, 0.04596	, 2176	, 2	,
		, 10	, 0.04748	, 2106	, 3	,
		, 14	, 0.05682	, 1760	, 1	,
		, 14	, 0.05949	, 1681	, 3	,
		, 15	, 0.06192	, 1615	, 4	,
		, 15	, 0.06378	, 1568	, 3	,
		, 29	, 0.10537	, 949	, 3	,
		, 29	, 0.10650	, 939	, 4	,


 whetstone		, 3	, 0.02305	, 4339	, 0	,
		, 3	, 0.02317	, 4316	, 0	,
		, 3	, 0.02341	, 4271	, 0	,
		, 3	, 0.02407	, 4154	, 0	,
		, 4	, 0.02330	, 4292	, 0	,
		, 4	, 0.02670	, 3745	, 1	,
		, 4	, 0.02712	, 3687	, 0	,
		, 4	, 0.02851	, 3508	, 0	,
		, 5	, 0.02949	, 3391	, 1	,
		, 5	, 0.03031	, 3299	, 1	,
		, 5	, 0.03053	, 3276	, 1	,
		, 6	, 0.03346	, 2989	, 0	,
		, 6	, 0.03458	, 2892	, 1	,
		, 6	, 0.03531	, 2832	, 1	,
		, 7	, 0.03465	, 2886	, 1	,
		, 7	, 0.03682	, 2716	, 2	,
		, 7	, 0.03704	, 2700	, 2	,
		, 7	, 0.03706	, 2698	, 2	,
		, 7	, 0.03713	, 2693	, 2	,
		, 8	, 0.03954	, 2529	, 0	,
		, 8	, 0.04227	, 2366	, 0	,
		, 9	, 0.04277	, 2338	, 2	,
		, 9	, 0.04462	, 2241	, 0	,
		, 10	, 0.04623	, 2163	, 3	,
		, 10	, 0.04847	, 2063	, 2	,
		, 10	, 0.04933	, 2027	, 1	,
		, 12	, 0.05277	, 1895	, 0	,
		, 12	, 0.05552	, 1801	, 4	,
		, 14	, 0.06053	, 1652	, 1	,
		, 14	, 0.06200	, 1613	, 2	,
		, 15	, 0.06281	, 1592	, 0	,
		, 15	, 0.06472	, 1545	, 0	,
		, 18	, 0.07519	, 1330	, 0	,
		, 19	, 0.07622	, 1312	, 3	,
		, 24	, 0.09747	, 1026	, 0	,
		, 29	, 0.10695	, 935	, 6	,
		, 31	, 0.11287	, 886	, 6	,
		, 39	, 0.13680	, 731	, 6	,
		, 39	, 0.14205	, 704	, 18	,
