maxmiso	, size	, time	, it	, cand	,


 adpcm		,	,	,	,	,
		, 	,	,	,	,
		, 	,	,	,	,
		, 	,	,	,	,
		, 	,	,	,	,
		, 	,	,	,	,
		, 	,	,	,	,
		, 	,	,	,	,
		, 	,	,	,	,
		, 	,	,	,	,
		, 	,	,	,	,
		, 	,	,	,	,
		, 	,	,	,	,
		, 	,	,	,	,
		, 	,	,	,	,
		, 	,	,	,	,
		, 	,	,	,	,
		, 	,	,	,	,
		, 	,	,	,	,
		, 	,	,	,	,
		, 	,	,	,	,
		, 	,	,	,	,
		, 	,	,	,	,
		, 	,	,	,	,
		, 	,	,	,	,
		, 	,	,	,	,
		, 	,	,	,	,
		, 	,	,	,	,
		, 	,	,	,	,
		, 	,	,	,	,
		, 	,	,	,	,
		, 	,	,	,	,
		, 	,	,	,	,
		, 	,	,	,	,
		, 	,	,	,	,
		, 	,	,	,	,


 aes		, 1	, 0.01448	, 6906	, 0	,
		, 1	, 0.01454	, 6878	, 0	,
		, 1	, 0.01458	, 6857	, 0	,
		, 1	, 0.01462	, 6841	, 0	,
		, 3	, 0.02399	, 4168	, 1	,
		, 3	, 0.02411	, 4148	, 0	,
		, 3	, 0.02424	, 4125	, 0	,
		, 3	, 0.02428	, 4118	, 1	,
		, 3	, 0.02429	, 4117	, 1	,
		, 3	, 0.02430	, 4115	, 1	,
		, 3	, 0.02434	, 4108	, 1	,
		, 3	, 0.02435	, 4107	, 1	,
		, 3	, 0.02435	, 4107	, 1	,
		, 3	, 0.02436	, 4105	, 1	,
		, 3	, 0.02446	, 4088	, 1	,
		, 3	, 0.02447	, 4086	, 1	,
		, 3	, 0.02459	, 4066	, 1	,
		, 3	, 0.02464	, 4058	, 1	,
		, 4	, 0.02684	, 3726	, 0	,
		, 4	, 0.02708	, 3693	, 0	,
		, 4	, 0.02708	, 3693	, 0	,
		, 4	, 0.02720	, 3676	, 1	,
		, 4	, 0.02724	, 3671	, 0	,
		, 4	, 0.02769	, 3611	, 0	,
		, 4	, 0.02774	, 3605	, 0	,
		, 4	, 0.02789	, 3586	, 0	,
		, 4	, 0.02802	, 3569	, 0	,
		, 4	, 0.02804	, 3566	, 0	,
		, 4	, 0.02808	, 3561	, 0	,
		, 5	, 0.02984	, 3351	, 1	,
		, 5	, 0.02998	, 3336	, 1	,
		, 5	, 0.03004	, 3329	, 1	,
		, 5	, 0.03004	, 3329	, 1	,
		, 5	, 0.03010	, 3322	, 1	,
		, 5	, 0.03014	, 3318	, 1	,
		, 5	, 0.03014	, 3318	, 1	,
		, 5	, 0.03027	, 3304	, 1	,
		, 5	, 0.03043	, 3286	, 1	,
		, 5	, 0.03048	, 3281	, 1	,
		, 5	, 0.03059	, 3269	, 1	,
		, 5	, 0.03089	, 3237	, 1	,
		, 5	, 0.03095	, 3231	, 1	,
		, 5	, 0.03115	, 3210	, 1	,
		, 5	, 0.03196	, 3129	, 2	,
		, 6	, 0.03221	, 3105	, 1	,
		, 6	, 0.03224	, 3102	, 1	,
		, 6	, 0.03249	, 3078	, 1	,
		, 6	, 0.03253	, 3074	, 1	,
		, 6	, 0.03257	, 3070	, 1	,
		, 6	, 0.03257	, 3070	, 1	,
		, 6	, 0.03258	, 3069	, 0	,
		, 6	, 0.03261	, 3067	, 1	,
		, 6	, 0.03262	, 3066	, 1	,
		, 6	, 0.03263	, 3065	, 1	,
		, 6	, 0.03266	, 3062	, 1	,
		, 6	, 0.03266	, 3062	, 1	,
		, 6	, 0.03267	, 3061	, 1	,
		, 6	, 0.03269	, 3059	, 1	,
		, 6	, 0.03289	, 3040	, 1	,
		, 6	, 0.03308	, 3023	, 1	,
		, 6	, 0.03310	, 3021	, 1	,
		, 6	, 0.03318	, 3014	, 1	,
		, 6	, 0.03318	, 3014	, 1	,
		, 6	, 0.03324	, 3008	, 1	,
		, 6	, 0.03348	, 2987	, 1	,
		, 6	, 0.03349	, 2986	, 1	,
		, 6	, 0.03461	, 2889	, 0	,
		, 6	, 0.03490	, 2865	, 1	,
		, 6	, 0.03546	, 2820	, 0	,
		, 6	, 0.03554	, 2814	, 0	,
		, 6	, 0.03555	, 2813	, 0	,
		, 6	, 0.03556	, 2812	, 1	,
		, 6	, 0.03565	, 2805	, 0	,
		, 6	, 0.03569	, 2802	, 1	,
		, 6	, 0.03575	, 2797	, 1	,
		, 6	, 0.03584	, 2790	, 1	,
		, 6	, 0.03589	, 2786	, 0	,
		, 6	, 0.03589	, 2786	, 1	,
		, 6	, 0.03589	, 2786	, 1	,
		, 6	, 0.03591	, 2785	, 1	,
		, 6	, 0.03591	, 2785	, 1	,
		, 6	, 0.03598	, 2779	, 0	,
		, 6	, 0.03610	, 2770	, 1	,
		, 7	, 0.03613	, 2768	, 1	,
		, 7	, 0.03656	, 2735	, 1	,
		, 7	, 0.03667	, 2727	, 1	,
		, 7	, 0.03675	, 2721	, 1	,
		, 7	, 0.03693	, 2708	, 1	,
		, 7	, 0.03802	, 2630	, 2	,
		, 7	, 0.03828	, 2612	, 2	,
		, 7	, 0.03833	, 2609	, 2	,
		, 7	, 0.03855	, 2594	, 2	,
		, 7	, 0.03858	, 2592	, 2	,
		, 7	, 0.03858	, 2592	, 2	,
		, 8	, 0.03848	, 2599	, 1	,
		, 8	, 0.03849	, 2598	, 1	,
		, 8	, 0.03884	, 2575	, 1	,
		, 8	, 0.03894	, 2568	, 1	,
		, 8	, 0.03939	, 2539	, 1	,
		, 8	, 0.03946	, 2534	, 1	,
		, 8	, 0.03954	, 2529	, 1	,
		, 8	, 0.03954	, 2529	, 1	,
		, 8	, 0.03973	, 2517	, 1	,
		, 8	, 0.03995	, 2503	, 1	,
		, 8	, 0.04044	, 2473	, 1	,
		, 8	, 0.04115	, 2430	, 2	,
		, 9	, 0.04390	, 2278	, 1	,
		, 9	, 0.04606	, 2171	, 1	,
		, 9	, 0.04608	, 2170	, 1	,
		, 9	, 0.04699	, 2128	, 1	,
		, 10	, 0.04645	, 2153	, 1	,
		, 10	, 0.04897	, 2042	, 1	,
		, 10	, 0.04902	, 2040	, 3	,
		, 10	, 0.05008	, 1997	, 3	,
		, 10	, 0.05053	, 1979	, 3	,
		, 11	, 0.05066	, 1974	, 3	,
		, 11	, 0.05092	, 1964	, 2	,
		, 12	, 0.05328	, 1877	, 2	,
		, 12	, 0.05339	, 1873	, 2	,
		, 12	, 0.05350	, 1869	, 2	,
		, 13	, 0.05546	, 1803	, 2	,
		, 14	, 0.06010	, 1664	, 3	,
		, 14	, 0.06075	, 1646	, 4	,
		, 14	, 0.06109	, 1637	, 4	,
		, 14	, 0.06146	, 1627	, 4	,
		, 14	, 0.06398	, 1563	, 2	,
		, 15	, 0.06553	, 1526	, 3	,
		, 17	, 0.07143	, 1400	, 2	,
		, 17	, 0.07348	, 1361	, 2	,
		, 22	, 0.09174	, 1090	, 8	,
		, 24	, 0.09699	, 1031	, 4	,
		, 25	, 0.09930	, 1007	, 4	,
		, 25	, 0.09970	, 1003	, 4	,
		, 28	, 0.10834	, 923	, 5	,
		, 29	, 0.11013	, 908	, 5	,
		, 29	, 0.11099	, 901	, 5	,
		, 29	, 0.11325	, 883	, 5	,
		, 29	, 0.11561	, 865	, 6	,
		, 31	, 0.11161	, 896	, 1	,
		, 31	, 0.12034	, 831	, 15	,
		, 31	, 0.12063	, 829	, 15	,
		, 33	, 0.12563	, 796	, 11	,
		, 33	, 0.12563	, 796	, 11	,
		, 33	, 0.12626	, 792	, 11	,
		, 34	, 0.12987	, 770	, 16	,
		, 34	, 0.13021	, 768	, 16	,
		, 34	, 0.13038	, 767	, 16	,
		, 35	, 0.12165	, 822	, 1	,
		, 35	, 0.12210	, 819	, 1	,
		, 35	, 0.13532	, 739	, 15	,
		, 42	, 0.15015	, 666	, 5	,
		, 54	, 0.18349	, 545	, 1	,
		, 54	, 0.21008	, 476	, 17	,
		, 67	, 0.22075	, 453	, 13	,
		, 68	, 0.23202	, 431	, 20	,
		, 73	, 0.28169	, 355	, 17	,
		, 73	, 0.28169	, 355	, 17	,
		, 73	, 0.28329	, 353	, 17	,
		, 75	, 0.24155	, 414	, 1	,
		, 91	, 0.30030	, 333	, 27	,
		, 91	, 0.30212	, 331	, 27	,
		, 115	, 0.37313	, 268	, 1	,
		, 126	, 0.40486	, 247	, 23	,
		, 131	, 0.42194	, 237	, 1	,
		, 131	, 0.42194	, 237	, 1	,
		, 131	, 0.42373	, 236	, 1	,
		, 132	, 0.42017	, 238	, 25	,
		, 133	, 0.44843	, 223	, 16	,
		, 176	, 0.61728	, 162	, 36	,
		, 286	, 0.89286	, 112	, 48	,
		, 302	, 0.95238	, 105	, 48	,
		, 311	, 0.98039	, 102	, 48	,
		, 311	, 0.99010	, 101	, 48	,
		, 691	, 2.22222	, 45	, 115	,
		, 721	, 2.34884	, 43	, 123	,
		, 970	, 3.18750	, 32	, 166	,
		, 1079	, 3.48276	, 29	, 179	,
		, 1154	, 3.92308	, 26	, 198	,
		, 1407	, 4.59091	, 22	, 240	,
		, 1524	, 4.90476	, 21	, 239	,
		, 1619	, 5.52632	, 19	, 286	,


 blowfish		, 3	, 0.02244	, 4457	, 0	,
		, 3	, 0.02262	, 4420	, 0	,
		, 3	, 0.02395	, 4176	, 0	,
		, 3	, 0.02444	, 4091	, 1	,
		, 5	, 0.02649	, 3775	, 0	,
		, 7	, 0.03751	, 2666	, 2	,
		, 7	, 0.03768	, 2654	, 2	,
		, 7	, 0.03831	, 2610	, 1	,
		, 7	, 0.03834	, 2608	, 1	,
		, 7	, 0.03836	, 2607	, 2	,
		, 8	, 0.03805	, 2628	, 1	,
		, 8	, 0.04014	, 2491	, 3	,
		, 8	, 0.04112	, 2432	, 1	,
		, 8	, 0.04115	, 2430	, 1	,
		, 9	, 0.04338	, 2305	, 2	,
		, 9	, 0.04350	, 2299	, 2	,
		, 9	, 0.04353	, 2297	, 2	,
		, 9	, 0.04357	, 2295	, 2	,
		, 9	, 0.04359	, 2294	, 2	,
		, 9	, 0.04378	, 2284	, 2	,
		, 10	, 0.04632	, 2159	, 2	,
		, 10	, 0.04634	, 2158	, 2	,
		, 10	, 0.04634	, 2158	, 2	,
		, 10	, 0.04636	, 2157	, 2	,
		, 10	, 0.04638	, 2156	, 2	,
		, 10	, 0.04643	, 2154	, 2	,
		, 10	, 0.04951	, 2020	, 2	,
		, 11	, 0.04941	, 2024	, 3	,
		, 11	, 0.05081	, 1968	, 2	,
		, 13	, 0.05647	, 1771	, 3	,
		, 16	, 0.06840	, 1462	, 3	,
		, 16	, 0.06930	, 1443	, 5	,
		, 19	, 0.07581	, 1319	, 4	,
		, 22	, 0.08554	, 1169	, 4	,
		, 22	, 0.08929	, 1120	, 9	,
		, 25	, 0.09506	, 1052	, 5	,
		, 27	, 0.09960	, 1004	, 4	,
		, 38	, 0.13263	, 754	, 6	,
		, 44	, 0.15152	, 660	, 6	,
		, 47	, 0.15924	, 628	, 7	,
		, 49	, 0.16750	, 597	, 8	,
		, 55	, 0.18450	, 542	, 5	,
		, 59	, 0.19531	, 512	, 13	,
		, 64	, 0.21142	, 473	, 15	,
		, 68	, 0.22075	, 453	, 11	,
		, 80	, 0.25641	, 390	, 8	,
		, 98	, 0.31250	, 320	, 22	,
		, 108	, 0.34247	, 292	, 25	,
		, 127	, 0.41841	, 239	, 34	,
		, 127	, 0.42194	, 237	, 22	,
		, 127	, 0.42373	, 236	, 21	,
		, 673	, 2.10417	, 48	, 92	,
		, 674	, 2.12766	, 47	, 92	,


 cjpeg		, 2	, 0.01844	, 5423	, 0	,
		, 2	, 0.01857	, 5384	, 0	,
		, 2	, 0.01944	, 5144	, 0	,
		, 2	, 0.01986	, 5034	, 0	,
		, 2	, 0.01987	, 5032	, 0	,
		, 2	, 0.01990	, 5026	, 0	,
		, 2	, 0.01994	, 5014	, 0	,
		, 2	, 0.01995	, 5013	, 0	,
		, 2	, 0.01995	, 5013	, 0	,
		, 2	, 0.01996	, 5009	, 0	,
		, 2	, 0.01996	, 5009	, 0	,
		, 2	, 0.01997	, 5008	, 0	,
		, 2	, 0.01997	, 5007	, 0	,
		, 2	, 0.01999	, 5003	, 0	,
		, 2	, 0.02000	, 5001	, 0	,
		, 2	, 0.02000	, 4999	, 0	,
		, 2	, 0.02002	, 4996	, 0	,
		, 2	, 0.02004	, 4989	, 0	,
		, 2	, 0.02006	, 4986	, 0	,
		, 2	, 0.02010	, 4976	, 0	,
		, 2	, 0.02010	, 4975	, 0	,
		, 2	, 0.02011	, 4973	, 0	,
		, 2	, 0.02012	, 4970	, 0	,
		, 2	, 0.02013	, 4968	, 0	,
		, 2	, 0.02014	, 4964	, 0	,
		, 2	, 0.02014	, 4964	, 0	,
		, 2	, 0.02015	, 4962	, 0	,
		, 3	, 0.02193	, 4561	, 0	,
		, 3	, 0.02212	, 4520	, 0	,
		, 3	, 0.02276	, 4394	, 0	,
		, 3	, 0.02330	, 4292	, 0	,
		, 3	, 0.02334	, 4285	, 0	,
		, 3	, 0.02339	, 4276	, 0	,
		, 3	, 0.02339	, 4276	, 0	,
		, 3	, 0.02342	, 4269	, 0	,
		, 3	, 0.02347	, 4261	, 0	,
		, 3	, 0.02347	, 4260	, 0	,
		, 3	, 0.02350	, 4256	, 0	,
		, 3	, 0.02351	, 4253	, 0	,
		, 3	, 0.02356	, 4244	, 0	,
		, 3	, 0.02361	, 4235	, 0	,
		, 3	, 0.02369	, 4222	, 0	,
		, 3	, 0.02370	, 4220	, 0	,
		, 3	, 0.02370	, 4219	, 0	,
		, 3	, 0.02396	, 4173	, 1	,
		, 3	, 0.02429	, 4117	, 0	,
		, 3	, 0.02438	, 4102	, 1	,
		, 3	, 0.02438	, 4102	, 1	,
		, 3	, 0.02446	, 4088	, 1	,
		, 3	, 0.02452	, 4079	, 1	,
		, 3	, 0.02452	, 4078	, 1	,
		, 3	, 0.02455	, 4073	, 1	,
		, 4	, 0.02548	, 3924	, 0	,
		, 4	, 0.02643	, 3783	, 1	,
		, 4	, 0.02656	, 3765	, 1	,
		, 4	, 0.02660	, 3760	, 1	,
		, 4	, 0.02664	, 3754	, 1	,
		, 4	, 0.02682	, 3729	, 1	,
		, 4	, 0.02685	, 3724	, 1	,
		, 4	, 0.02697	, 3708	, 1	,
		, 4	, 0.02793	, 3581	, 0	,
		, 4	, 0.02804	, 3566	, 0	,
		, 5	, 0.03010	, 3322	, 1	,
		, 5	, 0.03040	, 3290	, 1	,
		, 5	, 0.03073	, 3254	, 1	,
		, 5	, 0.03116	, 3209	, 2	,
		, 5	, 0.03126	, 3199	, 2	,
		, 5	, 0.03127	, 3198	, 2	,
		, 5	, 0.03145	, 3180	, 2	,
		, 5	, 0.03146	, 3179	, 2	,
		, 5	, 0.03148	, 3177	, 2	,
		, 5	, 0.03151	, 3174	, 2	,
		, 5	, 0.03154	, 3171	, 2	,
		, 6	, 0.03249	, 3078	, 0	,
		, 6	, 0.03346	, 2989	, 1	,
		, 6	, 0.03434	, 2912	, 1	,
		, 6	, 0.03466	, 2885	, 1	,
		, 6	, 0.03479	, 2874	, 1	,
		, 6	, 0.03504	, 2854	, 1	,
		, 6	, 0.03509	, 2850	, 1	,
		, 7	, 0.03751	, 2666	, 2	,
		, 7	, 0.03765	, 2656	, 2	,
		, 7	, 0.03826	, 2614	, 1	,
		, 7	, 0.03831	, 2610	, 1	,
		, 7	, 0.03837	, 2606	, 1	,
		, 7	, 0.03840	, 2604	, 1	,
		, 7	, 0.03842	, 2603	, 1	,
		, 7	, 0.03845	, 2601	, 1	,
		, 7	, 0.03846	, 2600	, 1	,
		, 7	, 0.03846	, 2600	, 1	,
		, 7	, 0.03851	, 2597	, 1	,
		, 7	, 0.03854	, 2595	, 1	,
		, 7	, 0.03857	, 2593	, 1	,
		, 7	, 0.03880	, 2577	, 1	,
		, 7	, 0.03880	, 2577	, 1	,
		, 7	, 0.03882	, 2576	, 1	,
		, 7	, 0.03884	, 2575	, 1	,
		, 7	, 0.03888	, 2572	, 1	,
		, 7	, 0.03890	, 2571	, 1	,
		, 7	, 0.03890	, 2571	, 1	,
		, 7	, 0.03891	, 2570	, 1	,
		, 8	, 0.04114	, 2431	, 1	,
		, 8	, 0.04120	, 2427	, 2	,
		, 8	, 0.04127	, 2423	, 2	,
		, 8	, 0.04168	, 2399	, 1	,
		, 8	, 0.04170	, 2398	, 1	,
		, 9	, 0.04296	, 2328	, 2	,
		, 9	, 0.04371	, 2288	, 0	,
		, 9	, 0.04373	, 2287	, 0	,
		, 9	, 0.04386	, 2280	, 0	,
		, 9	, 0.04431	, 2257	, 1	,
		, 9	, 0.04539	, 2203	, 2	,
		, 9	, 0.04587	, 2180	, 2	,
		, 10	, 0.04399	, 2273	, 1	,
		, 10	, 0.04405	, 2270	, 1	,
		, 10	, 0.04560	, 2193	, 2	,
		, 10	, 0.04677	, 2138	, 2	,
		, 10	, 0.04744	, 2108	, 0	,
		, 10	, 0.04782	, 2091	, 3	,
		, 10	, 0.04812	, 2078	, 0	,
		, 10	, 0.04829	, 2071	, 2	,
		, 10	, 0.04845	, 2064	, 2	,
		, 10	, 0.04869	, 2054	, 2	,
		, 11	, 0.05139	, 1946	, 2	,
		, 11	, 0.05147	, 1943	, 2	,
		, 14	, 0.05821	, 1718	, 0	,
		, 15	, 0.06200	, 1613	, 2	,
		, 15	, 0.06200	, 1613	, 2	,
		, 15	, 0.06231	, 1605	, 1	,
		, 15	, 0.06238	, 1603	, 2	,
		, 34	, 0.12285	, 814	, 4	,
		, 42	, 0.15038	, 665	, 6	,
		, 48	, 0.17391	, 575	, 14	,
		, 137	, 0.49020	, 204	, 0	,


 fft		, 2	, 0.02129	, 4696	, 0	,
		, 3	, 0.02383	, 4196	, 1	,
		, 3	, 0.02392	, 4181	, 1	,
		, 3	, 0.02427	, 4121	, 1	,
		, 3	, 0.02452	, 4079	, 1	,
		, 3	, 0.02461	, 4064	, 0	,
		, 3	, 0.02461	, 4064	, 1	,
		, 3	, 0.02467	, 4053	, 1	,
		, 3	, 0.02476	, 4038	, 0	,
		, 4	, 0.02950	, 3390	, 1	,
		, 5	, 0.03011	, 3321	, 1	,
		, 5	, 0.03056	, 3272	, 1	,
		, 5	, 0.03108	, 3217	, 2	,
		, 5	, 0.03130	, 3195	, 2	,
		, 5	, 0.03241	, 3085	, 0	,
		, 5	, 0.03258	, 3069	, 1	,
		, 6	, 0.03584	, 2790	, 1	,
		, 6	, 0.03631	, 2754	, 1	,
		, 7	, 0.03646	, 2743	, 1	,
		, 7	, 0.03851	, 2597	, 2	,
		, 7	, 0.03855	, 2594	, 3	,
		, 7	, 0.03894	, 2568	, 0	,
		, 7	, 0.03967	, 2521	, 0	,
		, 8	, 0.04107	, 2435	, 3	,
		, 8	, 0.04120	, 2427	, 2	,
		, 8	, 0.04151	, 2409	, 1	,
		, 8	, 0.04189	, 2387	, 1	,
		, 8	, 0.04257	, 2349	, 0	,
		, 8	, 0.04261	, 2347	, 2	,
		, 9	, 0.04284	, 2334	, 2	,
		, 11	, 0.05155	, 1940	, 3	,
		, 12	, 0.05400	, 1852	, 4	,
		, 12	, 0.05510	, 1815	, 2	,
		, 12	, 0.05647	, 1771	, 3	,
		, 12	, 0.05685	, 1759	, 3	,
		, 13	, 0.05498	, 1819	, 1	,
		, 14	, 0.06139	, 1629	, 4	,
		, 15	, 0.06297	, 1588	, 3	,
		, 16	, 0.06242	, 1602	, 1	,
		, 16	, 0.06285	, 1591	, 1	,
		, 19	, 0.07740	, 1292	, 5	,
		, 38	, 0.13532	, 739	, 7	,
		, 52	, 0.18215	, 549	, 10	,


 md5		, 2	, 0.02071	, 4828	, 1	,
		, 3	, 0.02435	, 4107	, 0	,
		, 3	, 0.02462	, 4061	, 1	,
		, 3	, 0.02464	, 4058	, 1	,
		, 4	, 0.02661	, 3758	, 1	,
		, 4	, 0.02669	, 3747	, 1	,
		, 4	, 0.02764	, 3618	, 1	,
		, 5	, 0.02995	, 3339	, 1	,
		, 5	, 0.03030	, 3300	, 1	,
		, 6	, 0.03277	, 3052	, 1	,
		, 7	, 0.03687	, 2712	, 2	,
		, 7	, 0.03750	, 2667	, 2	,
		, 7	, 0.03864	, 2588	, 3	,
		, 10	, 0.04651	, 2150	, 1	,
		, 10	, 0.04704	, 2126	, 1	,
		, 10	, 0.04926	, 2030	, 1	,
		, 11	, 0.04985	, 2006	, 2	,
		, 12	, 0.05488	, 1822	, 2	,
		, 12	, 0.05571	, 1795	, 3	,
		, 12	, 0.05583	, 1791	, 3	,
		, 13	, 0.05612	, 1782	, 2	,
		, 13	, 0.05845	, 1711	, 2	,
		, 15	, 0.06435	, 1554	, 4	,
		, 17	, 0.06993	, 1430	, 2	,
		, 19	, 0.07794	, 1283	, 3	,
		, 20	, 0.07949	, 1258	, 3	,
		, 21	, 0.07962	, 1256	, 5	,
		, 27	, 0.10020	, 998	, 6	,
		, 37	, 0.13123	, 762	, 6	,
		, 39	, 0.13333	, 750	, 8	,
		, 55	, 0.19231	, 520	, 9	,
		, 87	, 0.28409	, 352	, 21	,
		, 959	, 2.91429	, 35	, 81	,


 sha		, 3	, 0.02402	, 4164	, 0	,
		, 6	, 0.03339	, 2995	, 0	,
		, 7	, 0.03704	, 2700	, 2	,
		, 8	, 0.04054	, 2467	, 2	,
		, 8	, 0.04129	, 2422	, 2	,
		, 8	, 0.04297	, 2327	, 1	,
		, 9	, 0.04579	, 2184	, 0	,
		, 10	, 0.04843	, 2065	, 1	,
		, 10	, 0.04866	, 2055	, 2	,
		, 10	, 0.04921	, 2032	, 1	,
		, 10	, 0.04985	, 2006	, 1	,
		, 10	, 0.04995	, 2002	, 1	,
		, 11	, 0.04968	, 2013	, 2	,
		, 11	, 0.05086	, 1966	, 1	,
		, 12	, 0.05590	, 1789	, 1	,
		, 15	, 0.06246	, 1601	, 2	,
		, 16	, 0.06566	, 1523	, 0	,
		, 19	, 0.07710	, 1297	, 4	,
		, 24	, 0.08764	, 1141	, 6	,
		, 24	, 0.08772	, 1140	, 6	,
		, 24	, 0.08787	, 1138	, 6	,
		, 24	, 0.08795	, 1137	, 6	,
		, 24	, 0.09372	, 1067	, 6	,
		, 25	, 0.09337	, 1071	, 0	,
		, 26	, 0.09452	, 1058	, 5	,
		, 29	, 0.10661	, 938	, 5	,
		, 32	, 0.11338	, 882	, 8	,
		, 33	, 0.11655	, 858	, 5	,
		, 33	, 0.11655	, 858	, 5	,
		, 34	, 0.11820	, 846	, 5	,
		, 35	, 0.12225	, 818	, 5	,
		, 41	, 0.14368	, 696	, 7	,
		, 48	, 0.16529	, 605	, 9	,
		, 53	, 0.18416	, 543	, 9	,
		, 147	, 0.46296	, 216	, 33	,


 sor		, 2	, 0.02076	, 4818	, 1	,
		, 2	, 0.02134	, 4686	, 0	,
		, 3	, 0.02479	, 4034	, 0	,
		, 3	, 0.02482	, 4029	, 1	,
		, 4	, 0.02729	, 3665	, 1	,
		, 5	, 0.02984	, 3351	, 1	,
		, 5	, 0.02992	, 3342	, 1	,
		, 5	, 0.03162	, 3163	, 2	,
		, 5	, 0.03164	, 3161	, 2	,
		, 8	, 0.04223	, 2368	, 3	,
		, 10	, 0.04602	, 2173	, 2	,
		, 10	, 0.04810	, 2079	, 3	,
		, 14	, 0.05727	, 1746	, 1	,
		, 14	, 0.06024	, 1660	, 3	,
		, 15	, 0.06238	, 1603	, 4	,
		, 15	, 0.06361	, 1572	, 3	,
		, 29	, 0.10661	, 938	, 3	,
		, 29	, 0.10718	, 933	, 4	,


 whetstone		, 3	, 0.02320	, 4311	, 0	,
		, 3	, 0.02320	, 4311	, 0	,
		, 3	, 0.02322	, 4306	, 0	,
		, 3	, 0.02407	, 4154	, 0	,
		, 4	, 0.02353	, 4249	, 0	,
		, 4	, 0.02647	, 3778	, 1	,
		, 4	, 0.02728	, 3666	, 0	,
		, 4	, 0.02834	, 3528	, 0	,
		, 5	, 0.02921	, 3423	, 1	,
		, 5	, 0.03009	, 3323	, 1	,
		, 5	, 0.03066	, 3262	, 1	,
		, 6	, 0.03336	, 2998	, 0	,
		, 6	, 0.03449	, 2899	, 1	,
		, 6	, 0.03498	, 2859	, 1	,
		, 7	, 0.03486	, 2869	, 1	,
		, 7	, 0.03671	, 2724	, 2	,
		, 7	, 0.03675	, 2721	, 2	,
		, 7	, 0.03676	, 2720	, 2	,
		, 7	, 0.03701	, 2702	, 2	,
		, 8	, 0.03894	, 2568	, 0	,
		, 8	, 0.04264	, 2345	, 0	,
		, 9	, 0.04243	, 2357	, 2	,
		, 9	, 0.04425	, 2260	, 0	,
		, 10	, 0.04854	, 2060	, 3	,
		, 10	, 0.04897	, 2042	, 2	,
		, 10	, 0.04948	, 2021	, 1	,
		, 12	, 0.05203	, 1922	, 0	,
		, 12	, 0.05525	, 1810	, 4	,
		, 14	, 0.06079	, 1645	, 1	,
		, 14	, 0.06219	, 1608	, 2	,
		, 15	, 0.06234	, 1604	, 0	,
		, 15	, 0.06506	, 1537	, 0	,
		, 18	, 0.07541	, 1326	, 0	,
		, 19	, 0.07675	, 1303	, 3	,
		, 24	, 0.09852	, 1015	, 0	,
		, 29	, 0.10695	, 935	, 6	,
		, 31	, 0.11299	, 885	, 6	,
		, 39	, 0.13774	, 726	, 6	,
		, 39	, 0.14225	, 703	, 18	,
