singlecut	, size	, time	, it	, cand	,


 adpcm		, 3	, 0.03440	, 2907	, 3	,
		, 3	, 0.03446	, 2902	, 3	,
		, 3	, 0.03475	, 2878	, 3	,
		, 4	, 0.03802	, 2630	, 1	,
		, 5	, 0.04990	, 2004	, 5	,
		, 5	, 0.06570	, 1522	, 6	,
		, 5	, 0.06575	, 1521	, 6	,
		, 5	, 0.06579	, 1520	, 6	,
		, 5	, 0.06583	, 1519	, 6	,
		, 5	, 0.06631	, 1508	, 13	,
		, 6	, 0.06988	, 1431	, 13	,
		, 6	, 0.07082	, 1412	, 13	,
		, 7	, 0.11534	, 867	, 22	,
		, 7	, 0.11547	, 866	, 22	,
		, 8	, 0.07564	, 1322	, 3	,
		, 8	, 0.07581	, 1319	, 3	,
		, 10	, 0.16393	, 610	, 21	,
		, 11	, 0.10309	, 970	, 7	,
		, 11	, 0.42017	, 238	, 74	,
		, 11	, 0.47847	, 209	, 83	,
		, 11	, 0.47847	, 209	, 83	,
		, 12	, 0.12121	, 825	, 14	,
		, 12	, 0.23364	, 428	, 24	,
		, 12	, 0.31446	, 318	, 43	,
		, 14	, 0.30212	, 331	, 27	,
		, 14	, 0.30212	, 331	, 42	,
		, 14	, 0.44248	, 226	, 32	,
		, 17	, 0.52910	, 189	, 50	,
		, 18	, 1.16279	, 86	, 156	,
		, 18	, 1.16279	, 86	, 156	,
		, 20	, 1.44928	, 69	, 127	,
		, 21	, 1.69492	, 59	, 132	,
		, 31	, 12.22220	, 9	, 853	,
		, 38	, 55.50000	, 2	, 3342	,
		, 38	, 55.50000	, 2	, 3342	,
		, 55	, 112.00000	, 1	, 2907	,


 aes		, 1	, 0.01717	, 5825	, 0	,
		, 1	, 0.01721	, 5809	, 0	,
		, 1	, 0.01724	, 5802	, 0	,
		, 1	, 0.01726	, 5794	, 0	,
		, 3	, 0.02999	, 3335	, 1	,
		, 3	, 0.03012	, 3320	, 0	,
		, 3	, 0.03434	, 2912	, 3	,
		, 3	, 0.03435	, 2911	, 3	,
		, 3	, 0.03436	, 2910	, 3	,
		, 3	, 0.03446	, 2902	, 3	,
		, 3	, 0.03446	, 2902	, 3	,
		, 3	, 0.03447	, 2901	, 3	,
		, 3	, 0.03448	, 2900	, 3	,
		, 3	, 0.03448	, 2900	, 3	,
		, 3	, 0.03453	, 2896	, 3	,
		, 3	, 0.03455	, 2894	, 3	,
		, 3	, 0.03455	, 2894	, 3	,
		, 3	, 0.03457	, 2893	, 3	,
		, 4	, 0.0346861	, 2883	, 	,
		, 4	, 0.0346861	, 2883	, 	,
		, 4	, 0.0347102	, 2881	, 	,
		, 4	, 0.0351494	, 2845	, 	,
		, 4	, 0.0351741	, 2843	, 	,
		, 4	, 0.0351989	, 2841	, 	,
		, 4	, 0.03821	, 2617	, 1	,
		, 4	, 0.03831	, 2610	, 1	,
		, 4	, 0.03833	, 2609	, 1	,
		, 4	, 0.03843	, 2602	, 1	,
		, 4	, 0.04997	, 2001	, 3	,
		, 5	, 0.04198	, 2382	, 3	,
		, 5	, 0.06046	, 1654	, 3	,
		, 5	, 0.06658	, 1502	, 13	,
		, 5	, 0.06676	, 1498	, 6	,
		, 5	, 0.06680	, 1497	, 6	,
		, 5	, 0.06680	, 1497	, 6	,
		, 5	, 0.06689	, 1495	, 6	,
		, 5	, 0.06702	, 1492	, 6	,
		, 5	, 0.06707	, 1491	, 6	,
		, 5	, 0.06711	, 1490	, 6	,
		, 5	, 0.06716	, 1489	, 6	,
		, 5	, 0.06725	, 1487	, 6	,
		, 5	, 0.06897	, 1450	, 7	,
		, 5	, 0.06916	, 1446	, 13	,
		, 5	, 0.06916	, 1446	, 7	,
		, 6	, 0.04630	, 2160	, 3	,
		, 6	, 0.04760	, 2101	, 3	,
		, 6	, 0.04764	, 2099	, 1	,
		, 6	, 0.04771	, 2096	, 1	,
		, 6	, 0.04776	, 2094	, 1	,
		, 6	, 0.04912	, 2036	, 1	,
		, 6	, 0.05701	, 1754	, 3	,
		, 6	, 0.05711	, 1751	, 3	,
		, 6	, 0.05724	, 1747	, 3	,
		, 6	, 0.05741	, 1742	, 3	,
		, 6	, 0.05744	, 1741	, 3	,
		, 6	, 0.05764	, 1735	, 3	,
		, 6	, 0.05767	, 1734	, 3	,
		, 6	, 0.05770	, 1733	, 3	,
		, 6	, 0.05777	, 1731	, 3	,
		, 6	, 0.05784	, 1729	, 3	,
		, 6	, 0.06345	, 1576	, 10	,
		, 6	, 0.06357	, 1573	, 10	,
		, 6	, 0.06361	, 1572	, 10	,
		, 6	, 0.06373	, 1569	, 10	,
		, 6	, 0.06382	, 1567	, 10	,
		, 6	, 0.06402	, 1562	, 10	,
		, 6	, 0.06944	, 1440	, 3	,
		, 6	, 0.0719424	, 1390	, 	,
		, 6	, 0.07215	, 1386	, 12	,
		, 6	, 0.10299	, 971	, 24	,
		, 6	, 0.10309	, 970	, 24	,
		, 6	, 0.10309	, 970	, 24	,
		, 6	, 0.10320	, 969	, 24	,
		, 6	, 0.10320	, 969	, 24	,
		, 6	, 0.10331	, 968	, 24	,
		, 6	, 0.10331	, 968	, 24	,
		, 6	, 0.10352	, 966	, 24	,
		, 6	, 0.10363	, 965	, 24	,
		, 6	, 0.10363	, 965	, 24	,
		, 6	, 0.10363	, 965	, 24	,
		, 6	, 0.10373	, 964	, 24	,
		, 6	, 0.10373	, 964	, 24	,
		, 6	, 0.10384	, 963	, 24	,
		, 7	, 0.07429	, 1346	, 13	,
		, 7	, 0.12920	, 774	, 11	,
		, 7	, 0.12920	, 774	, 11	,
		, 7	, 0.13477	, 742	, 24	,
		, 7	, 0.13514	, 740	, 24	,
		, 7	, 0.13514	, 740	, 24	,
		, 7	, 0.13532	, 739	, 24	,
		, 7	, 0.17575	, 569	, 46	,
		, 7	, 0.17637	, 567	, 46	,
		, 7	, 0.17637	, 567	, 46	,
		, 7	, 0.17668	, 566	, 46	,
		, 8	, 0.07955	, 1257	, 13	,
		, 8	, 0.07955	, 1257	, 13	,
		, 8	, 0.07955	, 1257	, 13	,
		, 8	, 0.07994	, 1251	, 13	,
		, 8	, 0.07994	, 1251	, 13	,
		, 8	, 0.08013	, 1248	, 13	,
		, 8	, 0.08032	, 1245	, 7	,
		, 8	, 0.08052	, 1242	, 7	,
		, 8	, 0.08130	, 1230	, 7	,
		, 8	, 0.19417	, 515	, 22	,
		, 8	, 0.23810	, 420	, 37	,
		, 8	, 0.26178	, 382	, 59	,
		, 9	, 0.09174	, 1090	, 12	,
		, 9	, 0.09225	, 1084	, 12	,
		, 9	, 0.09276	, 1078	, 12	,
		, 9	, 0.22222	, 450	, 35	,
		, 10	, 0.12107	, 826	, 8	,
		, 10	, 0.12136	, 824	, 8	,
		, 10	, 0.19685	, 508	, 19	,
		, 10	, 0.36765	, 272	, 105	,
		, 10	, 0.42553	, 235	, 82	,
		, 11	, 0.59880	, 167	, 125	,
		, 11	, 0.84034	, 119	, 145	,
		, 12	, 0.66667	, 150	, 148	,
		, 12	, 0.66667	, 150	, 148	,
		, 12	, 0.66667	, 150	, 148	,
		, 13	, 0.48077	, 208	, 125	,
		, 14	, 0.28902	, 346	, 41	,
		, 14	, 1.40278	, 72	, 267	,
		, 14	, 1.44928	, 69	, 205	,
		, 14	, 1.44928	, 69	, 205	,
		, 14	, 1.44928	, 69	, 205	,
		, 15	, 2.42857	, 42	, 168	,
		, 17	, 0.73529	, 136	, 44	,
		, 17	, 1.00000	, 100	, 84	,
		, 22	, 5.00000	, 20	, 270	,
		, 24	, 3.81481	, 27	, 177	,
		, 25	, 3.88462	, 26	, 177	,
		, 25	, 3.92308	, 26	, 177	,
		, 28	, 6.43750	, 16	, 292	,
		, 29	, 5.15000	, 20	, 481	,
		, 29	, 6.50000	, 16	, 292	,
		, 29	, 6.66667	, 15	, 292	,
		, 29	, 6.93333	, 15	, 424	,
		, 31	, 0.50000	, 200	, 25	,
		, 31	, 15.00000	, 7	, 990	,
		, 31	, 15.00000	, 7	, 990	,
		, 33	, 21.80000	, 5	, 753	,
		, 33	, 21.80000	, 5	, 753	,
		, 33	, 21.80000	, 5	, 753	,
		, 34	, 18.50000	, 6	, 1128	,
		, 34	, 18.50000	, 6	, 1128	,
		, 34	, 18.50000	, 6	, 1128	,
		, 35	, 0.56180	, 178	, 25	,
		, 35	, 0.58823	, 170	, 25	,
		, 35	, 20.20000	, 5	, 1177	,
		, 42	, 26.50000	, 4	, 641	,
		, 54	, 69.00000	, 2	, 2086	,
		, 54	, 9.45455	, 11	, 168	,
		, 67	, 128.00000	, 1	, 2886	,
		, 68	, 128.00000	, 1	, 2771	,
		, 73	, 179.00000	, 1	, 3616	,
		, 73	, 179.00000	, 1	, 3616	,
		, 73	, 179.00000	, 1	, 3616	,
		, 75	, 1.65574	, 61	, 25	,
		, 91	, 269	, 1	, 	,
		, 91	, 270	, 1	, 	,
		, 115	, 13.25000	, 8	, 187	,
		, 126	, 6963.00000	, 1	, 57694	,
		, 131	, 15.57140	, 7	, 187	,
		, 131	, 16.00000	, 7	, 187	,
		, 131	, 18.50000	, 6	, 187	,
		, 132	, 7827	, 1	, 	,
		, 133	, 726.00000	, 1	, 5591	,
		, 176	, 1141.00000	, 1	, 11315	,
		, 286	, 28982.00000	, 1	, 173100	,
		, 302	, 34056.00000	, 1	, 200652	,
		, 311	, 37063	, 1	, 	,
		, 311	, 37419	, 1	, 	,
		, 691	, 459418	, 1	, 	,
		, 721	, 588805	, 1	, 	,
		, 970	, 1.51017e+06	, 1	, 	,
		, 1079	, 1.67467e+06	, 1	, 	,
		, 1154	, 1.91203e+06	, 1	, 	,
		, 1407	, 3623740.00000	, 1	, 4269660	,
		, 1524	, 4.66216e+06	, 1	, 	,
		, 1619	, 5.05455e+06	, 1	, 	,


 blowfish		, 3	, 0.02847	, 3513	, 0	,
		, 3	, 0.02902	, 3446	, 0	,
		, 3	, 0.03019	, 3312	, 1	,
		, 3	, 0.03465	, 2886	, 3	,
		, 5	, 0.03298	, 3032	, 0	,
		, 7	, 0.09728	, 1028	, 15	,
		, 7	, 0.09872	, 1013	, 10	,
		, 7	, 0.09901	, 1010	, 10	,
		, 7	, 0.16340	, 612	, 49	,
		, 7	, 0.16584	, 603	, 49	,
		, 8	, 0.05963	, 1677	, 3	,
		, 8	, 0.11561	, 865	, 12	,
		, 8	, 0.11990	, 834	, 13	,
		, 8	, 0.12048	, 830	, 13	,
		, 9	, 0.21645	, 462	, 39	,
		, 9	, 0.21645	, 462	, 39	,
		, 9	, 0.21692	, 461	, 39	,
		, 9	, 0.21692	, 461	, 39	,
		, 9	, 0.21692	, 461	, 39	,
		, 9	, 0.21692	, 461	, 39	,
		, 10	, 0.18832	, 531	, 37	,
		, 10	, 0.24752	, 404	, 46	,
		, 10	, 0.24752	, 404	, 46	,
		, 10	, 0.24752	, 404	, 46	,
		, 10	, 0.24814	, 403	, 46	,
		, 10	, 0.24814	, 403	, 46	,
		, 10	, 0.24938	, 401	, 46	,
		, 11	, 0.14514	, 689	, 12	,
		, 11	, 0.37175	, 269	, 76	,
		, 13	, 0.44643	, 224	, 85	,
		, 16	, 1.20482	, 83	, 161	,
		, 16	, 1.57812	, 64	, 261	,
		, 19	, 0.82645	, 121	, 86	,
		, 22	, 1.21687	, 83	, 113	,
		, 22	, 5.20000	, 20	, 497	,
		, 25	, 3.67857	, 28	, 340	,
		, 27	, 8.41667	, 12	, 545	,
		, 38	, 14.85710	, 7	, 651	,
		, 44	, 13.62500	, 8	, 651	,
		, 47	, 20.60000	, 5	, 810	,
		, 49	, 174.00000	, 1	, 4365	,
		, 55	, 149.00000	, 1	, 5104	,
		, 59	, 614.00000	, 1	, 11653	,
		, 64	, 62.00000	, 2	, 2501	,
		, 68	, 859.00000	, 1	, 11649	,
		, 80	, 880.00000	, 1	, 11561	,
		, 98	, 1859.00000	, 1	, 25582	,
		, 108	, 2329.00000	, 1	, 26422	,
		, 127	, 2855.00000	, 1	, 27434	,
		, 127	, 3053.00000	, 1	, 26180	,
		, 127	, 3483.00000	, 1	, 27495	,
		, 673	, 658876.00000	, 1	, 1752717	,
		, 674	, 664025.00000	, 1	, 1752721	,


 cjpeg		, 2	, 0.02428	, 4118	, 0	,
		, 2	, 0.02442	, 4095	, 0	,
		, 2	, 0.02456	, 4072	, 0	,
		, 2	, 0.02469	, 4050	, 0	,
		, 2	, 0.02472	, 4046	, 0	,
		, 2	, 0.02472	, 4046	, 0	,
		, 2	, 0.02474	, 4042	, 0	,
		, 2	, 0.02476	, 4039	, 0	,
		, 2	, 0.02476	, 4039	, 0	,
		, 2	, 0.02476	, 4039	, 0	,
		, 2	, 0.02476	, 4038	, 0	,
		, 2	, 0.02477	, 4037	, 0	,
		, 2	, 0.02477	, 4037	, 0	,
		, 2	, 0.02478	, 4036	, 0	,
		, 2	, 0.02478	, 4036	, 0	,
		, 2	, 0.02480	, 4032	, 0	,
		, 2	, 0.02481	, 4031	, 0	,
		, 2	, 0.02481	, 4031	, 0	,
		, 2	, 0.02481	, 4031	, 0	,
		, 2	, 0.02483	, 4028	, 0	,
		, 2	, 0.02483	, 4027	, 0	,
		, 2	, 0.02484	, 4026	, 0	,
		, 2	, 0.02485	, 4024	, 0	,
		, 2	, 0.02486	, 4023	, 0	,
		, 2	, 0.02486	, 4023	, 0	,
		, 2	, 0.02491	, 4014	, 0	,
		, 2	, 0.02494	, 4009	, 0	,
		, 3	, 0.02840	, 3521	, 0	,
		, 3	, 0.02944	, 3397	, 0	,
		, 3	, 0.02954	, 3385	, 0	,
		, 3	, 0.02985	, 3350	, 0	,
		, 3	, 0.02995	, 3339	, 0	,
		, 3	, 0.02997	, 3337	, 0	,
		, 3	, 0.03005	, 3328	, 0	,
		, 3	, 0.03009	, 3323	, 0	,
		, 3	, 0.03015	, 3317	, 0	,
		, 3	, 0.03016	, 3316	, 0	,
		, 3	, 0.03039	, 3291	, 0	,
		, 3	, 0.03136	, 3189	, 1	,
		, 3	, 0.03149	, 3176	, 1	,
		, 3	, 0.03152	, 3173	, 1	,
		, 3	, 0.03159	, 3166	, 1	,
		, 3	, 0.03161	, 3164	, 1	,
		, 3	, 0.03179	, 3146	, 1	,
		, 3	, 0.03184	, 3141	, 1	,
		, 3	, 0.03407	, 2935	, 3	,
		, 3	, 0.03425	, 2920	, 3	,
		, 3	, 0.03428	, 2917	, 3	,
		, 3	, 0.03428	, 2917	, 3	,
		, 3	, 0.03436	, 2910	, 1	,
		, 3	, 0.03439	, 2908	, 3	,
		, 3	, 0.03440	, 2907	, 3	,
		, 4	, 0.03423	, 2921	, 0	,
		, 4	, 0.03498	, 2859	, 1	,
		, 4	, 0.03846	, 2600	, 1	,
		, 4	, 0.03854	, 2595	, 1	,
		, 4	, 0.03857	, 2593	, 1	,
		, 4	, 0.03858	, 2592	, 1	,
		, 4	, 0.04060	, 2463	, 3	,
		, 4	, 0.04062	, 2462	, 1	,
		, 4	, 0.04080	, 2451	, 3	,
		, 4	, 0.04105	, 2436	, 3	,
		, 5	, 0.04474	, 2235	, 3	,
		, 5	, 0.04757	, 2102	, 3	,
		, 5	, 0.04843	, 2065	, 3	,
		, 5	, 0.06627	, 1509	, 6	,
		, 5	, 0.06636	, 1507	, 6	,
		, 5	, 0.06645	, 1505	, 6	,
		, 5	, 0.06645	, 1505	, 6	,
		, 5	, 0.06653	, 1503	, 6	,
		, 5	, 0.06658	, 1502	, 6	,
		, 5	, 0.06662	, 1501	, 6	,
		, 5	, 0.06671	, 1499	, 6	,
		, 6	, 0.04476	, 2234	, 1	,
		, 6	, 0.04983	, 2007	, 1	,
		, 6	, 0.05498	, 1819	, 3	,
		, 6	, 0.05498	, 1819	, 3	,
		, 6	, 0.05504	, 1817	, 3	,
		, 6	, 0.05534	, 1807	, 3	,
		, 6	, 0.05695	, 1756	, 5	,
		, 7	, 0.06930	, 1443	, 8	,
		, 7	, 0.06930	, 1443	, 8	,
		, 7	, 0.06940	, 1441	, 8	,
		, 7	, 0.06940	, 1441	, 8	,
		, 7	, 0.06940	, 1441	, 8	,
		, 7	, 0.06940	, 1441	, 8	,
		, 7	, 0.06940	, 1441	, 8	,
		, 7	, 0.06944	, 1440	, 8	,
		, 7	, 0.06944	, 1440	, 8	,
		, 7	, 0.06954	, 1438	, 8	,
		, 7	, 0.06954	, 1438	, 8	,
		, 7	, 0.06959	, 1437	, 8	,
		, 7	, 0.06959	, 1437	, 8	,
		, 7	, 0.06964	, 1436	, 8	,
		, 7	, 0.06964	, 1436	, 8	,
		, 7	, 0.06964	, 1436	, 8	,
		, 7	, 0.06964	, 1436	, 8	,
		, 7	, 0.06969	, 1435	, 8	,
		, 7	, 0.06974	, 1434	, 8	,
		, 7	, 0.07536	, 1327	, 7	,
		, 7	, 0.16420	, 609	, 49	,
		, 8	, 0.06835	, 1463	, 3	,
		, 8	, 0.07628	, 1311	, 8	,
		, 8	, 0.07645	, 1308	, 8	,
		, 8	, 0.11186	, 894	, 11	,
		, 8	, 0.11211	, 892	, 11	,
		, 9	, 0.05790	, 1727	, 1	,
		, 9	, 0.05807	, 1722	, 1	,
		, 9	, 0.06098	, 1640	, 1	,
		, 9	, 0.06116	, 1635	, 3	,
		, 9	, 0.10101	, 990	, 10	,
		, 9	, 0.10799	, 926	, 20	,
		, 9	, 0.13928	, 718	, 22	,
		, 10	, 0.05855	, 1708	, 1	,
		, 10	, 0.05869	, 1704	, 3	,
		, 10	, 0.06812	, 1468	, 3	,
		, 10	, 0.11416	, 876	, 10	,
		, 10	, 0.11521	, 868	, 10	,
		, 10	, 0.11534	, 867	, 10	,
		, 10	, 0.12092	, 827	, 14	,
		, 10	, 0.13369	, 748	, 27	,
		, 10	, 0.25126	, 398	, 36	,
		, 10	, 0.35211	, 284	, 88	,
		, 11	, 0.12920	, 774	, 10	,
		, 11	, 0.12937	, 773	, 10	,
		, 14	, 0.08977	, 1114	, 1	,
		, 15	, 0.27624	, 362	, 13	,
		, 15	, 0.42735	, 234	, 72	,
		, 15	, 0.42735	, 234	, 72	,
		, 15	, 0.42735	, 234	, 72	,
		, 34	, 3.43333	, 30	, 290	,
		, 42	, 12.22220	, 9	, 794	,
		, 48	, 42.00000	, 3	, 2288	,
		, 137	, 202.00000	, 1	, 3570	,


 fft		, 2	, 0.02701	, 3702	, 1	,
		, 3	, 0.03427	, 2918	, 3	,
		, 3	, 0.03428	, 2917	, 1	,
		, 3	, 0.03445	, 2903	, 3	,
		, 3	, 0.03448	, 2900	, 3	,
		, 3	, 0.03449	, 2899	, 3	,
		, 3	, 0.03452	, 2897	, 3	,
		, 3	, 0.03455	, 2894	, 3	,
		, 3	, 0.03479	, 2874	, 1	,
		, 4	, 0.05120	, 1953	, 7	,
		, 5	, 0.03989	, 2507	, 1	,
		, 5	, 0.06671	, 1499	, 6	,
		, 5	, 0.06676	, 1498	, 6	,
		, 5	, 0.06693	, 1494	, 13	,
		, 5	, 0.06748	, 1482	, 6	,
		, 5	, 0.08673	, 1153	, 24	,
		, 6	, 0.08993	, 1112	, 11	,
		, 6	, 0.09091	, 1100	, 11	,
		, 7	, 0.05698	, 1755	, 3	,
		, 7	, 0.05698	, 1755	, 3	,
		, 7	, 0.13228	, 756	, 28	,
		, 7	, 0.14993	, 667	, 21	,
		, 7	, 0.17794	, 562	, 46	,
		, 8	, 0.07651	, 1307	, 10	,
		, 8	, 0.11403	, 877	, 11	,
		, 8	, 0.11521	, 868	, 11	,
		, 8	, 0.13717	, 729	, 21	,
		, 8	, 0.13908	, 719	, 21	,
		, 8	, 0.15924	, 628	, 21	,
		, 9	, 0.35336	, 283	, 76	,
		, 11	, 0.20243	, 494	, 16	,
		, 12	, 0.31949	, 313	, 59	,
		, 12	, 0.48309	, 207	, 90	,
		, 12	, 0.63291	, 158	, 83	,
		, 12	, 0.64103	, 156	, 83	,
		, 13	, 1.81818	, 55	, 390	,
		, 14	, 0.63694	, 157	, 92	,
		, 15	, 0.81301	, 123	, 114	,
		, 16	, 0.14409	, 694	, 13	,
		, 16	, 0.14514	, 689	, 13	,
		, 19	, 4.25000	, 24	, 234	,
		, 38	, 15.57140	, 7	, 623	,
		, 52	, 56.00000	, 2	, 1085	,


 md5		, 2	, 0.02706	, 3696	, 1	,
		, 3	, 0.03054	, 3274	, 1	,
		, 3	, 0.03406	, 2936	, 3	,
		, 3	, 0.03420	, 2924	, 3	,
		, 4	, 0.03741	, 2673	, 3	,
		, 4	, 0.03852	, 2596	, 3	,
		, 4	, 0.04502	, 2221	, 7	,
		, 5	, 0.04852	, 2061	, 3	,
		, 5	, 0.04900	, 2041	, 3	,
		, 6	, 0.10267	, 974	, 24	,
		, 7	, 0.08368	, 1195	, 14	,
		, 7	, 0.13908	, 719	, 28	,
		, 7	, 0.14793	, 676	, 40	,
		, 10	, 0.12854	, 778	, 26	,
		, 10	, 0.15456	, 647	, 26	,
		, 10	, 0.15625	, 640	, 31	,
		, 11	, 0.61350	, 163	, 105	,
		, 12	, 0.24450	, 409	, 31	,
		, 12	, 0.38314	, 261	, 35	,
		, 12	, 0.47393	, 211	, 83	,
		, 13	, 0.41667	, 240	, 31	,
		, 13	, 1.40845	, 71	, 214	,
		, 15	, 1.42254	, 71	, 213	,
		, 17	, 1.06383	, 94	, 84	,
		, 19	, 2.88571	, 35	, 280	,
		, 20	, 5.10000	, 20	, 599	,
		, 21	, 4.72727	, 22	, 514	,
		, 27	, 8.41667	, 12	, 954	,
		, 37	, 25.00000	, 4	, 1986	,
		, 39	, 85.00000	, 2	, 2925	,
		, 55	, 70.50000	, 2	, 3833	,
		, 87	, 419.00000	, 1	, 12367	,
		, 959	, 4539460.00000	, 1	, 2782545	,


 sha		, 3	, 0.03005	, 3328	, 0	,
		, 6	, 0.04348	, 2300	, 1	,
		, 7	, 0.14620	, 684	, 40	,
		, 8	, 0.07968	, 1255	, 6	,
		, 8	, 0.07981	, 1253	, 13	,
		, 8	, 0.09785	, 1022	, 20	,
		, 9	, 0.06553	, 1526	, 6	,
		, 10	, 0.10288	, 972	, 12	,
		, 10	, 0.14771	, 677	, 21	,
		, 10	, 0.15552	, 643	, 18	,
		, 10	, 0.15649	, 639	, 18	,
		, 10	, 0.25641	, 390	, 43	,
		, 11	, 0.22272	, 449	, 36	,
		, 11	, 0.60606	, 165	, 105	,
		, 12	, 0.10000	, 1000	, 8	,
		, 15	, 0.70422	, 142	, 127	,
		, 16	, 0.11891	, 841	, 3	,
		, 19	, 1.44286	, 70	, 235	,
		, 24	, 1.85185	, 54	, 243	,
		, 24	, 1.85185	, 54	, 243	,
		, 24	, 1.85185	, 54	, 243	,
		, 24	, 1.87037	, 54	, 243	,
		, 24	, 5.66667	, 18	, 643	,
		, 25	, 0.42918	, 233	, 15	,
		, 26	, 9.54545	, 11	, 1060	,
		, 29	, 11.11110	, 9	, 1116	,
		, 32	, 15.42860	, 7	, 1041	,
		, 33	, 35.00000	, 3	, 1815	,
		, 33	, 35.00000	, 3	, 1815	,
		, 34	, 38.33330	, 3	, 1883	,
		, 35	, 43.66670	, 3	, 1939	,
		, 41	, 36.33330	, 3	, 2206	,
		, 48	, 59.00000	, 2	, 3252	,
		, 53	, 74.50000	, 2	, 3683	,
		, 147	, 1693.00000	, 1	, 29955	,


 sor		, 2	, 0.02655	, 3767	, 1	,
		, 2	, 0.02668	, 3748	, 3	,
		, 3	, 0.03429	, 2916	, 3	,
		, 3	, 0.03442	, 2905	, 1	,
		, 4	, 0.03761	, 2659	, 3	,
		, 5	, 0.06618	, 1511	, 6	,
		, 5	, 0.06631	, 1508	, 13	,
		, 5	, 0.06649	, 1504	, 13	,
		, 5	, 0.06662	, 1501	, 13	,
		, 8	, 0.20790	, 481	, 36	,
		, 10	, 0.25510	, 392	, 54	,
		, 10	, 0.27248	, 367	, 69	,
		, 14	, 0.44053	, 227	, 69	,
		, 14	, 1.77193	, 57	, 350	,
		, 15	, 0.75758	, 132	, 82	,
		, 15	, 0.82645	, 121	, 126	,
		, 29	, 6.93333	, 15	, 202	,
		, 29	, 8.83333	, 12	, 476	,


 whetstone		, 3	, 0.02920	, 3425	, 0	,
		, 3	, 0.02981	, 3355	, 1	,
		, 3	, 0.03131	, 3194	, 1	,
		, 3	, 0.03151	, 3174	, 1	,
		, 4	, 0.02855	, 3503	, 0	,
		, 4	, 0.03634	, 2752	, 0	,
		, 4	, 0.03638	, 2749	, 1	,
		, 4	, 0.04049	, 2470	, 3	,
		, 5	, 0.04167	, 2400	, 3	,
		, 5	, 0.04369	, 2289	, 1	,
		, 5	, 0.04778	, 2093	, 3	,
		, 6	, 0.05456	, 1833	, 3	,
		, 6	, 0.05952	, 1680	, 7	,
		, 6	, 0.06246	, 1601	, 7	,
		, 7	, 0.05359	, 1866	, 3	,
		, 7	, 0.14124	, 708	, 27	,
		, 7	, 0.14124	, 708	, 27	,
		, 7	, 0.14124	, 708	, 27	,
		, 7	, 0.14144	, 707	, 27	,
		, 8	, 0.06645	, 1505	, 6	,
		, 8	, 0.07782	, 1285	, 10	,
		, 9	, 0.09158	, 1092	, 6	,
		, 9	, 0.17065	, 586	, 27	,
		, 10	, 0.11990	, 834	, 14	,
		, 10	, 0.15106	, 662	, 17	,
		, 10	, 0.33670	, 297	, 56	,
		, 12	, 0.12953	, 772	, 10	,
		, 12	, 0.42735	, 234	, 79	,
		, 14	, 0.60606	, 165	, 27	,
		, 14	, 0.69444	, 144	, 88	,
		, 15	, 0.21368	, 468	, 15	,
		, 15	, 0.35088	, 285	, 28	,
		, 18	, 0.46296	, 216	, 45	,
		, 19	, 0.29851	, 335	, 33	,
		, 24	, 0.97087	, 103	, 78	,
		, 29	, 20.00000	, 5	, 886	,
		, 31	, 25.00000	, 4	, 964	,
		, 39	, 23.40000	, 5	, 361	,
		, 39	, 30.50000	, 4	, 1572	,
