singlecut	, size	, time	, it	, cand	,


 adpcm		, 3	, 0.03442	, 2905	, 3	,
		, 3	, 0.03445	, 2903	, 3	,
		, 3	, 0.03455	, 2894	, 3	,
		, 4	, 0.03812	, 2623	, 1	,
		, 5	, 0.04983	, 2007	, 5	,
		, 5	, 0.06618	, 1511	, 6	,
		, 5	, 0.06631	, 1508	, 6	,
		, 5	, 0.06649	, 1504	, 6	,
		, 5	, 0.06653	, 1503	, 6	,
		, 5	, 0.06689	, 1495	, 13	,
		, 6	, 0.07008	, 1427	, 13	,
		, 6	, 0.07032	, 1422	, 13	,
		, 7	, 0.11574	, 864	, 22	,
		, 7	, 0.11601	, 862	, 22	,
		, 8	, 0.07559	, 1323	, 3	,
		, 8	, 0.07581	, 1319	, 3	,
		, 10	, 0.16475	, 607	, 21	,
		, 11	, 0.10267	, 974	, 7	,
		, 11	, 0.42194	, 237	, 78	,
		, 11	, 0.48780	, 205	, 96	,
		, 11	, 0.48780	, 205	, 96	,
		, 12	, 0.12180	, 821	, 15	,
		, 12	, 0.23529	, 425	, 24	,
		, 12	, 0.31546	, 317	, 44	,
		, 14	, 0.30212	, 331	, 29	,
		, 14	, 0.30303	, 330	, 44	,
		, 14	, 0.44053	, 227	, 32	,
		, 17	, 0.53476	, 187	, 50	,
		, 18	, 1.16279	, 86	, 168	,
		, 18	, 1.16279	, 86	, 168	,
		, 20	, 1.46377	, 69	, 128	,
		, 21	, 1.81818	, 55	, 156	,
		, 31	, 15.71430	, 7	, 1765	,
		, 38	, 68.00000	, 2	, 8323	,
		, 38	, 68.00000	, 2	, 8323	,
		, 55	, 148.00000	, 1	, 6841	,


 aes		, 1	, 0.01692	, 5911	, 0	,
		, 1	, 0.01693	, 5907	, 0	,
		, 1	, 0.01703	, 5871	, 0	,
		, 1	, 0.01707	, 5857	, 0	,
		, 3	, 0.02979	, 3357	, 0	,
		, 3	, 0.02986	, 3349	, 1	,
		, 3	, 0.03390	, 2950	, 3	,
		, 3	, 0.03394	, 2946	, 3	,
		, 3	, 0.03400	, 2941	, 3	,
		, 3	, 0.03405	, 2937	, 3	,
		, 3	, 0.03414	, 2929	, 3	,
		, 3	, 0.03415	, 2928	, 3	,
		, 3	, 0.03422	, 2922	, 3	,
		, 3	, 0.03425	, 2920	, 3	,
		, 3	, 0.03425	, 2920	, 3	,
		, 3	, 0.03426	, 2919	, 3	,
		, 3	, 0.03446	, 2902	, 3	,
		, 3	, 0.03447	, 2901	, 3	,
		, 4	, 0.0345304	, 2896	, 	,
		, 4	, 0.0345304	, 2896	, 	,
		, 4	, 0.0346861	, 2883	, 	,
		, 4	, 0.0347102	, 2881	, 	,
		, 4	, 0.0347584	, 2877	, 	,
		, 4	, 0.0348554	, 2869	, 	,
		, 4	, 0.03788	, 2640	, 1	,
		, 4	, 0.03789	, 2639	, 1	,
		, 4	, 0.03795	, 2635	, 1	,
		, 4	, 0.03799	, 2632	, 1	,
		, 4	, 0.04924	, 2031	, 3	,
		, 5	, 0.04160	, 2404	, 3	,
		, 5	, 0.06002	, 1666	, 3	,
		, 5	, 0.06553	, 1526	, 13	,
		, 5	, 0.06562	, 1524	, 6	,
		, 5	, 0.06570	, 1522	, 6	,
		, 5	, 0.06575	, 1521	, 6	,
		, 5	, 0.06579	, 1520	, 6	,
		, 5	, 0.06583	, 1519	, 6	,
		, 5	, 0.06588	, 1518	, 6	,
		, 5	, 0.06588	, 1518	, 6	,
		, 5	, 0.06601	, 1515	, 6	,
		, 5	, 0.06614	, 1512	, 6	,
		, 5	, 0.06807	, 1469	, 7	,
		, 5	, 0.06821	, 1466	, 13	,
		, 5	, 0.06826	, 1465	, 7	,
		, 6	, 0.04608	, 2170	, 3	,
		, 6	, 0.04733	, 2113	, 1	,
		, 6	, 0.04744	, 2108	, 1	,
		, 6	, 0.04748	, 2106	, 1	,
		, 6	, 0.04751	, 2105	, 3	,
		, 6	, 0.04936	, 2026	, 1	,
		, 6	, 0.05675	, 1762	, 3	,
		, 6	, 0.05682	, 1760	, 3	,
		, 6	, 0.05685	, 1759	, 3	,
		, 6	, 0.05688	, 1758	, 3	,
		, 6	, 0.05692	, 1757	, 3	,
		, 6	, 0.05695	, 1756	, 3	,
		, 6	, 0.05698	, 1755	, 3	,
		, 6	, 0.05705	, 1753	, 3	,
		, 6	, 0.05705	, 1753	, 3	,
		, 6	, 0.05708	, 1752	, 3	,
		, 6	, 0.06274	, 1594	, 10	,
		, 6	, 0.06277	, 1593	, 10	,
		, 6	, 0.06305	, 1586	, 10	,
		, 6	, 0.06313	, 1584	, 10	,
		, 6	, 0.06321	, 1582	, 10	,
		, 6	, 0.06321	, 1582	, 10	,
		, 6	, 0.07102	, 1408	, 12	,
		, 6	, 0.0715308	, 1398	, 	,
		, 6	, 0.07315	, 1367	, 3	,
		, 6	, 0.10121	, 988	, 24	,
		, 6	, 0.10121	, 988	, 24	,
		, 6	, 0.10142	, 986	, 24	,
		, 6	, 0.10142	, 986	, 24	,
		, 6	, 0.10142	, 986	, 24	,
		, 6	, 0.10152	, 985	, 24	,
		, 6	, 0.10152	, 985	, 24	,
		, 6	, 0.10152	, 985	, 24	,
		, 6	, 0.10152	, 985	, 24	,
		, 6	, 0.10152	, 985	, 24	,
		, 6	, 0.10163	, 984	, 24	,
		, 6	, 0.10163	, 984	, 24	,
		, 6	, 0.10173	, 983	, 24	,
		, 6	, 0.10194	, 981	, 24	,
		, 7	, 0.07348	, 1361	, 13	,
		, 7	, 0.12690	, 788	, 11	,
		, 7	, 0.12707	, 787	, 11	,
		, 7	, 0.13245	, 755	, 24	,
		, 7	, 0.13263	, 754	, 24	,
		, 7	, 0.13263	, 754	, 24	,
		, 7	, 0.13316	, 751	, 24	,
		, 7	, 0.17271	, 579	, 46	,
		, 7	, 0.17271	, 579	, 46	,
		, 7	, 0.17331	, 577	, 46	,
		, 7	, 0.17361	, 576	, 46	,
		, 8	, 0.07855	, 1273	, 13	,
		, 8	, 0.07862	, 1272	, 13	,
		, 8	, 0.07868	, 1271	, 13	,
		, 8	, 0.07880	, 1269	, 13	,
		, 8	, 0.07893	, 1267	, 13	,
		, 8	, 0.07955	, 1257	, 13	,
		, 8	, 0.07987	, 1252	, 7	,
		, 8	, 0.07994	, 1251	, 7	,
		, 8	, 0.08026	, 1246	, 7	,
		, 8	, 0.19084	, 524	, 24	,
		, 8	, 0.23310	, 429	, 37	,
		, 8	, 0.25907	, 386	, 59	,
		, 9	, 0.09158	, 1092	, 12	,
		, 9	, 0.09158	, 1092	, 12	,
		, 9	, 0.09183	, 1089	, 12	,
		, 9	, 0.21978	, 455	, 40	,
		, 10	, 0.11933	, 838	, 8	,
		, 10	, 0.11947	, 837	, 8	,
		, 10	, 0.19268	, 519	, 21	,
		, 10	, 0.36232	, 276	, 107	,
		, 10	, 0.41494	, 241	, 82	,
		, 11	, 0.58479	, 171	, 134	,
		, 11	, 0.81967	, 122	, 145	,
		, 12	, 0.65360	, 153	, 152	,
		, 12	, 0.65360	, 153	, 152	,
		, 12	, 0.65360	, 153	, 152	,
		, 13	, 0.46948	, 213	, 133	,
		, 14	, 0.28249	, 354	, 41	,
		, 14	, 1.36986	, 73	, 278	,
		, 14	, 1.40845	, 71	, 205	,
		, 14	, 1.40845	, 71	, 205	,
		, 14	, 1.40845	, 71	, 205	,
		, 15	, 2.56410	, 39	, 241	,
		, 17	, 0.72464	, 138	, 45	,
		, 17	, 1.00000	, 100	, 90	,
		, 22	, 4.90476	, 21	, 270	,
		, 24	, 3.74074	, 27	, 200	,
		, 25	, 3.84615	, 26	, 200	,
		, 25	, 3.88462	, 26	, 200	,
		, 28	, 6.31250	, 16	, 335	,
		, 29	, 5.15000	, 20	, 486	,
		, 29	, 6.37500	, 16	, 335	,
		, 29	, 6.66667	, 15	, 335	,
		, 29	, 6.86667	, 15	, 496	,
		, 31	, 0.49751	, 201	, 25	,
		, 31	, 14.71430	, 7	, 990	,
		, 31	, 14.71430	, 7	, 990	,
		, 33	, 21.40000	, 5	, 770	,
		, 33	, 21.40000	, 5	, 770	,
		, 33	, 21.40000	, 5	, 770	,
		, 34	, 18.33330	, 6	, 1128	,
		, 34	, 18.33330	, 6	, 1128	,
		, 34	, 18.33330	, 6	, 1128	,
		, 35	, 0.55866	, 179	, 25	,
		, 35	, 0.58479	, 171	, 25	,
		, 35	, 20.00000	, 5	, 1177	,
		, 42	, 26.25000	, 4	, 668	,
		, 54	, 68.50000	, 2	, 2086	,
		, 54	, 9.36364	, 11	, 168	,
		, 67	, 126.00000	, 1	, 2898	,
		, 68	, 125.00000	, 1	, 3051	,
		, 73	, 177.00000	, 1	, 3663	,
		, 73	, 177.00000	, 1	, 3663	,
		, 73	, 177.00000	, 1	, 3663	,
		, 75	, 1.61290	, 62	, 25	,
		, 91	, 264	, 1	, 	,
		, 91	, 265	, 1	, 	,
		, 115	, 13.00000	, 8	, 187	,
		, 126	, 40911.00000	, 1	, 759762	,
		, 131	, 15.42860	, 7	, 187	,
		, 131	, 15.85710	, 7	, 187	,
		, 131	, 18.16670	, 6	, 187	,
		, 132	, 45370	, 1	, 	,
		, 133	, 711.00000	, 1	, 5831	,
		, 176	, 1122.00000	, 1	, 12639	,
		, 286	, 42245.00000	, 1	, 484056	,
		, 302	, 49892.00000	, 1	, 549240	,
		, 311	, 56881	, 1	, 	,
		, 311	, 57062	, 1	, 	,
		, 691	, 1.21385e+06	, 1	, 	,
		, 721	, 1.91194e+06	, 1	, 	,
		, 970	, 4.96079e+06	, 1	, 	,
		, 1079	, 3.70143e+06	, 1	, 	,
		, 1154	, 4.6736e+06	, 1	, 	,
		, 1407	, 5.4032e+06	, 1	, 	,
		, 1524	, 7.23403e+06	, 1	, 	,
		, 1619	, 1.13685e+07	, 1	, 	,


 blowfish		, 3	, 0.0284252	, 3518	, 	,
		, 3	, 0.02877	, 3476	, 0	,
		, 3	, 0.0299581	, 3338	, 	,
		, 3	, 0.0344116	, 2906	, 	,
		, 5	, 0.03275	, 3053	, 0	,
		, 7	, 0.09737	, 1027	, 15	,
		, 7	, 0.09901	, 1010	, 10	,
		, 7	, 0.09901	, 1010	, 10	,
		, 7	, 0.16340	, 612	, 50	,
		, 7	, 0.16420	, 609	, 50	,
		, 8	, 0.05914	, 1691	, 3	,
		, 8	, 0.11614	, 861	, 12	,
		, 8	, 0.11947	, 837	, 13	,
		, 8	, 0.11976	, 835	, 13	,
		, 9	, 0.21645	, 462	, 40	,
		, 9	, 0.21692	, 461	, 40	,
		, 9	, 0.21692	, 461	, 40	,
		, 9	, 0.21692	, 461	, 40	,
		, 9	, 0.21692	, 461	, 40	,
		, 9	, 0.21787	, 459	, 40	,
		, 10	, 0.188324	, 531	, 	,
		, 10	, 0.24814	, 403	, 48	,
		, 10	, 0.24814	, 403	, 48	,
		, 10	, 0.24876	, 402	, 48	,
		, 10	, 0.24876	, 402	, 48	,
		, 10	, 0.24876	, 402	, 48	,
		, 10	, 0.25000	, 400	, 48	,
		, 11	, 0.145773	, 686	, 	,
		, 11	, 0.371747	, 269	, 	,
		, 13	, 0.45045	, 222	, 95	,
		, 16	, 1.20482	, 83	, 	,
		, 16	, 1.57812	, 64	, 	,
		, 19	, 0.81301	, 123	, 89	,
		, 22	, 1.20482	, 83	, 	,
		, 22	, 5.20000	, 20	, 512	,
		, 25	, 3.81481	, 27	, 	,
		, 27	, 8.83333	, 12	, 	,
		, 38	, 14.8571	, 7	, 	,
		, 44	, 13.62500	, 8	, 651	,
		, 47	, 20.6	, 5	, 	,
		, 49	, 292	, 1	, 	,
		, 55	, 226	, 1	, 	,
		, 59	, 2259.00000	, 1	, 95964	,
		, 64	, 62.00000	, 2	, 2532	,
		, 68	, 4097.00000	, 1	, 98183	,
		, 80	, 4290.00000	, 1	, 103382	,
		, 98	, 7926	, 1	, 	,
		, 108	, 8614.00000	, 1	, 152795	,
		, 127	, 13516.00000	, 1	, 233048	,
		, 127	, 7369.00000	, 1	, 162114	,
		, 127	, 8857	, 1	, 	,
		, 673	, 1.13258e+06	, 1	, 	,
		, 674	, 1145080.00000	, 1	, 6690404	,


 cjpeg		, 2	, 0.02399	, 4169	, 0	,
		, 2	, 0.02410	, 4149	, 0	,
		, 2	, 0.02415	, 4140	, 0	,
		, 2	, 0.02437	, 4103	, 0	,
		, 2	, 0.02440	, 4099	, 0	,
		, 2	, 0.02440	, 4098	, 0	,
		, 2	, 0.02440	, 4098	, 0	,
		, 2	, 0.02442	, 4095	, 0	,
		, 2	, 0.02442	, 4095	, 0	,
		, 2	, 0.02443	, 4094	, 0	,
		, 2	, 0.02445	, 4090	, 0	,
		, 2	, 0.02445	, 4090	, 0	,
		, 2	, 0.02445	, 4090	, 0	,
		, 2	, 0.02445	, 4090	, 0	,
		, 2	, 0.02446	, 4089	, 0	,
		, 2	, 0.02447	, 4086	, 0	,
		, 2	, 0.02449	, 4084	, 0	,
		, 2	, 0.02453	, 4076	, 0	,
		, 2	, 0.02458	, 4069	, 0	,
		, 2	, 0.02458	, 4068	, 0	,
		, 2	, 0.02461	, 4063	, 0	,
		, 2	, 0.02463	, 4060	, 0	,
		, 2	, 0.02465	, 4057	, 0	,
		, 2	, 0.02470	, 4048	, 0	,
		, 2	, 0.02472	, 4045	, 0	,
		, 2	, 0.02472	, 4045	, 0	,
		, 2	, 0.02473	, 4044	, 0	,
		, 3	, 0.02805	, 3565	, 0	,
		, 3	, 0.02896	, 3453	, 0	,
		, 3	, 0.02897	, 3452	, 0	,
		, 3	, 0.02952	, 3387	, 0	,
		, 3	, 0.02952	, 3387	, 0	,
		, 3	, 0.02957	, 3382	, 0	,
		, 3	, 0.02965	, 3373	, 0	,
		, 3	, 0.02967	, 3370	, 0	,
		, 3	, 0.02971	, 3366	, 0	,
		, 3	, 0.02990	, 3345	, 0	,
		, 3	, 0.02991	, 3343	, 0	,
		, 3	, 0.03083	, 3244	, 1	,
		, 3	, 0.03091	, 3235	, 1	,
		, 3	, 0.03099	, 3227	, 1	,
		, 3	, 0.03102	, 3224	, 1	,
		, 3	, 0.03108	, 3218	, 1	,
		, 3	, 0.03108	, 3217	, 1	,
		, 3	, 0.03108	, 3217	, 1	,
		, 3	, 0.03348	, 2987	, 3	,
		, 3	, 0.03357	, 2979	, 3	,
		, 3	, 0.03359	, 2977	, 3	,
		, 3	, 0.03380	, 2959	, 3	,
		, 3	, 0.03381	, 2958	, 3	,
		, 3	, 0.03382	, 2957	, 1	,
		, 3	, 0.03385	, 2954	, 3	,
		, 4	, 0.03341	, 2993	, 0	,
		, 4	, 0.03416	, 2927	, 1	,
		, 4	, 0.03774	, 2650	, 1	,
		, 4	, 0.03778	, 2647	, 1	,
		, 4	, 0.03779	, 2646	, 1	,
		, 4	, 0.03786	, 2641	, 1	,
		, 4	, 0.03987	, 2508	, 3	,
		, 4	, 0.04006	, 2496	, 3	,
		, 4	, 0.04037	, 2477	, 3	,
		, 4	, 0.04000	, 2500	, 1	,
		, 5	, 0.04423	, 2261	, 3	,
		, 5	, 0.04664	, 2144	, 3	,
		, 5	, 0.04771	, 2096	, 3	,
		, 5	, 0.06523	, 1533	, 6	,
		, 5	, 0.06527	, 1532	, 6	,
		, 5	, 0.06536	, 1530	, 6	,
		, 5	, 0.06536	, 1530	, 6	,
		, 5	, 0.06540	, 1529	, 6	,
		, 5	, 0.06545	, 1528	, 6	,
		, 5	, 0.06549	, 1527	, 6	,
		, 5	, 0.06562	, 1524	, 6	,
		, 6	, 0.04429	, 2258	, 1	,
		, 6	, 0.04907	, 2038	, 1	,
		, 6	, 0.05397	, 1853	, 3	,
		, 6	, 0.05402	, 1851	, 3	,
		, 6	, 0.05414	, 1847	, 3	,
		, 6	, 0.05450	, 1835	, 3	,
		, 6	, 0.05618	, 1780	, 5	,
		, 7	, 0.06821	, 1466	, 8	,
		, 7	, 0.06821	, 1466	, 8	,
		, 7	, 0.06826	, 1465	, 8	,
		, 7	, 0.06826	, 1465	, 8	,
		, 7	, 0.06826	, 1465	, 8	,
		, 7	, 0.06831	, 1464	, 8	,
		, 7	, 0.06835	, 1463	, 8	,
		, 7	, 0.06840	, 1462	, 8	,
		, 7	, 0.06845	, 1461	, 8	,
		, 7	, 0.06845	, 1461	, 8	,
		, 7	, 0.06849	, 1460	, 8	,
		, 7	, 0.06849	, 1460	, 8	,
		, 7	, 0.06849	, 1460	, 8	,
		, 7	, 0.06854	, 1459	, 8	,
		, 7	, 0.06854	, 1459	, 8	,
		, 7	, 0.06868	, 1456	, 8	,
		, 7	, 0.06873	, 1455	, 8	,
		, 7	, 0.06873	, 1455	, 8	,
		, 7	, 0.06882	, 1453	, 8	,
		, 7	, 0.07435	, 1345	, 7	,
		, 7	, 0.16000	, 625	, 50	,
		, 8	, 0.06729	, 1486	, 3	,
		, 8	, 0.07485	, 1336	, 8	,
		, 8	, 0.07519	, 1330	, 8	,
		, 8	, 0.10953	, 913	, 11	,
		, 8	, 0.11013	, 908	, 11	,
		, 9	, 0.05688	, 1758	, 1	,
		, 9	, 0.05747	, 1740	, 1	,
		, 9	, 0.06024	, 1660	, 1	,
		, 9	, 0.06039	, 1656	, 3	,
		, 9	, 0.09970	, 1003	, 10	,
		, 9	, 0.10650	, 939	, 20	,
		, 9	, 0.13699	, 730	, 22	,
		, 10	, 0.05764	, 1735	, 1	,
		, 10	, 0.05784	, 1729	, 3	,
		, 10	, 0.06752	, 1481	, 3	,
		, 10	, 0.11198	, 893	, 10	,
		, 10	, 0.11338	, 882	, 10	,
		, 10	, 0.11403	, 877	, 10	,
		, 10	, 0.11905	, 840	, 14	,
		, 10	, 0.13106	, 763	, 28	,
		, 10	, 0.24691	, 405	, 36	,
		, 10	, 0.34247	, 292	, 93	,
		, 11	, 0.12739	, 785	, 10	,
		, 11	, 0.12755	, 784	, 10	,
		, 14	, 0.08865	, 1128	, 1	,
		, 15	, 0.27855	, 359	, 14	,
		, 15	, 0.41841	, 239	, 77	,
		, 15	, 0.42017	, 238	, 77	,
		, 15	, 0.42017	, 238	, 77	,
		, 34	, 3.40000	, 30	, 314	,
		, 42	, 11.88890	, 9	, 858	,
		, 48	, 41.00000	, 3	, 2339	,
		, 137	, 197.00000	, 1	, 3570	,


 fft		, 2	, 0.02660	, 3760	, 1	,
		, 3	, 0.03356	, 2980	, 1	,
		, 3	, 0.03368	, 2969	, 3	,
		, 3	, 0.03373	, 2965	, 3	,
		, 3	, 0.03376	, 2962	, 3	,
		, 3	, 0.03390	, 2950	, 3	,
		, 3	, 0.03392	, 2948	, 1	,
		, 3	, 0.03409	, 2933	, 3	,
		, 3	, 0.03419	, 2925	, 3	,
		, 4	, 0.05056	, 1978	, 7	,
		, 5	, 0.03931	, 2544	, 1	,
		, 5	, 0.06519	, 1534	, 6	,
		, 5	, 0.06536	, 1530	, 13	,
		, 5	, 0.06549	, 1527	, 6	,
		, 5	, 0.06562	, 1524	, 6	,
		, 5	, 0.08453	, 1183	, 24	,
		, 6	, 0.08780	, 1139	, 11	,
		, 6	, 0.08811	, 1135	, 11	,
		, 7	, 0.05596	, 1787	, 3	,
		, 7	, 0.05596	, 1787	, 3	,
		, 7	, 0.12953	, 772	, 28	,
		, 7	, 0.14749	, 678	, 21	,
		, 7	, 0.17212	, 581	, 46	,
		, 8	, 0.07524	, 1329	, 10	,
		, 8	, 0.11087	, 902	, 11	,
		, 8	, 0.11087	, 902	, 11	,
		, 8	, 0.13459	, 743	, 21	,
		, 8	, 0.13550	, 738	, 21	,
		, 8	, 0.15456	, 647	, 21	,
		, 9	, 0.33898	, 295	, 78	,
		, 11	, 0.19608	, 510	, 16	,
		, 12	, 0.31056	, 322	, 60	,
		, 12	, 0.47170	, 212	, 90	,
		, 12	, 0.61350	, 163	, 85	,
		, 12	, 0.61350	, 163	, 85	,
		, 13	, 1.75439	, 57	, 465	,
		, 14	, 0.60976	, 164	, 95	,
		, 15	, 0.80000	, 125	, 120	,
		, 16	, 0.14144	, 707	, 13	,
		, 16	, 0.14245	, 702	, 13	,
		, 19	, 4.80952	, 21	, 338	,
		, 38	, 15.28570	, 7	, 725	,
		, 52	, 62.00000	, 2	, 1628	,


 md5		, 2	, 0.02695	, 3711	, 1	,
		, 3	, 0.03028	, 3302	, 1	,
		, 3	, 0.033761	, 2962	, 	,
		, 3	, 0.0338066	, 2958	, 	,
		, 4	, 0.0368868	, 2711	, 	,
		, 4	, 0.0381388	, 2622	, 	,
		, 4	, 0.04480	, 2232	, 7	,
		, 5	, 0.0484731	, 2063	, 	,
		, 5	, 0.0485909	, 2058	, 	,
		, 6	, 0.10152	, 985	, 24	,
		, 7	, 0.0835422	, 1197	, 	,
		, 7	, 0.137931	, 725	, 	,
		, 7	, 0.146199	, 684	, 	,
		, 10	, 0.127389	, 785	, 	,
		, 10	, 0.152905	, 654	, 	,
		, 10	, 0.15504	, 645	, 31	,
		, 11	, 0.609756	, 164	, 	,
		, 12	, 0.243309	, 411	, 	,
		, 12	, 0.381679	, 262	, 	,
		, 12	, 0.469484	, 213	, 	,
		, 13	, 0.429185	, 233	, 	,
		, 13	, 1.42857	, 70	, 	,
		, 15	, 1.42857	, 70	, 	,
		, 17	, 1.08696	, 92	, 	,
		, 19	, 3.15625	, 32	, 	,
		, 20	, 5.36842	, 19	, 	,
		, 21	, 4.85714	, 21	, 	,
		, 27	, 8.58333	, 12	, 1110	,
		, 37	, 25.50000	, 4	, 2316	,
		, 39	, 136.00000	, 1	, 11063	,
		, 55	, 72.00000	, 2	, 4427	,
		, 87	, 429	, 1	, 	,
		, 959	, 1.36106e+07	, 1	, 	,


 sha		, 3	, 0.02974	, 3362	, 0	,
		, 6	, 0.04297	, 2327	, 1	,
		, 7	, 0.14663	, 682	, 40	,
		, 8	, 0.07893	, 1267	, 6	,
		, 8	, 0.07949	, 1258	, 13	,
		, 8	, 0.09794	, 1021	, 20	,
		, 9	, 0.06515	, 1535	, 6	,
		, 10	, 0.10214	, 979	, 12	,
		, 10	, 0.14727	, 679	, 21	,
		, 10	, 0.15504	, 645	, 18	,
		, 10	, 0.15504	, 645	, 18	,
		, 10	, 0.25575	, 391	, 44	,
		, 11	, 0.22321	, 448	, 36	,
		, 11	, 0.60976	, 164	, 119	,
		, 12	, 0.10000	, 1000	, 8	,
		, 15	, 0.70422	, 142	, 149	,
		, 16	, 0.11765	, 850	, 3	,
		, 19	, 1.44286	, 70	, 253	,
		, 24	, 1.85185	, 54	, 256	,
		, 24	, 1.85185	, 54	, 256	,
		, 24	, 1.87037	, 54	, 256	,
		, 24	, 1.87037	, 54	, 256	,
		, 24	, 5.61111	, 18	, 680	,
		, 25	, 0.42735	, 234	, 15	,
		, 26	, 9.72727	, 11	, 1280	,
		, 29	, 11.33330	, 9	, 1336	,
		, 32	, 16.14290	, 7	, 1280	,
		, 33	, 75.00000	, 2	, 6691	,
		, 33	, 75.00000	, 2	, 6691	,
		, 34	, 89.50000	, 2	, 6810	,
		, 35	, 88.50000	, 2	, 6612	,
		, 41	, 37.33330	, 3	, 2487	,
		, 48	, 60.00000	, 2	, 3602	,
		, 53	, 76.00000	, 2	, 4208	,
		, 147	, 1744.00000	, 1	, 36827	,


 sor		, 2	, 0.02665	, 3753	, 3	,
		, 2	, 0.02665	, 3752	, 1	,
		, 3	, 0.03397	, 2944	, 3	,
		, 3	, 0.03446	, 2902	, 1	,
		, 4	, 0.03751	, 2666	, 3	,
		, 5	, 0.06592	, 1517	, 13	,
		, 5	, 0.06592	, 1517	, 13	,
		, 5	, 0.06601	, 1515	, 6	,
		, 5	, 0.06614	, 1512	, 13	,
		, 8	, 0.20408	, 490	, 36	,
		, 10	, 0.25000	, 400	, 55	,
		, 10	, 0.26596	, 376	, 78	,
		, 14	, 0.43290	, 231	, 69	,
		, 14	, 1.72414	, 58	, 410	,
		, 15	, 0.74074	, 135	, 83	,
		, 15	, 0.80645	, 124	, 137	,
		, 29	, 10.00000	, 10	, 797	,
		, 29	, 9.54545	, 11	, 350	,


 whetstone		, 3	, 0.02951	, 3389	, 0	,
		, 3	, 0.02996	, 3338	, 1	,
		, 3	, 0.03127	, 3198	, 1	,
		, 3	, 0.03131	, 3194	, 1	,
		, 4	, 0.02847	, 3512	, 0	,
		, 4	, 0.03490	, 2865	, 0	,
		, 4	, 0.03663	, 2730	, 1	,
		, 4	, 0.04082	, 2450	, 3	,
		, 5	, 0.04193	, 2385	, 3	,
		, 5	, 0.04390	, 2278	, 1	,
		, 5	, 0.04819	, 2075	, 3	,
		, 6	, 0.05482	, 1824	, 3	,
		, 6	, 0.05992	, 1669	, 7	,
		, 6	, 0.06325	, 1581	, 7	,
		, 7	, 0.05397	, 1853	, 3	,
		, 7	, 0.14084	, 710	, 27	,
		, 7	, 0.14184	, 705	, 27	,
		, 7	, 0.14184	, 705	, 27	,
		, 7	, 0.14245	, 702	, 27	,
		, 8	, 0.06645	, 1505	, 6	,
		, 8	, 0.07825	, 1278	, 10	,
		, 9	, 0.09242	, 1082	, 6	,
		, 9	, 0.17007	, 588	, 27	,
		, 10	, 0.11962	, 836	, 14	,
		, 10	, 0.15198	, 658	, 17	,
		, 10	, 0.34130	, 293	, 57	,
		, 12	, 0.13072	, 765	, 10	,
		, 12	, 0.42553	, 235	, 79	,
		, 14	, 0.62112	, 161	, 28	,
		, 14	, 0.68966	, 145	, 88	,
		, 15	, 0.21277	, 470	, 15	,
		, 15	, 0.34965	, 286	, 28	,
		, 18	, 0.46083	, 217	, 45	,
		, 19	, 0.29762	, 336	, 36	,
		, 24	, 0.97087	, 103	, 78	,
		, 29	, 22.40000	, 5	, 1499	,
		, 31	, 27.75000	, 4	, 1693	,
		, 39	, 30.00000	, 4	, 751	,
		, 39	, 30.75000	, 4	, 1572	,
