singlecut	, size	, time	, it	, cand	,


 adpcm		, 3	, 0.03465	, 2886	, 3	,
		, 3	, 0.03487	, 2868	, 3	,
		, 3	, 0.03492	, 2864	, 3	,
		, 4	, 0.03843	, 2602	, 1	,
		, 5	, 0.05048	, 1981	, 4	,
		, 5	, 0.06680	, 1497	, 6	,
		, 5	, 0.06698	, 1493	, 6	,
		, 5	, 0.06702	, 1492	, 6	,
		, 5	, 0.06711	, 1490	, 10	,
		, 5	, 0.06716	, 1489	, 6	,
		, 6	, 0.07062	, 1416	, 10	,
		, 6	, 0.07067	, 1415	, 10	,
		, 7	, 0.08375	, 1194	, 7	,
		, 7	, 0.08389	, 1192	, 7	,
		, 8	, 0.06983	, 1432	, 2	,
		, 8	, 0.06993	, 1430	, 2	,
		, 10	, 0.11223	, 891	, 7	,
		, 11	, 0.09058	, 1104	, 4	,
		, 11	, 0.27933	, 358	, 20	,
		, 11	, 0.28090	, 356	, 28	,
		, 11	, 0.28249	, 354	, 28	,
		, 12	, 0.10278	, 973	, 6	,
		, 12	, 0.13423	, 745	, 7	,
		, 12	, 0.16181	, 618	, 10	,
		, 14	, 0.17094	, 585	, 10	,
		, 14	, 0.17094	, 585	, 8	,
		, 14	, 0.20790	, 481	, 8	,
		, 17	, 0.22523	, 444	, 10	,
		, 18	, 0.34247	, 292	, 20	,
		, 18	, 0.34602	, 289	, 20	,
		, 20	, 0.42373	, 236	, 17	,
		, 21	, 0.72464	, 138	, 29	,
		, 31	, 1.61290	, 62	, 89	,
		, 38	, 3.12500	, 32	, 164	,
		, 38	, 3.15625	, 32	, 164	,
		, 55	, 6.66667	, 15	, 156	,


 aes		, 1	, 0.01684	, 5937	, 0	,
		, 1	, 0.01691	, 5914	, 0	,
		, 1	, 0.01699	, 5885	, 0	,
		, 1	, 0.01700	, 5882	, 0	,
		, 3	, 0.02962	, 3376	, 1	,
		, 3	, 0.02966	, 3372	, 0	,
		, 3	, 0.03370	, 2967	, 3	,
		, 3	, 0.03372	, 2966	, 3	,
		, 3	, 0.03385	, 2954	, 3	,
		, 3	, 0.03386	, 2953	, 3	,
		, 3	, 0.03391	, 2949	, 3	,
		, 3	, 0.03392	, 2948	, 3	,
		, 3	, 0.03392	, 2948	, 3	,
		, 3	, 0.03393	, 2947	, 3	,
		, 3	, 0.03398	, 2943	, 3	,
		, 3	, 0.03418	, 2926	, 3	,
		, 3	, 0.03432	, 2914	, 3	,
		, 3	, 0.03498	, 2859	, 3	,
		, 4	, 0.03413	, 2930	, 0	,
		, 4	, 0.03414	, 2929	, 0	,
		, 4	, 0.03427	, 2918	, 0	,
		, 4	, 0.03436	, 2910	, 0	,
		, 4	, 0.03439	, 2908	, 0	,
		, 4	, 0.03449	, 2899	, 0	,
		, 4	, 0.03719	, 2689	, 1	,
		, 4	, 0.03733	, 2679	, 1	,
		, 4	, 0.03743	, 2672	, 1	,
		, 4	, 0.03747	, 2669	, 1	,
		, 4	, 0.04888	, 2046	, 3	,
		, 5	, 0.04120	, 2427	, 3	,
		, 5	, 0.05666	, 1765	, 4	,
		, 5	, 0.05669	, 1764	, 4	,
		, 5	, 0.05889	, 1698	, 6	,
		, 5	, 0.05959	, 1678	, 3	,
		, 5	, 0.06494	, 1540	, 6	,
		, 5	, 0.06494	, 1540	, 6	,
		, 5	, 0.06498	, 1539	, 10	,
		, 5	, 0.06502	, 1538	, 6	,
		, 5	, 0.06502	, 1538	, 6	,
		, 5	, 0.06519	, 1534	, 6	,
		, 5	, 0.06519	, 1534	, 6	,
		, 5	, 0.06527	, 1532	, 6	,
		, 5	, 0.06575	, 1521	, 6	,
		, 5	, 0.06575	, 1521	, 6	,
		, 6	, 0.04562	, 2192	, 3	,
		, 6	, 0.04684	, 2135	, 1	,
		, 6	, 0.04690	, 2132	, 3	,
		, 6	, 0.04693	, 2131	, 1	,
		, 6	, 0.04697	, 2129	, 1	,
		, 6	, 0.04824	, 2073	, 1	,
		, 6	, 0.05411	, 1848	, 4	,
		, 6	, 0.05414	, 1847	, 4	,
		, 6	, 0.05461	, 1831	, 4	,
		, 6	, 0.05513	, 1814	, 4	,
		, 6	, 0.05565	, 1797	, 4	,
		, 6	, 0.05609	, 1783	, 3	,
		, 6	, 0.05612	, 1782	, 3	,
		, 6	, 0.05615	, 1781	, 3	,
		, 6	, 0.05621	, 1779	, 3	,
		, 6	, 0.05634	, 1775	, 3	,
		, 6	, 0.05637	, 1774	, 3	,
		, 6	, 0.05640	, 1773	, 3	,
		, 6	, 0.05650	, 1770	, 3	,
		, 6	, 0.05650	, 1770	, 3	,
		, 6	, 0.05695	, 1756	, 3	,
		, 6	, 0.05807	, 1722	, 4	,
		, 6	, 0.05967	, 1676	, 2	,
		, 6	, 0.07062	, 1416	, 11	,
		, 6	, 0.07062	, 1416	, 11	,
		, 6	, 0.09804	, 1020	, 17	,
		, 6	, 0.09804	, 1020	, 17	,
		, 6	, 0.09814	, 1019	, 17	,
		, 6	, 0.09814	, 1019	, 17	,
		, 6	, 0.09823	, 1018	, 17	,
		, 6	, 0.09823	, 1018	, 17	,
		, 6	, 0.09823	, 1018	, 17	,
		, 6	, 0.09833	, 1017	, 17	,
		, 6	, 0.09833	, 1017	, 17	,
		, 6	, 0.09852	, 1015	, 17	,
		, 6	, 0.09852	, 1015	, 17	,
		, 6	, 0.09852	, 1015	, 17	,
		, 6	, 0.09862	, 1014	, 17	,
		, 6	, 0.09862	, 1014	, 17	,
		, 7	, 0.07241	, 1381	, 10	,
		, 7	, 0.08636	, 1158	, 5	,
		, 7	, 0.08636	, 1158	, 5	,
		, 7	, 0.10142	, 986	, 13	,
		, 7	, 0.10152	, 985	, 13	,
		, 7	, 0.10152	, 985	, 13	,
		, 7	, 0.10163	, 984	, 13	,
		, 7	, 0.11751	, 851	, 15	,
		, 7	, 0.11779	, 849	, 15	,
		, 7	, 0.11820	, 846	, 15	,
		, 7	, 0.11820	, 846	, 15	,
		, 8	, 0.07758	, 1289	, 10	,
		, 8	, 0.07764	, 1288	, 10	,
		, 8	, 0.07788	, 1284	, 10	,
		, 8	, 0.07794	, 1283	, 10	,
		, 8	, 0.07837	, 1276	, 10	,
		, 8	, 0.07855	, 1273	, 10	,
		, 8	, 0.07918	, 1263	, 6	,
		, 8	, 0.07937	, 1260	, 6	,
		, 8	, 0.07949	, 1258	, 6	,
		, 8	, 0.12658	, 790	, 11	,
		, 8	, 0.12771	, 783	, 14	,
		, 8	, 0.20408	, 490	, 28	,
		, 9	, 0.07519	, 1330	, 5	,
		, 9	, 0.07524	, 1329	, 5	,
		, 9	, 0.07610	, 1314	, 5	,
		, 9	, 0.19608	, 510	, 25	,
		, 10	, 0.10776	, 928	, 5	,
		, 10	, 0.10811	, 925	, 5	,
		, 10	, 0.12180	, 821	, 8	,
		, 10	, 0.18282	, 547	, 17	,
		, 10	, 0.24213	, 413	, 38	,
		, 11	, 0.23202	, 431	, 19	,
		, 11	, 0.30488	, 328	, 39	,
		, 12	, 0.29762	, 336	, 41	,
		, 12	, 0.29762	, 336	, 41	,
		, 12	, 0.29851	, 335	, 41	,
		, 13	, 0.19417	, 515	, 23	,
		, 14	, 0.17668	, 566	, 11	,
		, 14	, 0.32154	, 311	, 22	,
		, 14	, 0.32258	, 310	, 22	,
		, 14	, 0.32258	, 310	, 22	,
		, 14	, 0.37175	, 269	, 44	,
		, 15	, 0.54054	, 185	, 28	,
		, 17	, 0.28902	, 346	, 10	,
		, 17	, 0.36496	, 274	, 16	,
		, 22	, 0.75758	, 132	, 25	,
		, 24	, 0.72993	, 137	, 23	,
		, 25	, 0.75758	, 132	, 23	,
		, 25	, 0.76923	, 130	, 23	,
		, 28	, 1.01010	, 99	, 29	,
		, 29	, 0.78125	, 128	, 33	,
		, 29	, 0.97087	, 103	, 36	,
		, 29	, 1.02041	, 98	, 29	,
		, 29	, 1.04167	, 96	, 29	,
		, 31	, 0.31250	, 320	, 7	,
		, 31	, 1.28205	, 78	, 45	,
		, 31	, 1.28205	, 78	, 45	,
		, 33	, 1.78571	, 56	, 41	,
		, 33	, 1.78571	, 56	, 41	,
		, 33	, 1.78571	, 56	, 41	,
		, 34	, 1.49254	, 67	, 48	,
		, 34	, 1.49254	, 67	, 48	,
		, 34	, 1.50746	, 67	, 48	,
		, 35	, 0.35461	, 282	, 7	,
		, 35	, 0.36630	, 273	, 7	,
		, 35	, 1.60317	, 63	, 49	,
		, 42	, 2.32558	, 43	, 40	,
		, 54	, 1.50746	, 67	, 18	,
		, 54	, 3.84615	, 26	, 66	,
		, 67	, 5.66667	, 18	, 78	,
		, 68	, 6.05882	, 17	, 81	,
		, 73	, 7.28571	, 14	, 87	,
		, 73	, 7.35714	, 14	, 87	,
		, 73	, 7.35714	, 14	, 87	,
		, 75	, 0.86207	, 116	, 7	,
		, 91	, 9.09091	, 11	, 121	,
		, 91	, 9.09091	, 11	, 121	,
		, 115	, 2.56410	, 39	, 19	,
		, 126	, 165.00000	, 1	, 2886	,
		, 131	, 3.03030	, 33	, 19	,
		, 131	, 3.09091	, 33	, 19	,
		, 131	, 3.29032	, 31	, 19	,
		, 132	, 179.00000	, 1	, 2898	,
		, 133	, 18.83330	, 6	, 110	,
		, 176	, 28.25000	, 4	, 161	,
		, 286	, 179.00000	, 1	, 1016	,
		, 302	, 199.00000	, 1	, 1080	,
		, 311	, 216.00000	, 1	, 1128	,
		, 311	, 217.00000	, 1	, 1128	,
		, 691	, 1609.00000	, 1	, 3234	,
		, 721	, 2084.00000	, 1	, 3956	,
		, 970	, 3780.00000	, 1	, 5550	,
		, 1079	, 3339.00000	, 1	, 4677	,
		, 1154	, 3924.00000	, 1	, 5018	,
		, 1407	, 4406.00000	, 1	, 5080	,
		, 1524	, 5303.00000	, 1	, 5623	,
		, 1619	, 7257.00000	, 1	, 6677	,


 blowfish		, 3	, 0.02824	, 3541	, 0	,
		, 3	, 0.02843	, 3517	, 0	,
		, 3	, 0.02955	, 3384	, 1	,
		, 3	, 0.03386	, 2953	, 3	,
		, 5	, 0.03247	, 3080	, 0	,
		, 7	, 0.08271	, 1209	, 6	,
		, 7	, 0.08803	, 1136	, 7	,
		, 7	, 0.08826	, 1133	, 7	,
		, 7	, 0.09597	, 1042	, 12	,
		, 7	, 0.09606	, 1041	, 12	,
		, 8	, 0.05828	, 1716	, 3	,
		, 8	, 0.08503	, 1176	, 5	,
		, 8	, 0.10582	, 945	, 7	,
		, 8	, 0.10638	, 940	, 7	,
		, 9	, 0.14245	, 702	, 12	,
		, 9	, 0.14245	, 702	, 12	,
		, 9	, 0.14245	, 702	, 12	,
		, 9	, 0.14265	, 701	, 12	,
		, 9	, 0.14286	, 700	, 12	,
		, 9	, 0.14306	, 699	, 12	,
		, 10	, 0.12788	, 782	, 11	,
		, 10	, 0.15408	, 649	, 12	,
		, 10	, 0.15408	, 649	, 12	,
		, 10	, 0.15408	, 649	, 12	,
		, 10	, 0.15432	, 648	, 12	,
		, 10	, 0.15432	, 648	, 12	,
		, 10	, 0.15504	, 645	, 12	,
		, 11	, 0.10718	, 933	, 5	,
		, 11	, 0.15674	, 638	, 14	,
		, 13	, 0.20121	, 497	, 17	,
		, 16	, 0.31847	, 314	, 24	,
		, 16	, 0.33670	, 297	, 23	,
		, 19	, 0.31546	, 317	, 16	,
		, 22	, 0.37453	, 267	, 18	,
		, 22	, 0.68493	, 146	, 33	,
		, 25	, 0.68966	, 145	, 33	,
		, 27	, 1.17647	, 85	, 57	,
		, 38	, 1.60317	, 63	, 38	,
		, 44	, 1.56250	, 64	, 38	,
		, 47	, 2.02000	, 50	, 42	,
		, 49	, 12.75000	, 8	, 612	,
		, 55	, 6.25000	, 16	, 247	,
		, 59	, 28.75000	, 4	, 905	,
		, 64	, 3.74074	, 27	, 74	,
		, 68	, 45.33330	, 3	, 908	,
		, 80	, 73.00000	, 2	, 911	,
		, 98	, 61.00000	, 2	, 962	,
		, 108	, 68.00000	, 2	, 967	,
		, 127	, 105.00000	, 1	, 1504	,
		, 127	, 66.50000	, 2	, 976	,
		, 127	, 82.00000	, 2	, 839	,
		, 673	, 1344.00000	, 1	, 3878	,
		, 674	, 1356.00000	, 1	, 3878	,


 cjpeg		, 2	, 0.02453	, 4077	, 0	,
		, 2	, 0.02482	, 4029	, 0	,
		, 2	, 0.02484	, 4025	, 0	,
		, 2	, 0.02488	, 4020	, 0	,
		, 2	, 0.02488	, 4020	, 0	,
		, 2	, 0.02490	, 4016	, 0	,
		, 2	, 0.02490	, 4016	, 0	,
		, 2	, 0.02491	, 4015	, 0	,
		, 2	, 0.02491	, 4014	, 0	,
		, 2	, 0.02495	, 4008	, 0	,
		, 2	, 0.02498	, 4004	, 0	,
		, 2	, 0.02499	, 4002	, 0	,
		, 2	, 0.02499	, 4001	, 0	,
		, 2	, 0.02502	, 3997	, 0	,
		, 2	, 0.02502	, 3996	, 0	,
		, 2	, 0.02502	, 3996	, 0	,
		, 2	, 0.02502	, 3996	, 0	,
		, 2	, 0.02503	, 3995	, 0	,
		, 2	, 0.02503	, 3995	, 0	,
		, 2	, 0.02504	, 3994	, 0	,
		, 2	, 0.02512	, 3981	, 0	,
		, 2	, 0.02518	, 3972	, 0	,
		, 2	, 0.02519	, 3970	, 0	,
		, 2	, 0.02523	, 3963	, 0	,
		, 2	, 0.02531	, 3951	, 0	,
		, 2	, 0.02532	, 3949	, 0	,
		, 2	, 0.02542	, 3934	, 0	,
		, 3	, 0.02874	, 3480	, 0	,
		, 3	, 0.02970	, 3367	, 0	,
		, 3	, 0.02974	, 3363	, 0	,
		, 3	, 0.03032	, 3298	, 0	,
		, 3	, 0.03040	, 3289	, 0	,
		, 3	, 0.03050	, 3279	, 0	,
		, 3	, 0.03053	, 3275	, 0	,
		, 3	, 0.03054	, 3274	, 0	,
		, 3	, 0.03056	, 3272	, 0	,
		, 3	, 0.03056	, 3272	, 0	,
		, 3	, 0.03063	, 3265	, 0	,
		, 3	, 0.03144	, 3181	, 1	,
		, 3	, 0.03162	, 3163	, 1	,
		, 3	, 0.03165	, 3160	, 1	,
		, 3	, 0.03185	, 3140	, 1	,
		, 3	, 0.03191	, 3134	, 1	,
		, 3	, 0.03191	, 3134	, 1	,
		, 3	, 0.03213	, 3112	, 1	,
		, 3	, 0.03449	, 2899	, 3	,
		, 3	, 0.03452	, 2897	, 3	,
		, 3	, 0.03454	, 2895	, 3	,
		, 3	, 0.03455	, 2894	, 1	,
		, 3	, 0.03463	, 2888	, 3	,
		, 3	, 0.03469	, 2883	, 3	,
		, 3	, 0.03482	, 2872	, 3	,
		, 4	, 0.03428	, 2917	, 0	,
		, 4	, 0.03555	, 2813	, 1	,
		, 4	, 0.03854	, 2595	, 1	,
		, 4	, 0.03865	, 2587	, 1	,
		, 4	, 0.03868	, 2585	, 1	,
		, 4	, 0.03888	, 2572	, 1	,
		, 4	, 0.04092	, 2444	, 3	,
		, 4	, 0.04098	, 2440	, 1	,
		, 4	, 0.04110	, 2433	, 3	,
		, 4	, 0.04122	, 2426	, 3	,
		, 5	, 0.04498	, 2223	, 3	,
		, 5	, 0.04771	, 2096	, 3	,
		, 5	, 0.04822	, 2074	, 3	,
		, 5	, 0.05787	, 1728	, 4	,
		, 5	, 0.05797	, 1725	, 4	,
		, 5	, 0.05797	, 1725	, 4	,
		, 5	, 0.05804	, 1723	, 4	,
		, 5	, 0.05804	, 1723	, 4	,
		, 5	, 0.05824	, 1717	, 4	,
		, 5	, 0.05828	, 1716	, 4	,
		, 5	, 0.05831	, 1715	, 4	,
		, 6	, 0.04517	, 2214	, 1	,
		, 6	, 0.04988	, 2005	, 1	,
		, 6	, 0.05531	, 1808	, 3	,
		, 6	, 0.05531	, 1808	, 3	,
		, 6	, 0.05534	, 1807	, 3	,
		, 6	, 0.05537	, 1806	, 3	,
		, 6	, 0.05692	, 1757	, 4	,
		, 7	, 0.06720	, 1488	, 5	,
		, 7	, 0.06739	, 1484	, 5	,
		, 7	, 0.06743	, 1483	, 5	,
		, 7	, 0.06757	, 1480	, 5	,
		, 7	, 0.06761	, 1479	, 5	,
		, 7	, 0.06761	, 1479	, 5	,
		, 7	, 0.06766	, 1478	, 5	,
		, 7	, 0.06766	, 1478	, 5	,
		, 7	, 0.06766	, 1478	, 5	,
		, 7	, 0.06775	, 1476	, 5	,
		, 7	, 0.06775	, 1476	, 5	,
		, 7	, 0.06780	, 1475	, 5	,
		, 7	, 0.06784	, 1474	, 5	,
		, 7	, 0.06784	, 1474	, 5	,
		, 7	, 0.06789	, 1473	, 5	,
		, 7	, 0.06789	, 1473	, 5	,
		, 7	, 0.06789	, 1473	, 5	,
		, 7	, 0.06793	, 1472	, 5	,
		, 7	, 0.06793	, 1472	, 5	,
		, 7	, 0.06854	, 1459	, 4	,
		, 7	, 0.09930	, 1007	, 12	,
		, 8	, 0.06897	, 1450	, 3	,
		, 8	, 0.07407	, 1350	, 5	,
		, 8	, 0.07424	, 1347	, 5	,
		, 8	, 0.08368	, 1195	, 5	,
		, 8	, 0.08432	, 1186	, 5	,
		, 9	, 0.05858	, 1707	, 1	,
		, 9	, 0.05858	, 1707	, 1	,
		, 9	, 0.06188	, 1616	, 3	,
		, 9	, 0.06211	, 1610	, 1	,
		, 9	, 0.08873	, 1127	, 5	,
		, 9	, 0.09891	, 1011	, 9	,
		, 9	, 0.10965	, 912	, 8	,
		, 10	, 0.05896	, 1696	, 1	,
		, 10	, 0.05896	, 1696	, 3	,
		, 10	, 0.06854	, 1459	, 2	,
		, 10	, 0.08711	, 1148	, 4	,
		, 10	, 0.09881	, 1012	, 5	,
		, 10	, 0.09921	, 1008	, 5	,
		, 10	, 0.10101	, 990	, 6	,
		, 10	, 0.10111	, 989	, 9	,
		, 10	, 0.14265	, 701	, 9	,
		, 10	, 0.18116	, 552	, 23	,
		, 11	, 0.10893	, 918	, 5	,
		, 11	, 0.10917	, 916	, 5	,
		, 14	, 0.09017	, 1109	, 1	,
		, 15	, 0.20284	, 493	, 14	,
		, 15	, 0.20325	, 492	, 14	,
		, 15	, 0.20325	, 492	, 14	,
		, 15	, 0.21978	, 455	, 7	,
		, 34	, 0.81967	, 122	, 27	,
		, 42	, 1.28205	, 78	, 43	,
		, 48	, 2.50000	, 40	, 70	,
		, 137	, 8.83333	, 12	, 84	,


 fft		, 2	, 0.02694	, 3712	, 1	,
		, 3	, 0.03419	, 2925	, 1	,
		, 3	, 0.03442	, 2905	, 3	,
		, 3	, 0.03448	, 2900	, 3	,
		, 3	, 0.03451	, 2898	, 1	,
		, 3	, 0.03451	, 2898	, 3	,
		, 3	, 0.03454	, 2895	, 3	,
		, 3	, 0.03459	, 2891	, 3	,
		, 3	, 0.03459	, 2891	, 3	,
		, 4	, 0.04587	, 2180	, 4	,
		, 5	, 0.04027	, 2483	, 1	,
		, 5	, 0.05744	, 1741	, 6	,
		, 5	, 0.05821	, 1718	, 4	,
		, 5	, 0.06485	, 1542	, 9	,
		, 5	, 0.06557	, 1525	, 6	,
		, 5	, 0.06562	, 1524	, 6	,
		, 6	, 0.06964	, 1436	, 5	,
		, 6	, 0.06978	, 1433	, 5	,
		, 7	, 0.05640	, 1773	, 2	,
		, 7	, 0.05647	, 1771	, 2	,
		, 7	, 0.09158	, 1092	, 9	,
		, 7	, 0.10352	, 966	, 13	,
		, 7	, 0.13680	, 731	, 17	,
		, 8	, 0.06784	, 1474	, 4	,
		, 8	, 0.08453	, 1183	, 5	,
		, 8	, 0.08453	, 1183	, 5	,
		, 8	, 0.09158	, 1092	, 7	,
		, 8	, 0.09166	, 1091	, 7	,
		, 8	, 0.10395	, 962	, 7	,
		, 9	, 0.21930	, 456	, 20	,
		, 11	, 0.12970	, 771	, 6	,
		, 12	, 0.15974	, 626	, 12	,
		, 12	, 0.22272	, 449	, 14	,
		, 12	, 0.22321	, 448	, 14	,
		, 12	, 0.26316	, 380	, 19	,
		, 13	, 0.80645	, 124	, 140	,
		, 14	, 0.22676	, 441	, 15	,
		, 15	, 0.30864	, 324	, 20	,
		, 16	, 0.12407	, 806	, 7	,
		, 16	, 0.12422	, 805	, 7	,
		, 19	, 0.70422	, 142	, 29	,
		, 38	, 1.83636	, 55	, 42	,
		, 52	, 4.00000	, 25	, 61	,


 md5		, 2	, 0.02690	, 3718	, 1	,
		, 3	, 0.03029	, 3301	, 1	,
		, 3	, 0.03390	, 2950	, 3	,
		, 3	, 0.03412	, 2931	, 3	,
		, 4	, 0.03697	, 2705	, 3	,
		, 4	, 0.03827	, 2613	, 3	,
		, 4	, 0.04468	, 2238	, 6	,
		, 5	, 0.04838	, 2067	, 3	,
		, 5	, 0.04847	, 2063	, 3	,
		, 6	, 0.10010	, 999	, 17	,
		, 7	, 0.07018	, 1425	, 6	,
		, 7	, 0.09479	, 1055	, 9	,
		, 7	, 0.10605	, 943	, 13	,
		, 10	, 0.10515	, 951	, 9	,
		, 10	, 0.10834	, 923	, 12	,
		, 10	, 0.13021	, 768	, 12	,
		, 11	, 0.26954	, 371	, 21	,
		, 12	, 0.15174	, 659	, 13	,
		, 12	, 0.19157	, 522	, 10	,
		, 12	, 0.20790	, 481	, 17	,
		, 13	, 0.21142	, 473	, 10	,
		, 13	, 0.39526	, 253	, 30	,
		, 15	, 0.39526	, 253	, 27	,
		, 17	, 0.37736	, 265	, 19	,
		, 19	, 0.68493	, 146	, 37	,
		, 20	, 0.90909	, 110	, 69	,
		, 21	, 0.84034	, 119	, 49	,
		, 27	, 0.90909	, 110	, 51	,
		, 37	, 1.63934	, 61	, 72	,
		, 39	, 8.15385	, 13	, 395	,
		, 55	, 3.44828	, 29	, 99	,
		, 87	, 10.40000	, 10	, 184	,
		, 959	, 7778.00000	, 1	, 16809	,


 sha		, 3	, 0.02992	, 3342	, 0	,
		, 6	, 0.04314	, 2318	, 1	,
		, 7	, 0.10672	, 937	, 13	,
		, 8	, 0.07087	, 1411	, 4	,
		, 8	, 0.07107	, 1407	, 6	,
		, 8	, 0.08929	, 1120	, 9	,
		, 9	, 0.06309	, 1585	, 3	,
		, 10	, 0.09488	, 1054	, 6	,
		, 10	, 0.11779	, 849	, 6	,
		, 10	, 0.11779	, 849	, 6	,
		, 10	, 0.13495	, 741	, 8	,
		, 10	, 0.16103	, 621	, 13	,
		, 11	, 0.18083	, 553	, 12	,
		, 11	, 0.27027	, 370	, 21	,
		, 12	, 0.09625	, 1039	, 5	,
		, 15	, 0.27701	, 361	, 22	,
		, 16	, 0.11806	, 847	, 2	,
		, 19	, 0.37037	, 270	, 26	,
		, 24	, 0.46729	, 214	, 26	,
		, 24	, 0.46729	, 214	, 26	,
		, 24	, 0.46729	, 214	, 26	,
		, 24	, 0.47170	, 212	, 26	,
		, 24	, 0.76923	, 130	, 41	,
		, 25	, 0.26110	, 383	, 5	,
		, 26	, 0.88496	, 113	, 55	,
		, 29	, 1.00000	, 100	, 56	,
		, 32	, 1.58730	, 63	, 55	,
		, 33	, 5.10000	, 20	, 259	,
		, 33	, 5.10000	, 20	, 259	,
		, 34	, 6.37500	, 16	, 280	,
		, 35	, 5.72222	, 18	, 250	,
		, 41	, 2.02000	, 50	, 74	,
		, 48	, 2.77778	, 36	, 89	,
		, 53	, 3.43333	, 30	, 96	,
		, 147	, 24.20000	, 5	, 275	,


 sor		, 2	, 0.02670	, 3746	, 1	,
		, 2	, 0.02725	, 3670	, 3	,
		, 3	, 0.03422	, 2922	, 3	,
		, 3	, 0.03436	, 2910	, 1	,
		, 4	, 0.03764	, 2657	, 3	,
		, 5	, 0.05734	, 1744	, 6	,
		, 5	, 0.05774	, 1732	, 4	,
		, 5	, 0.06549	, 1527	, 10	,
		, 5	, 0.06566	, 1523	, 10	,
		, 8	, 0.11364	, 880	, 9	,
		, 10	, 0.14164	, 706	, 20	,
		, 10	, 0.16207	, 617	, 17	,
		, 14	, 0.19881	, 503	, 13	,
		, 14	, 1.07527	, 93	, 197	,
		, 15	, 0.27027	, 370	, 19	,
		, 15	, 0.28090	, 356	, 14	,
		, 29	, 1.61290	, 62	, 35	,
		, 29	, 1.69492	, 59	, 61	,


 whetstone		, 3	, 0.02931	, 3412	, 0	,
		, 3	, 0.02953	, 3386	, 1	,
		, 3	, 0.03076	, 3251	, 1	,
		, 3	, 0.03119	, 3206	, 1	,
		, 4	, 0.02879	, 3474	, 0	,
		, 4	, 0.03448	, 2900	, 0	,
		, 4	, 0.03605	, 2774	, 1	,
		, 4	, 0.04045	, 2472	, 3	,
		, 5	, 0.04144	, 2413	, 3	,
		, 5	, 0.04344	, 2302	, 1	,
		, 5	, 0.04771	, 2096	, 3	,
		, 6	, 0.05184	, 1929	, 2	,
		, 6	, 0.05814	, 1720	, 4	,
		, 6	, 0.05872	, 1703	, 4	,
		, 7	, 0.05314	, 1882	, 3	,
		, 7	, 0.10183	, 982	, 9	,
		, 7	, 0.10204	, 980	, 9	,
		, 7	, 0.10204	, 980	, 9	,
		, 7	, 0.10214	, 979	, 9	,
		, 8	, 0.06361	, 1572	, 3	,
		, 8	, 0.06959	, 1437	, 4	,
		, 9	, 0.07924	, 1262	, 3	,
		, 9	, 0.12210	, 819	, 9	,
		, 10	, 0.10030	, 997	, 6	,
		, 10	, 0.11062	, 904	, 6	,
		, 10	, 0.16155	, 619	, 12	,
		, 12	, 0.10428	, 959	, 4	,
		, 12	, 0.17153	, 583	, 13	,
		, 14	, 0.24570	, 407	, 16	,
		, 14	, 0.43668	, 229	, 17	,
		, 15	, 0.14286	, 700	, 5	,
		, 15	, 0.18083	, 553	, 7	,
		, 18	, 0.21413	, 467	, 9	,
		, 19	, 0.19763	, 506	, 9	,
		, 24	, 0.33670	, 297	, 12	,
		, 29	, 1.96078	, 51	, 66	,
		, 31	, 2.19565	, 46	, 69	,
		, 39	, 2.02000	, 50	, 57	,
		, 39	, 2.72973	, 37	, 46	,
