union	, size	, time	, it	, cand	,


 adpcm		, 3	, 0.19531	, 512	, 3	,
		, 3	, 0.19570	, 511	, 3	,
		, 3	, 0.19802	, 505	, 3	,
		, 4	, 0.12821	, 780	, 1	,
		, 5	, 0.28653	, 349	, 4	,
		, 5	, 0.33557	, 298	, 6	,
		, 5	, 0.33557	, 298	, 6	,
		, 5	, 0.33557	, 298	, 6	,
		, 5	, 0.33670	, 297	, 6	,
		, 5	, 0.47847	, 209	, 10	,
		, 6	, 0.48077	, 208	, 10	,
		, 6	, 0.48077	, 208	, 10	,
		, 7	, 0.52632	, 190	, 7	,
		, 7	, 0.52632	, 190	, 7	,
		, 8	, 0.23310	, 429	, 2	,
		, 8	, 0.23310	, 429	, 2	,
		, 10	, 0.53763	, 186	, 7	,
		, 11	, 0.30395	, 329	, 4	,
		, 11	, 0.97087	, 103	, 20	,
		, 11	, 1.50746	, 67	, 26	,
		, 11	, 1.50746	, 67	, 26	,
		, 12	, 0.40486	, 247	, 6	,
		, 12	, 0.61728	, 162	, 7	,
		, 12	, 0.78740	, 127	, 10	,
		, 14	, 0.62500	, 160	, 8	,
		, 14	, 0.67568	, 148	, 8	,
		, 14	, 0.79365	, 126	, 10	,
		, 17	, 0.87719	, 114	, 10	,
		, 18	, 1.28205	, 78	, 20	,
		, 18	, 1.29870	, 77	, 20	,
		, 20	, 1.61290	, 62	, 17	,
		, 21	, 1.42857	, 70	, 25	,
		, 31	, 6.17647	, 17	, 81	,
		, 38	, 7.42857	, 14	, 145	,
		, 38	, 7.50000	, 14	, 145	,
		, 55	, 4516.00000	, 1	, 99	,


 aes		, 1	, 0.02009	, 4978	, 0	,
		, 1	, 0.02018	, 4956	, 0	,
		, 1	, 0.02025	, 4938	, 0	,
		, 1	, 0.02026	, 4935	, 0	,
		, 3	, 0.04912	, 2036	, 0	,
		, 3	, 0.11389	, 878	, 1	,
		, 3	, 0.19417	, 515	, 3	,
		, 3	, 0.19455	, 514	, 3	,
		, 3	, 0.19455	, 514	, 3	,
		, 3	, 0.19455	, 514	, 3	,
		, 3	, 0.19455	, 514	, 3	,
		, 3	, 0.19455	, 514	, 3	,
		, 3	, 0.19493	, 513	, 3	,
		, 3	, 0.19493	, 513	, 3	,
		, 3	, 0.19493	, 513	, 3	,
		, 3	, 0.19493	, 513	, 3	,
		, 3	, 0.19493	, 513	, 3	,
		, 3	, 0.19531	, 512	, 3	,
		, 4	, 0.05831	, 1715	, 0	,
		, 4	, 0.05834	, 1714	, 0	,
		, 4	, 0.05848	, 1710	, 0	,
		, 4	, 0.05851	, 1709	, 0	,
		, 4	, 0.06083	, 1644	, 0	,
		, 4	, 0.06313	, 1584	, 0	,
		, 4	, 0.12707	, 787	, 1	,
		, 4	, 0.12739	, 785	, 1	,
		, 4	, 0.12755	, 784	, 1	,
		, 4	, 0.12755	, 784	, 1	,
		, 4	, 0.20877	, 479	, 3	,
		, 5	, 0.20450	, 489	, 3	,
		, 5	, 0.21787	, 459	, 3	,
		, 5	, 0.27472	, 364	, 4	,
		, 5	, 0.27472	, 364	, 4	,
		, 5	, 0.33333	, 300	, 6	,
		, 5	, 0.33333	, 300	, 6	,
		, 5	, 0.33333	, 300	, 6	,
		, 5	, 0.33333	, 300	, 6	,
		, 5	, 0.33333	, 300	, 6	,
		, 5	, 0.33333	, 300	, 6	,
		, 5	, 0.33333	, 300	, 6	,
		, 5	, 0.33333	, 300	, 6	,
		, 5	, 0.33445	, 299	, 6	,
		, 5	, 0.47619	, 210	, 10	,
		, 5	, 0.47847	, 209	, 6	,
		, 6	, 0.12077	, 828	, 1	,
		, 6	, 0.12092	, 827	, 1	,
		, 6	, 0.12107	, 826	, 1	,
		, 6	, 0.12151	, 823	, 1	,
		, 6	, 0.18727	, 534	, 2	,
		, 6	, 0.20964	, 477	, 3	,
		, 6	, 0.21008	, 476	, 3	,
		, 6	, 0.23202	, 431	, 3	,
		, 6	, 0.23202	, 431	, 3	,
		, 6	, 0.23256	, 430	, 3	,
		, 6	, 0.23256	, 430	, 3	,
		, 6	, 0.23256	, 430	, 3	,
		, 6	, 0.23310	, 429	, 3	,
		, 6	, 0.23310	, 429	, 3	,
		, 6	, 0.23364	, 428	, 3	,
		, 6	, 0.23364	, 428	, 3	,
		, 6	, 0.23419	, 427	, 3	,
		, 6	, 0.33223	, 301	, 4	,
		, 6	, 0.33223	, 301	, 4	,
		, 6	, 0.33333	, 300	, 4	,
		, 6	, 0.33333	, 300	, 4	,
		, 6	, 0.33333	, 300	, 4	,
		, 6	, 0.33333	, 300	, 4	,
		, 6	, 0.53763	, 186	, 11	,
		, 6	, 0.54054	, 185	, 11	,
		, 6	, 0.71429	, 140	, 17	,
		, 6	, 0.71429	, 140	, 17	,
		, 6	, 0.71429	, 140	, 17	,
		, 6	, 0.71429	, 140	, 17	,
		, 6	, 0.71942	, 139	, 17	,
		, 6	, 0.71942	, 139	, 17	,
		, 6	, 0.71942	, 139	, 17	,
		, 6	, 0.71942	, 139	, 17	,
		, 6	, 0.71942	, 139	, 17	,
		, 6	, 0.71942	, 139	, 17	,
		, 6	, 0.71942	, 139	, 17	,
		, 6	, 0.71942	, 139	, 17	,
		, 6	, 0.71942	, 139	, 17	,
		, 6	, 0.71942	, 139	, 17	,
		, 7	, 0.42918	, 233	, 5	,
		, 7	, 0.42918	, 233	, 5	,
		, 7	, 0.48544	, 206	, 10	,
		, 7	, 0.64516	, 155	, 13	,
		, 7	, 0.64516	, 155	, 13	,
		, 7	, 0.64516	, 155	, 13	,
		, 7	, 0.64516	, 155	, 13	,
		, 7	, 0.67114	, 149	, 15	,
		, 7	, 0.67114	, 149	, 15	,
		, 7	, 0.67114	, 149	, 15	,
		, 7	, 0.67114	, 149	, 15	,
		, 8	, 0.34722	, 288	, 6	,
		, 8	, 0.34722	, 288	, 6	,
		, 8	, 0.34722	, 288	, 6	,
		, 8	, 0.49020	, 204	, 10	,
		, 8	, 0.49261	, 203	, 10	,
		, 8	, 0.49261	, 203	, 10	,
		, 8	, 0.49261	, 203	, 10	,
		, 8	, 0.49505	, 202	, 10	,
		, 8	, 0.49751	, 201	, 10	,
		, 8	, 0.56497	, 177	, 11	,
		, 8	, 0.78740	, 127	, 14	,
		, 8	, 1.12360	, 89	, 28	,
		, 9	, 0.38314	, 261	, 5	,
		, 9	, 0.38461	, 260	, 5	,
		, 9	, 0.38461	, 260	, 5	,
		, 9	, 0.93458	, 107	, 20	,
		, 10	, 0.41322	, 242	, 5	,
		, 10	, 0.41494	, 241	, 5	,
		, 10	, 0.49505	, 202	, 8	,
		, 10	, 1.56250	, 64	, 37	,
		, 10	, 1.94231	, 52	, 17	,
		, 11	, 0.99010	, 101	, 19	,
		, 11	, 2.34884	, 43	, 38	,
		, 12	, 1.74138	, 58	, 40	,
		, 12	, 1.74138	, 58	, 40	,
		, 12	, 1.74138	, 58	, 40	,
		, 13	, 1.03093	, 97	, 23	,
		, 14	, 0.74074	, 135	, 11	,
		, 14	, 1.16279	, 86	, 22	,
		, 14	, 1.17442	, 86	, 22	,
		, 14	, 1.17647	, 85	, 22	,
		, 14	, 1.90566	, 53	, 43	,
		, 15	, 2.17391	, 46	, 28	,
		, 17	, 0.86207	, 116	, 10	,
		, 17	, 1.04167	, 96	, 16	,
		, 22	, 3.77778	, 27	, 25	,
		, 24	, 3.06061	, 33	, 23	,
		, 25	, 3.09091	, 33	, 23	,
		, 25	, 3.12121	, 33	, 23	,
		, 28	, 3.57143	, 28	, 29	,
		, 29	, 2.75676	, 37	, 33	,
		, 29	, 3.60714	, 28	, 29	,
		, 29	, 3.60714	, 28	, 29	,
		, 29	, 5.05000	, 20	, 36	,
		, 31	, 0.78125	, 128	, 7	,
		, 31	, 2.63158	, 38	, 45	,
		, 31	, 2.63158	, 38	, 45	,
		, 33	, 8.00000	, 13	, 41	,
		, 33	, 8.00000	, 13	, 41	,
		, 33	, 8.00000	, 13	, 41	,
		, 34	, 2.91429	, 35	, 48	,
		, 34	, 2.91429	, 35	, 48	,
		, 34	, 2.91429	, 35	, 48	,
		, 35	, 0.86957	, 115	, 7	,
		, 35	, 0.89286	, 112	, 7	,
		, 35	, 3.25806	, 31	, 49	,
		, 42	, 2.56410	, 39	, 40	,
		, 54	, 1.88679	, 53	, 18	,
		, 54	, 3586.00000	, 1	, 66	,
		, 67	, 5.05000	, 20	, 78	,
		, 68	, 37.00000	, 3	, 81	,
		, 73	, 9116.00000	, 1	, 87	,
		, 73	, 9140.00000	, 1	, 87	,
		, 73	, 9145.00000	, 1	, 87	,
		, 75	, 1.29870	, 77	, 7	,
		, 91	, 8.50000	, 12	, 121	,
		, 91	, 8.58333	, 12	, 121	,
		, 115	, 3.03030	, 33	, 19	,
		, 126	, 59.50000	, 2	, 910	,
		, 131	, 3.32258	, 31	, 19	,
		, 131	, 3.36667	, 30	, 19	,
		, 131	, 3.44828	, 29	, 19	,
		, 132	, 64.50000	, 2	, 922	,
		, 133	, 9.09091	, 11	, 110	,
		, 176	, 73408.00000	, 1	, 161	,
		, 286	, 87.50000	, 2	, 896	,
		, 302	, 95.00000	, 2	, 960	,
		, 311	, 97.50000	, 2	, 1000	,
		, 311	, 97.50000	, 2	, 1000	,
		, 691	, 541.00000	, 1	, 2322	,
		, 721	, 634.00000	, 1	, 2600	,
		, 970	, 1116.00000	, 1	, 3642	,
		, 1079	, 1925.00000	, 1	, 3615	,
		, 1154	, 1710.00000	, 1	, 3694	,
		, 1407	, 1884.00000	, 1	, 4480	,
		, 1524	, 2126.00000	, 1	, 4984	,
		, 1619	, 2992.00000	, 1	, 5030	,


 blowfish		, 3	, 0.04801	, 2083	, 0	,
		, 3	, 0.04838	, 2067	, 0	,
		, 3	, 0.11389	, 878	, 1	,
		, 3	, 0.19570	, 511	, 3	,
		, 5	, 0.04067	, 2459	, 0	,
		, 7	, 0.38023	, 263	, 6	,
		, 7	, 0.43860	, 228	, 7	,
		, 7	, 0.43860	, 228	, 7	,
		, 7	, 0.61350	, 163	, 12	,
		, 7	, 0.61728	, 162	, 12	,
		, 8	, 0.22026	, 454	, 3	,
		, 8	, 0.35971	, 278	, 5	,
		, 8	, 0.45249	, 221	, 7	,
		, 8	, 0.45249	, 221	, 7	,
		, 9	, 0.67114	, 149	, 12	,
		, 9	, 0.67114	, 149	, 12	,
		, 9	, 0.67114	, 149	, 12	,
		, 9	, 0.67114	, 149	, 12	,
		, 9	, 0.67114	, 149	, 12	,
		, 9	, 0.67114	, 149	, 12	,
		, 10	, 0.68966	, 145	, 11	,
		, 10	, 0.68966	, 145	, 12	,
		, 10	, 0.68966	, 145	, 12	,
		, 10	, 0.68966	, 145	, 12	,
		, 10	, 0.68966	, 145	, 12	,
		, 10	, 0.68966	, 145	, 12	,
		, 10	, 0.68966	, 145	, 12	,
		, 11	, 0.37736	, 265	, 5	,
		, 11	, 0.82645	, 121	, 14	,
		, 13	, 0.90090	, 111	, 17	,
		, 16	, 1.23457	, 81	, 24	,
		, 16	, 1.69492	, 59	, 23	,
		, 19	, 1.06383	, 94	, 16	,
		, 22	, 1.17442	, 86	, 18	,
		, 22	, 1.85185	, 54	, 33	,
		, 25	, 2.58974	, 39	, 32	,
		, 27	, 2.61538	, 39	, 51	,
		, 38	, 2.34884	, 43	, 38	,
		, 44	, 2.42857	, 42	, 38	,
		, 47	, 2.72973	, 37	, 42	,
		, 49	, 21.20000	, 5	, 252	,
		, 55	, 10.00000	, 10	, 193	,
		, 59	, 24.00000	, 5	, 425	,
		, 64	, 4.63636	, 22	, 74	,
		, 68	, 26.75000	, 4	, 428	,
		, 80	, 26.75000	, 4	, 431	,
		, 98	, 38.33330	, 3	, 482	,
		, 108	, 33.00000	, 4	, 487	,
		, 127	, 48.00000	, 3	, 431	,
		, 127	, 66.50000	, 2	, 516	,
		, 127	, 67.00000	, 2	, 496	,
		, 673	, 807.00000	, 1	, 3068	,
		, 674	, 807.00000	, 1	, 3068	,


 cjpeg		, 2	, 0.03805	, 2628	, 0	,
		, 2	, 0.03814	, 2622	, 0	,
		, 2	, 0.03815	, 2621	, 0	,
		, 2	, 0.03845	, 2601	, 0	,
		, 2	, 0.03851	, 2597	, 0	,
		, 2	, 0.03857	, 2593	, 0	,
		, 2	, 0.03858	, 2592	, 0	,
		, 2	, 0.03860	, 2591	, 0	,
		, 2	, 0.03861	, 2590	, 0	,
		, 2	, 0.03864	, 2588	, 0	,
		, 2	, 0.03864	, 2588	, 0	,
		, 2	, 0.03865	, 2587	, 0	,
		, 2	, 0.03867	, 2586	, 0	,
		, 2	, 0.03870	, 2584	, 0	,
		, 2	, 0.03871	, 2583	, 0	,
		, 2	, 0.03871	, 2583	, 0	,
		, 2	, 0.03873	, 2582	, 0	,
		, 2	, 0.03873	, 2582	, 0	,
		, 2	, 0.03874	, 2581	, 0	,
		, 2	, 0.03874	, 2581	, 0	,
		, 2	, 0.03874	, 2581	, 0	,
		, 2	, 0.03876	, 2580	, 0	,
		, 2	, 0.03879	, 2578	, 0	,
		, 2	, 0.03879	, 2578	, 0	,
		, 2	, 0.03884	, 2575	, 0	,
		, 2	, 0.03884	, 2575	, 0	,
		, 2	, 0.03894	, 2568	, 0	,
		, 3	, 0.04344	, 2302	, 0	,
		, 3	, 0.04836	, 2068	, 0	,
		, 3	, 0.04857	, 2059	, 0	,
		, 3	, 0.04904	, 2039	, 0	,
		, 3	, 0.04904	, 2039	, 0	,
		, 3	, 0.04907	, 2038	, 0	,
		, 3	, 0.04916	, 2034	, 0	,
		, 3	, 0.04921	, 2032	, 0	,
		, 3	, 0.04921	, 2032	, 0	,
		, 3	, 0.04926	, 2030	, 0	,
		, 3	, 0.04938	, 2025	, 0	,
		, 3	, 0.10764	, 929	, 1	,
		, 3	, 0.11403	, 877	, 1	,
		, 3	, 0.11416	, 876	, 1	,
		, 3	, 0.11416	, 876	, 1	,
		, 3	, 0.11416	, 876	, 1	,
		, 3	, 0.11416	, 876	, 1	,
		, 3	, 0.11429	, 875	, 1	,
		, 3	, 0.11442	, 874	, 1	,
		, 3	, 0.19455	, 514	, 3	,
		, 3	, 0.19493	, 513	, 3	,
		, 3	, 0.19493	, 513	, 3	,
		, 3	, 0.19493	, 513	, 3	,
		, 3	, 0.19493	, 513	, 3	,
		, 3	, 0.19531	, 512	, 3	,
		, 4	, 0.06086	, 1643	, 0	,
		, 4	, 0.12136	, 824	, 1	,
		, 4	, 0.12438	, 804	, 1	,
		, 4	, 0.12937	, 773	, 1	,
		, 4	, 0.12953	, 772	, 1	,
		, 4	, 0.12970	, 771	, 1	,
		, 4	, 0.13004	, 769	, 1	,
		, 4	, 0.21008	, 476	, 3	,
		, 4	, 0.21008	, 476	, 3	,
		, 4	, 0.21097	, 474	, 3	,
		, 5	, 0.21552	, 464	, 3	,
		, 5	, 0.22173	, 451	, 3	,
		, 5	, 0.23419	, 427	, 3	,
		, 5	, 0.35336	, 283	, 4	,
		, 5	, 0.35336	, 283	, 4	,
		, 5	, 0.35336	, 283	, 4	,
		, 5	, 0.35336	, 283	, 4	,
		, 5	, 0.35336	, 283	, 4	,
		, 5	, 0.35336	, 283	, 4	,
		, 5	, 0.35336	, 283	, 4	,
		, 5	, 0.35461	, 282	, 4	,
		, 6	, 0.14286	, 700	, 1	,
		, 6	, 0.15504	, 645	, 1	,
		, 6	, 0.23202	, 431	, 3	,
		, 6	, 0.23310	, 429	, 3	,
		, 6	, 0.23310	, 429	, 3	,
		, 6	, 0.23310	, 429	, 3	,
		, 6	, 0.29586	, 338	, 4	,
		, 7	, 0.31746	, 315	, 4	,
		, 7	, 0.36900	, 271	, 5	,
		, 7	, 0.36900	, 271	, 5	,
		, 7	, 0.36900	, 271	, 5	,
		, 7	, 0.36900	, 271	, 5	,
		, 7	, 0.36900	, 271	, 5	,
		, 7	, 0.36900	, 271	, 5	,
		, 7	, 0.36900	, 271	, 5	,
		, 7	, 0.36900	, 271	, 5	,
		, 7	, 0.36900	, 271	, 5	,
		, 7	, 0.36900	, 271	, 5	,
		, 7	, 0.36900	, 271	, 5	,
		, 7	, 0.37037	, 270	, 5	,
		, 7	, 0.37037	, 270	, 5	,
		, 7	, 0.37037	, 270	, 5	,
		, 7	, 0.37037	, 270	, 5	,
		, 7	, 0.37037	, 270	, 5	,
		, 7	, 0.37037	, 270	, 5	,
		, 7	, 0.37037	, 270	, 5	,
		, 7	, 0.37037	, 270	, 5	,
		, 7	, 0.61728	, 162	, 12	,
		, 8	, 0.25381	, 394	, 3	,
		, 8	, 0.38314	, 261	, 5	,
		, 8	, 0.38461	, 260	, 5	,
		, 8	, 0.44643	, 224	, 5	,
		, 8	, 0.44643	, 224	, 5	,
		, 9	, 0.18018	, 555	, 1	,
		, 9	, 0.18315	, 546	, 1	,
		, 9	, 0.18315	, 546	, 1	,
		, 9	, 0.25707	, 389	, 3	,
		, 9	, 0.40161	, 249	, 5	,
		, 9	, 0.54945	, 182	, 8	,
		, 9	, 0.57143	, 175	, 9	,
		, 10	, 0.14006	, 714	, 1	,
		, 10	, 0.22936	, 436	, 3	,
		, 10	, 0.25445	, 393	, 2	,
		, 10	, 0.37736	, 265	, 4	,
		, 10	, 0.41494	, 241	, 5	,
		, 10	, 0.41494	, 241	, 5	,
		, 10	, 0.47619	, 210	, 6	,
		, 10	, 0.56497	, 177	, 9	,
		, 10	, 0.57143	, 175	, 9	,
		, 10	, 1.06316	, 95	, 23	,
		, 11	, 0.42553	, 235	, 5	,
		, 11	, 0.42553	, 235	, 5	,
		, 14	, 0.23810	, 420	, 1	,
		, 15	, 0.52083	, 192	, 7	,
		, 15	, 0.88496	, 113	, 14	,
		, 15	, 0.88496	, 113	, 14	,
		, 15	, 0.88496	, 113	, 14	,
		, 34	, 1.78571	, 56	, 27	,
		, 42	, 2.75676	, 37	, 43	,
		, 48	, 4.08000	, 25	, 70	,
		, 137	, 9.45455	, 11	, 84	,


 fft		, 2	, 0.05441	, 1838	, 0	,
		, 3	, 0.10638	, 940	, 1	,
		, 3	, 0.10695	, 935	, 1	,
		, 3	, 0.19531	, 512	, 3	,
		, 3	, 0.19531	, 512	, 3	,
		, 3	, 0.19570	, 511	, 3	,
		, 3	, 0.19570	, 511	, 3	,
		, 3	, 0.19570	, 511	, 3	,
		, 3	, 0.19685	, 508	, 3	,
		, 4	, 0.26954	, 371	, 4	,
		, 5	, 0.13351	, 749	, 1	,
		, 5	, 0.33557	, 298	, 6	,
		, 5	, 0.33670	, 297	, 6	,
		, 5	, 0.35336	, 283	, 4	,
		, 5	, 0.47619	, 210	, 6	,
		, 5	, 0.65790	, 152	, 9	,
		, 6	, 0.54645	, 183	, 5	,
		, 6	, 0.54645	, 183	, 5	,
		, 7	, 0.21552	, 464	, 2	,
		, 7	, 0.21552	, 464	, 2	,
		, 7	, 0.64935	, 154	, 13	,
		, 7	, 0.73529	, 136	, 17	,
		, 7	, 0.94340	, 106	, 9	,
		, 8	, 0.35461	, 282	, 4	,
		, 8	, 0.43860	, 228	, 5	,
		, 8	, 0.43860	, 228	, 5	,
		, 8	, 0.52356	, 191	, 7	,
		, 8	, 0.52356	, 191	, 7	,
		, 8	, 0.52356	, 191	, 7	,
		, 9	, 0.90090	, 111	, 20	,
		, 11	, 0.56180	, 178	, 6	,
		, 12	, 0.88496	, 113	, 12	,
		, 12	, 0.95238	, 105	, 19	,
		, 12	, 1.17647	, 85	, 14	,
		, 12	, 1.18824	, 85	, 14	,
		, 13	, 4.72727	, 22	, 108	,
		, 14	, 1.02041	, 98	, 15	,
		, 15	, 1.34667	, 75	, 20	,
		, 16	, 0.57143	, 175	, 7	,
		, 16	, 0.57471	, 174	, 7	,
		, 19	, 1.75439	, 57	, 29	,
		, 38	, 7.13333	, 15	, 42	,
		, 52	, 9.72727	, 11	, 61	,


 md5		, 2	, 0.09881	, 1012	, 1	,
		, 3	, 0.11481	, 871	, 1	,
		, 3	, 0.19531	, 512	, 3	,
		, 3	, 0.19570	, 511	, 3	,
		, 4	, 0.20080	, 498	, 3	,
		, 4	, 0.20121	, 497	, 3	,
		, 4	, 0.32051	, 312	, 6	,
		, 5	, 0.23095	, 433	, 3	,
		, 5	, 0.23419	, 427	, 3	,
		, 6	, 0.72464	, 138	, 17	,
		, 7	, 0.38168	, 262	, 6	,
		, 7	, 0.90909	, 110	, 13	,
		, 7	, 0.94340	, 106	, 9	,
		, 10	, 0.58139	, 172	, 9	,
		, 10	, 0.65790	, 152	, 12	,
		, 10	, 0.65790	, 152	, 12	,
		, 11	, 0.99010	, 101	, 21	,
		, 12	, 0.70922	, 141	, 10	,
		, 12	, 0.73529	, 136	, 13	,
		, 12	, 1.02041	, 98	, 17	,
		, 13	, 0.72464	, 138	, 10	,
		, 13	, 1.33333	, 75	, 30	,
		, 15	, 1.66667	, 60	, 27	,
		, 17	, 1.14943	, 87	, 19	,
		, 19	, 2.75676	, 37	, 36	,
		, 20	, 5.83333	, 18	, 66	,
		, 21	, 2.40476	, 42	, 48	,
		, 27	, 2.55000	, 40	, 51	,
		, 37	, 3.88462	, 26	, 72	,
		, 39	, 12.75000	, 8	, 187	,
		, 55	, 9.27273	, 11	, 99	,
		, 87	, 16.42860	, 7	, 183	,
		, 959	, 40392.00000	, 1	, 5070	,


 sha		, 3	, 0.04936	, 2026	, 0	,
		, 6	, 0.14347	, 697	, 1	,
		, 7	, 0.91743	, 109	, 13	,
		, 8	, 0.38461	, 260	, 4	,
		, 8	, 0.50505	, 198	, 6	,
		, 8	, 0.55556	, 180	, 9	,
		, 9	, 0.30030	, 333	, 3	,
		, 10	, 0.47619	, 210	, 6	,
		, 10	, 0.47847	, 209	, 6	,
		, 10	, 0.48077	, 208	, 6	,
		, 10	, 0.53476	, 187	, 8	,
		, 10	, 0.82645	, 121	, 13	,
		, 11	, 0.70422	, 142	, 12	,
		, 11	, 0.99010	, 101	, 21	,
		, 12	, 0.42194	, 237	, 5	,
		, 15	, 1.11111	, 90	, 22	,
		, 16	, 0.32362	, 309	, 2	,
		, 19	, 1.38889	, 72	, 26	,
		, 24	, 2.56410	, 39	, 26	,
		, 24	, 2.56410	, 39	, 26	,
		, 24	, 2.58974	, 39	, 26	,
		, 24	, 2.61538	, 39	, 26	,
		, 24	, 4.04000	, 25	, 41	,
		, 25	, 0.61728	, 162	, 5	,
		, 26	, 2.61538	, 39	, 55	,
		, 29	, 2.80556	, 36	, 56	,
		, 32	, 2.94118	, 34	, 55	,
		, 33	, 6.31250	, 16	, 120	,
		, 33	, 6.37500	, 16	, 120	,
		, 34	, 6.66667	, 15	, 115	,
		, 35	, 6.43750	, 16	, 116	,
		, 41	, 4.12000	, 25	, 74	,
		, 48	, 13.87500	, 8	, 89	,
		, 53	, 5.26316	, 19	, 96	,
		, 147	, 1951.00000	, 1	, 275	,


 sor		, 2	, 0.05473	, 1827	, 0	,
		, 2	, 0.18248	, 548	, 3	,
		, 3	, 0.10776	, 928	, 1	,
		, 3	, 0.19608	, 510	, 3	,
		, 4	, 0.20080	, 498	, 3	,
		, 5	, 0.35336	, 283	, 4	,
		, 5	, 0.47619	, 210	, 10	,
		, 5	, 0.47619	, 210	, 10	,
		, 5	, 0.47847	, 209	, 6	,
		, 8	, 0.54645	, 183	, 9	,
		, 10	, 0.71429	, 140	, 9	,
		, 10	, 0.96154	, 104	, 20	,
		, 14	, 0.93458	, 107	, 13	,
		, 14	, 6.37500	, 16	, 149	,
		, 15	, 0.98039	, 102	, 14	,
		, 15	, 1.21687	, 83	, 19	,
		, 29	, 2.32558	, 43	, 29	,
		, 29	, 3.12500	, 32	, 49	,


 whetstone		, 3	, 0.04859	, 2058	, 0	,
		, 3	, 0.11377	, 879	, 1	,
		, 3	, 0.11416	, 876	, 1	,
		, 3	, 0.11468	, 872	, 1	,
		, 4	, 0.03516	, 2844	, 0	,
		, 4	, 0.05938	, 1684	, 0	,
		, 4	, 0.12516	, 799	, 1	,
		, 4	, 0.21008	, 476	, 3	,
		, 5	, 0.11682	, 856	, 1	,
		, 5	, 0.20450	, 489	, 3	,
		, 5	, 0.22173	, 451	, 3	,
		, 6	, 0.20661	, 484	, 2	,
		, 6	, 0.28249	, 354	, 4	,
		, 6	, 0.30303	, 330	, 4	,
		, 7	, 0.21413	, 467	, 3	,
		, 7	, 0.50251	, 199	, 9	,
		, 7	, 0.50251	, 199	, 9	,
		, 7	, 0.50251	, 199	, 9	,
		, 7	, 0.50251	, 199	, 9	,
		, 8	, 0.28985	, 345	, 3	,
		, 8	, 0.36232	, 276	, 4	,
		, 9	, 0.29851	, 335	, 3	,
		, 9	, 0.51020	, 196	, 9	,
		, 10	, 0.47847	, 209	, 6	,
		, 10	, 0.53476	, 187	, 6	,
		, 10	, 0.73529	, 136	, 12	,
		, 12	, 0.39370	, 254	, 4	,
		, 12	, 0.80000	, 125	, 13	,
		, 14	, 1.26582	, 79	, 16	,
		, 14	, 1.26582	, 79	, 17	,
		, 15	, 0.48780	, 205	, 5	,
		, 15	, 0.60976	, 164	, 7	,
		, 18	, 0.76923	, 130	, 9	,
		, 19	, 0.76336	, 131	, 9	,
		, 24	, 1.03093	, 97	, 12	,
		, 29	, 30.00000	, 4	, 62	,
		, 31	, 30.50000	, 4	, 65	,
		, 39	, 4.34783	, 23	, 57	,
		, 39	, 5.83333	, 18	, 42	,
