union	, size	, time	, it	, cand	,


 adpcm		, 3	, 0.19570	, 511	, 3	,
		, 3	, 0.19685	, 508	, 3	,
		, 3	, 0.19685	, 508	, 3	,
		, 4	, 0.12854	, 778	, 1	,
		, 5	, 0.28736	, 348	, 4	,
		, 5	, 0.31847	, 314	, 5	,
		, 5	, 0.31847	, 314	, 5	,
		, 5	, 0.31949	, 313	, 5	,
		, 5	, 0.31949	, 313	, 5	,
		, 5	, 0.46083	, 217	, 9	,
		, 6	, 0.46512	, 215	, 9	,
		, 6	, 0.46512	, 215	, 9	,
		, 7	, 0.55556	, 180	, 9	,
		, 7	, 0.55556	, 180	, 9	,
		, 8	, 0.23310	, 429	, 2	,
		, 8	, 0.23474	, 426	, 2	,
		, 10	, 0.54945	, 182	, 8	,
		, 11	, 0.30675	, 326	, 4	,
		, 11	, 0.88496	, 113	, 16	,
		, 11	, 0.93458	, 107	, 13	,
		, 11	, 0.93458	, 107	, 13	,
		, 12	, 0.40486	, 247	, 5	,
		, 12	, 0.62893	, 159	, 8	,
		, 12	, 0.81967	, 122	, 12	,
		, 14	, 0.62500	, 160	, 8	,
		, 14	, 0.68027	, 147	, 8	,
		, 14	, 0.83333	, 120	, 12	,
		, 17	, 0.88496	, 113	, 10	,
		, 18	, 1.29870	, 77	, 18	,
		, 18	, 1.29870	, 77	, 18	,
		, 20	, 1.40845	, 71	, 19	,
		, 21	, 1.12360	, 89	, 14	,
		, 31	, 3.57143	, 28	, 49	,
		, 38	, 4.59091	, 22	, 74	,
		, 38	, 4.59091	, 22	, 74	,
		, 55	, 57754.00000	, 1	, 99	,


 aes		,	,	,	,	,
		, 	,	,	,	,
		, 	,	,	,	,
		, 	,	,	,	,
		, 	,	,	,	,
		, 	,	,	,	,
		, 	,	,	,	,
		, 	,	,	,	,
		, 	,	,	,	,
		, 	,	,	,	,
		, 	,	,	,	,
		, 	,	,	,	,
		, 	,	,	,	,
		, 	,	,	,	,
		, 	,	,	,	,
		, 	,	,	,	,
		, 	,	,	,	,
		, 	,	,	,	,
		, 	,	,	,	,
		, 	,	,	,	,
		, 	,	,	,	,
		, 	,	,	,	,
		, 	,	,	,	,
		, 	,	,	,	,
		, 	,	,	,	,
		, 	,	,	,	,
		, 	,	,	,	,
		, 	,	,	,	,
		, 	,	,	,	,
		, 	,	,	,	,
		, 	,	,	,	,
		, 	,	,	,	,
		, 	,	,	,	,
		, 	,	,	,	,
		, 	,	,	,	,
		, 	,	,	,	,
		, 	,	,	,	,
		, 	,	,	,	,
		, 	,	,	,	,
		, 	,	,	,	,
		, 	,	,	,	,
		, 	,	,	,	,
		, 	,	,	,	,
		, 	,	,	,	,
		, 	,	,	,	,
		, 	,	,	,	,
		, 	,	,	,	,
		, 	,	,	,	,
		, 	,	,	,	,
		, 	,	,	,	,
		, 	,	,	,	,
		, 	,	,	,	,
		, 	,	,	,	,
		, 	,	,	,	,
		, 	,	,	,	,
		, 	,	,	,	,
		, 	,	,	,	,
		, 	,	,	,	,
		, 	,	,	,	,
		, 	,	,	,	,
		, 	,	,	,	,
		, 	,	,	,	,
		, 	,	,	,	,
		, 	,	,	,	,
		, 	,	,	,	,
		, 	,	,	,	,
		, 	,	,	,	,
		, 	,	,	,	,
		, 	,	,	,	,
		, 	,	,	,	,
		, 	,	,	,	,
		, 	,	,	,	,
		, 	,	,	,	,
		, 	,	,	,	,
		, 	,	,	,	,
		, 	,	,	,	,
		, 	,	,	,	,
		, 	,	,	,	,
		, 	,	,	,	,
		, 	,	,	,	,
		, 	,	,	,	,
		, 	,	,	,	,
		, 	,	,	,	,
		, 	,	,	,	,
		, 	,	,	,	,
		, 	,	,	,	,
		, 	,	,	,	,
		, 	,	,	,	,
		, 	,	,	,	,
		, 	,	,	,	,
		, 	,	,	,	,
		, 	,	,	,	,
		, 	,	,	,	,
		, 	,	,	,	,
		, 	,	,	,	,
		, 	,	,	,	,
		, 	,	,	,	,
		, 	,	,	,	,
		, 	,	,	,	,
		, 	,	,	,	,
		, 	,	,	,	,
		, 	,	,	,	,
		, 	,	,	,	,
		, 	,	,	,	,
		, 	,	,	,	,
		, 	,	,	,	,
		, 	,	,	,	,
		, 	,	,	,	,
		, 	,	,	,	,
		, 	,	,	,	,
		, 	,	,	,	,
		, 	,	,	,	,
		, 	,	,	,	,
		, 	,	,	,	,
		, 	,	,	,	,
		, 	,	,	,	,
		, 	,	,	,	,
		, 	,	,	,	,
		, 	,	,	,	,
		, 	,	,	,	,
		, 	,	,	,	,
		, 	,	,	,	,
		, 	,	,	,	,
		, 	,	,	,	,
		, 	,	,	,	,
		, 	,	,	,	,
		, 	,	,	,	,
		, 	,	,	,	,
		, 	,	,	,	,
		, 	,	,	,	,
		, 	,	,	,	,
		, 	,	,	,	,
		, 	,	,	,	,
		, 	,	,	,	,
		, 	,	,	,	,
		, 	,	,	,	,
		, 	,	,	,	,
		, 	,	,	,	,
		, 	,	,	,	,
		, 	,	,	,	,
		, 	,	,	,	,
		, 	,	,	,	,
		, 	,	,	,	,
		, 	,	,	,	,
		, 	,	,	,	,
		, 	,	,	,	,
		, 	,	,	,	,
		, 	,	,	,	,
		, 	,	,	,	,
		, 	,	,	,	,
		, 	,	,	,	,
		, 	,	,	,	,
		, 	,	,	,	,
		, 	,	,	,	,
		, 	,	,	,	,
		, 	,	,	,	,
		, 	,	,	,	,
		, 	,	,	,	,
		, 	,	,	,	,
		, 	,	,	,	,
		, 	,	,	,	,
		, 	,	,	,	,
		, 	,	,	,	,
		, 	,	,	,	,
		, 	,	,	,	,
		, 	,	,	,	,
		, 	,	,	,	,
		, 	,	,	,	,
		, 	,	,	,	,
		, 	,	,	,	,
		, 	,	,	,	,
		, 	,	,	,	,
		, 	,	,	,	,
		, 	,	,	,	,
		, 	,	,	,	,
		, 	,	,	,	,
		, 	,	,	,	,
		, 	,	,	,	,
		, 	,	,	,	,
		, 	,	,	,	,
		, 	,	,	,	,


 blowfish		, 3	, 0.04776	, 2094	, 0	,
		, 3	, 0.04810	, 2079	, 0	,
		, 3	, 0.11574	, 864	, 1	,
		, 3	, 0.19570	, 511	, 3	,
		, 5	, 0.04029	, 2482	, 0	,
		, 7	, 0.38023	, 263	, 6	,
		, 7	, 0.42017	, 238	, 6	,
		, 7	, 0.42194	, 237	, 6	,
		, 7	, 0.61728	, 162	, 10	,
		, 7	, 0.61728	, 162	, 10	,
		, 8	, 0.22173	, 451	, 3	,
		, 8	, 0.36232	, 276	, 5	,
		, 8	, 0.43668	, 229	, 6	,
		, 8	, 0.43668	, 229	, 6	,
		, 9	, 0.64935	, 154	, 11	,
		, 9	, 0.65360	, 153	, 11	,
		, 9	, 0.65360	, 153	, 11	,
		, 9	, 0.65360	, 153	, 11	,
		, 9	, 0.65360	, 153	, 11	,
		, 9	, 0.65360	, 153	, 11	,
		, 10	, 0.67114	, 149	, 11	,
		, 10	, 0.67114	, 149	, 11	,
		, 10	, 0.67114	, 149	, 11	,
		, 10	, 0.67114	, 149	, 11	,
		, 10	, 0.67114	, 149	, 11	,
		, 10	, 0.67568	, 148	, 11	,
		, 10	, 0.68966	, 145	, 10	,
		, 11	, 0.37594	, 266	, 5	,
		, 11	, 0.82645	, 121	, 12	,
		, 13	, 0.85470	, 117	, 13	,
		, 16	, 1.12360	, 89	, 17	,
		, 16	, 2.17021	, 47	, 36	,
		, 19	, 1.07527	, 93	, 16	,
		, 22	, 1.17442	, 86	, 17	,
		, 22	, 1.85185	, 54	, 31	,
		, 25	, 2.72973	, 37	, 30	,
		, 27	, 2.10417	, 48	, 32	,
		, 38	, 2.38095	, 42	, 38	,
		, 44	, 2.42857	, 42	, 38	,
		, 47	, 2.72973	, 37	, 42	,
		, 49	, 5.66667	, 18	, 77	,
		, 55	, 6.05882	, 17	, 77	,
		, 59	, 7.06667	, 15	, 102	,
		, 64	, 4.68182	, 22	, 72	,
		, 68	, 7.69231	, 13	, 100	,
		, 80	, 7.92308	, 13	, 105	,
		, 98	, 23.40000	, 5	, 232	,
		, 108	, 15.00000	, 7	, 189	,
		, 127	, 37712.00000	, 1	, 220	,
		, 127	, 37738.00000	, 1	, 234	,
		, 127	, 7101.00000	, 1	, 207	,
		, 673	, 473.00000	, 1	, 1395	,
		, 674	, 474.00000	, 1	, 1395	,


 cjpeg		, 2	, 0.03858	, 2592	, 0	,
		, 2	, 0.03860	, 2591	, 0	,
		, 2	, 0.03861	, 2590	, 0	,
		, 2	, 0.03880	, 2577	, 0	,
		, 2	, 0.03887	, 2573	, 0	,
		, 2	, 0.03887	, 2573	, 0	,
		, 2	, 0.03890	, 2571	, 0	,
		, 2	, 0.03891	, 2570	, 0	,
		, 2	, 0.03891	, 2570	, 0	,
		, 2	, 0.03893	, 2569	, 0	,
		, 2	, 0.03893	, 2569	, 0	,
		, 2	, 0.03894	, 2568	, 0	,
		, 2	, 0.03896	, 2567	, 0	,
		, 2	, 0.03896	, 2567	, 0	,
		, 2	, 0.03896	, 2567	, 0	,
		, 2	, 0.03899	, 2565	, 0	,
		, 2	, 0.03899	, 2565	, 0	,
		, 2	, 0.03900	, 2564	, 0	,
		, 2	, 0.03900	, 2564	, 0	,
		, 2	, 0.03900	, 2564	, 0	,
		, 2	, 0.03900	, 2564	, 0	,
		, 2	, 0.03902	, 2563	, 0	,
		, 2	, 0.03903	, 2562	, 0	,
		, 2	, 0.03908	, 2559	, 0	,
		, 2	, 0.03908	, 2559	, 0	,
		, 2	, 0.03909	, 2558	, 0	,
		, 2	, 0.03923	, 2549	, 0	,
		, 3	, 0.04407	, 2269	, 0	,
		, 3	, 0.04847	, 2063	, 0	,
		, 3	, 0.04866	, 2055	, 0	,
		, 3	, 0.04936	, 2026	, 0	,
		, 3	, 0.04938	, 2025	, 0	,
		, 3	, 0.04943	, 2023	, 0	,
		, 3	, 0.04946	, 2022	, 0	,
		, 3	, 0.04948	, 2021	, 0	,
		, 3	, 0.04948	, 2021	, 0	,
		, 3	, 0.04958	, 2017	, 0	,
		, 3	, 0.04970	, 2012	, 0	,
		, 3	, 0.10753	, 930	, 1	,
		, 3	, 0.11416	, 876	, 1	,
		, 3	, 0.11429	, 875	, 1	,
		, 3	, 0.11442	, 874	, 1	,
		, 3	, 0.11442	, 874	, 1	,
		, 3	, 0.11455	, 873	, 1	,
		, 3	, 0.11455	, 873	, 1	,
		, 3	, 0.11481	, 871	, 1	,
		, 3	, 0.19531	, 512	, 3	,
		, 3	, 0.19570	, 511	, 3	,
		, 3	, 0.19570	, 511	, 3	,
		, 3	, 0.19570	, 511	, 3	,
		, 3	, 0.19570	, 511	, 3	,
		, 3	, 0.19608	, 510	, 3	,
		, 4	, 0.06135	, 1630	, 0	,
		, 4	, 0.12151	, 823	, 1	,
		, 4	, 0.12392	, 807	, 1	,
		, 4	, 0.12953	, 772	, 1	,
		, 4	, 0.12970	, 771	, 1	,
		, 4	, 0.12987	, 770	, 1	,
		, 4	, 0.13038	, 767	, 1	,
		, 4	, 0.21053	, 475	, 3	,
		, 4	, 0.21053	, 475	, 3	,
		, 4	, 0.21097	, 474	, 3	,
		, 5	, 0.21552	, 464	, 3	,
		, 5	, 0.22222	, 450	, 3	,
		, 5	, 0.23529	, 425	, 3	,
		, 5	, 0.36364	, 275	, 5	,
		, 5	, 0.36496	, 274	, 5	,
		, 5	, 0.36496	, 274	, 5	,
		, 5	, 0.36496	, 274	, 5	,
		, 5	, 0.36496	, 274	, 5	,
		, 5	, 0.36496	, 274	, 5	,
		, 5	, 0.36496	, 274	, 5	,
		, 5	, 0.36765	, 272	, 5	,
		, 6	, 0.14347	, 697	, 1	,
		, 6	, 0.15552	, 643	, 1	,
		, 6	, 0.23310	, 429	, 3	,
		, 6	, 0.23310	, 429	, 3	,
		, 6	, 0.23310	, 429	, 3	,
		, 6	, 0.23419	, 427	, 3	,
		, 6	, 0.29674	, 337	, 4	,
		, 7	, 0.31746	, 315	, 4	,
		, 7	, 0.36900	, 271	, 5	,
		, 7	, 0.37037	, 270	, 5	,
		, 7	, 0.37037	, 270	, 5	,
		, 7	, 0.37037	, 270	, 5	,
		, 7	, 0.37037	, 270	, 5	,
		, 7	, 0.37037	, 270	, 5	,
		, 7	, 0.37037	, 270	, 5	,
		, 7	, 0.37037	, 270	, 5	,
		, 7	, 0.37037	, 270	, 5	,
		, 7	, 0.37037	, 270	, 5	,
		, 7	, 0.37037	, 270	, 5	,
		, 7	, 0.37037	, 270	, 5	,
		, 7	, 0.37037	, 270	, 5	,
		, 7	, 0.37037	, 270	, 5	,
		, 7	, 0.37037	, 270	, 5	,
		, 7	, 0.37175	, 269	, 5	,
		, 7	, 0.37175	, 269	, 5	,
		, 7	, 0.37175	, 269	, 5	,
		, 7	, 0.37313	, 268	, 5	,
		, 7	, 0.61728	, 162	, 10	,
		, 8	, 0.25381	, 394	, 3	,
		, 8	, 0.38314	, 261	, 5	,
		, 8	, 0.38314	, 261	, 5	,
		, 8	, 0.45872	, 218	, 6	,
		, 8	, 0.45872	, 218	, 6	,
		, 9	, 0.18018	, 555	, 1	,
		, 9	, 0.18282	, 547	, 1	,
		, 9	, 0.18315	, 546	, 1	,
		, 9	, 0.25773	, 388	, 3	,
		, 9	, 0.40161	, 249	, 5	,
		, 9	, 0.54945	, 182	, 8	,
		, 9	, 0.57471	, 174	, 8	,
		, 10	, 0.14084	, 710	, 1	,
		, 10	, 0.22883	, 437	, 3	,
		, 10	, 0.25381	, 394	, 2	,
		, 10	, 0.37736	, 265	, 4	,
		, 10	, 0.41494	, 241	, 5	,
		, 10	, 0.41494	, 241	, 5	,
		, 10	, 0.47847	, 209	, 6	,
		, 10	, 0.56497	, 177	, 9	,
		, 10	, 0.57143	, 175	, 8	,
		, 10	, 0.98039	, 102	, 17	,
		, 11	, 0.42553	, 235	, 5	,
		, 11	, 0.42735	, 234	, 5	,
		, 14	, 0.23810	, 420	, 1	,
		, 15	, 0.52356	, 191	, 6	,
		, 15	, 0.88496	, 113	, 12	,
		, 15	, 0.88496	, 113	, 12	,
		, 15	, 0.89286	, 112	, 12	,
		, 34	, 1.78571	, 56	, 23	,
		, 42	, 2.75676	, 37	, 37	,
		, 48	, 4.08000	, 25	, 62	,
		, 137	, 9.36364	, 11	, 84	,


 fft		, 2	, 0.05473	, 1827	, 0	,
		, 3	, 0.10741	, 931	, 1	,
		, 3	, 0.10764	, 929	, 1	,
		, 3	, 0.19493	, 513	, 3	,
		, 3	, 0.19493	, 513	, 3	,
		, 3	, 0.19493	, 513	, 3	,
		, 3	, 0.19570	, 511	, 3	,
		, 3	, 0.19570	, 511	, 3	,
		, 3	, 0.19608	, 510	, 3	,
		, 4	, 0.26810	, 373	, 4	,
		, 5	, 0.13423	, 745	, 1	,
		, 5	, 0.31847	, 314	, 5	,
		, 5	, 0.31949	, 313	, 5	,
		, 5	, 0.36496	, 274	, 5	,
		, 5	, 0.51282	, 195	, 9	,
		, 5	, 0.76336	, 131	, 15	,
		, 6	, 0.54054	, 185	, 6	,
		, 6	, 0.54054	, 185	, 6	,
		, 7	, 0.21645	, 462	, 2	,
		, 7	, 0.21692	, 461	, 2	,
		, 7	, 0.63291	, 158	, 12	,
		, 7	, 0.63694	, 157	, 12	,
		, 7	, 1.03093	, 97	, 15	,
		, 8	, 0.35842	, 279	, 4	,
		, 8	, 0.44843	, 223	, 6	,
		, 8	, 0.44843	, 223	, 6	,
		, 8	, 0.53476	, 187	, 8	,
		, 8	, 0.53476	, 187	, 8	,
		, 8	, 0.53763	, 186	, 8	,
		, 9	, 0.86207	, 116	, 18	,
		, 11	, 0.57471	, 174	, 7	,
		, 12	, 0.92593	, 108	, 14	,
		, 12	, 0.92593	, 108	, 18	,
		, 12	, 1.38356	, 73	, 20	,
		, 12	, 1.38889	, 72	, 20	,
		, 13	, 1.83636	, 55	, 30	,
		, 14	, 1.06383	, 94	, 17	,
		, 15	, 1.25000	, 80	, 21	,
		, 16	, 0.55556	, 180	, 6	,
		, 16	, 0.55556	, 180	, 6	,
		, 19	, 1.58730	, 63	, 23	,
		, 38	, 6.25000	, 16	, 42	,
		, 52	, 5.83333	, 18	, 52	,


 md5		, 2	, 0.09921	, 1008	, 1	,
		, 3	, 0.11521	, 868	, 1	,
		, 3	, 0.19531	, 512	, 3	,
		, 3	, 0.19570	, 511	, 3	,
		, 4	, 0.20080	, 498	, 3	,
		, 4	, 0.20161	, 496	, 3	,
		, 4	, 0.31847	, 314	, 5	,
		, 5	, 0.23148	, 432	, 3	,
		, 5	, 0.23202	, 431	, 3	,
		, 6	, 0.68493	, 146	, 15	,
		, 7	, 0.37879	, 264	, 5	,
		, 7	, 0.95238	, 105	, 19	,
		, 7	, 1.04167	, 96	, 15	,
		, 10	, 0.58139	, 172	, 8	,
		, 10	, 0.59880	, 167	, 8	,
		, 10	, 0.59880	, 167	, 8	,
		, 11	, 0.86207	, 116	, 15	,
		, 12	, 0.67568	, 148	, 9	,
		, 12	, 0.69930	, 143	, 10	,
		, 12	, 1.01010	, 99	, 16	,
		, 13	, 0.69930	, 143	, 8	,
		, 13	, 1.12360	, 89	, 20	,
		, 15	, 1.31579	, 76	, 22	,
		, 17	, 1.09890	, 91	, 15	,
		, 19	, 1.66667	, 60	, 20	,
		, 20	, 3.51724	, 29	, 49	,
		, 21	, 2.02000	, 50	, 33	,
		, 27	, 2.31818	, 44	, 35	,
		, 37	, 3.48276	, 29	, 48	,
		, 39	, 6.31250	, 16	, 74	,
		, 55	, 11.66670	, 9	, 139	,
		, 87	, 18.83330	, 6	, 201	,
		, 959	, 471.00000	, 1	, 2111	,


 sha		, 3	, 0.04871	, 2053	, 0	,
		, 6	, 0.14368	, 696	, 1	,
		, 7	, 0.96154	, 104	, 19	,
		, 8	, 0.39370	, 254	, 5	,
		, 8	, 0.54945	, 182	, 9	,
		, 8	, 0.55866	, 179	, 8	,
		, 9	, 0.30030	, 333	, 3	,
		, 10	, 0.47393	, 211	, 6	,
		, 10	, 0.48077	, 208	, 6	,
		, 10	, 0.48077	, 208	, 6	,
		, 10	, 0.52910	, 189	, 7	,
		, 10	, 0.82645	, 121	, 13	,
		, 11	, 0.64103	, 156	, 8	,
		, 11	, 0.86957	, 115	, 15	,
		, 12	, 0.42735	, 234	, 5	,
		, 15	, 1.00000	, 100	, 14	,
		, 16	, 0.32362	, 309	, 2	,
		, 19	, 1.35135	, 74	, 22	,
		, 24	, 2.34884	, 43	, 32	,
		, 24	, 2.34884	, 43	, 32	,
		, 24	, 2.34884	, 43	, 32	,
		, 24	, 2.37209	, 43	, 32	,
		, 24	, 3.81481	, 27	, 50	,
		, 25	, 0.62112	, 161	, 5	,
		, 26	, 2.34884	, 43	, 35	,
		, 29	, 2.52500	, 40	, 36	,
		, 32	, 2.70270	, 37	, 38	,
		, 33	, 3.51724	, 29	, 56	,
		, 33	, 3.57143	, 28	, 56	,
		, 34	, 3.57143	, 28	, 57	,
		, 35	, 3.77778	, 27	, 58	,
		, 41	, 3.77778	, 27	, 52	,
		, 48	, 18.00000	, 6	, 148	,
		, 53	, 4.95238	, 21	, 72	,
		, 147	, 2017.00000	, 1	, 307	,


 sor		, 2	, 0.05485	, 1823	, 0	,
		, 2	, 0.18484	, 541	, 3	,
		, 3	, 0.10753	, 930	, 1	,
		, 3	, 0.19646	, 509	, 3	,
		, 4	, 0.20202	, 495	, 3	,
		, 5	, 0.36630	, 273	, 5	,
		, 5	, 0.46296	, 216	, 9	,
		, 5	, 0.46296	, 216	, 9	,
		, 5	, 0.51814	, 193	, 9	,
		, 8	, 0.54645	, 183	, 9	,
		, 10	, 0.75758	, 132	, 11	,
		, 10	, 0.95238	, 105	, 17	,
		, 14	, 0.98039	, 102	, 16	,
		, 14	, 1.74138	, 58	, 29	,
		, 15	, 0.98039	, 102	, 14	,
		, 15	, 1.14943	, 87	, 14	,
		, 29	, 2.19565	, 46	, 23	,
		, 29	, 2.70270	, 37	, 35	,


 whetstone		, 3	, 0.04850	, 2062	, 0	,
		, 3	, 0.11389	, 878	, 1	,
		, 3	, 0.11442	, 874	, 1	,
		, 3	, 0.11494	, 870	, 1	,
		, 4	, 0.03498	, 2859	, 0	,
		, 4	, 0.05914	, 1691	, 0	,
		, 4	, 0.12579	, 795	, 1	,
		, 4	, 0.21053	, 475	, 3	,
		, 5	, 0.11820	, 846	, 1	,
		, 5	, 0.20619	, 485	, 3	,
		, 5	, 0.22124	, 452	, 3	,
		, 6	, 0.20619	, 485	, 2	,
		, 6	, 0.28090	, 356	, 4	,
		, 6	, 0.30581	, 327	, 4	,
		, 7	, 0.21459	, 466	, 3	,
		, 7	, 0.48544	, 206	, 8	,
		, 7	, 0.48780	, 205	, 8	,
		, 7	, 0.48780	, 205	, 8	,
		, 7	, 0.48780	, 205	, 8	,
		, 8	, 0.29325	, 341	, 3	,
		, 8	, 0.36496	, 274	, 4	,
		, 9	, 0.29851	, 335	, 3	,
		, 9	, 0.50000	, 200	, 8	,
		, 10	, 0.48544	, 206	, 6	,
		, 10	, 0.54945	, 182	, 7	,
		, 10	, 0.66667	, 150	, 11	,
		, 12	, 0.38910	, 257	, 4	,
		, 12	, 0.80645	, 124	, 13	,
		, 14	, 0.67114	, 149	, 6	,
		, 14	, 1.55385	, 65	, 30	,
		, 15	, 0.48780	, 205	, 5	,
		, 15	, 0.60976	, 164	, 7	,
		, 18	, 0.76923	, 130	, 9	,
		, 19	, 0.76336	, 131	, 6	,
		, 24	, 1.02041	, 98	, 12	,
		, 29	, 4.20833	, 24	, 43	,
		, 31	, 4.16667	, 24	, 42	,
		, 39	, 2.56410	, 39	, 25	,
		, 39	, 4.76190	, 21	, 81	,
