union	, size	, time	, it	, cand	,


 adpcm		, 3	, 0.19570	, 511	, 3	,
		, 3	, 0.19685	, 508	, 3	,
		, 3	, 0.19920	, 502	, 3	,
		, 4	, 0.12804	, 781	, 1	,
		, 5	, 0.28653	, 349	, 4	,
		, 5	, 0.33557	, 298	, 6	,
		, 5	, 0.33670	, 297	, 6	,
		, 5	, 0.33670	, 297	, 6	,
		, 5	, 0.33784	, 296	, 6	,
		, 5	, 0.48077	, 208	, 10	,
		, 6	, 0.48077	, 208	, 10	,
		, 6	, 0.48309	, 207	, 10	,
		, 7	, 0.55556	, 180	, 9	,
		, 7	, 0.55866	, 179	, 9	,
		, 8	, 0.23419	, 427	, 2	,
		, 8	, 0.23585	, 424	, 2	,
		, 10	, 0.56818	, 176	, 9	,
		, 11	, 0.30675	, 326	, 4	,
		, 11	, 0.97087	, 103	, 20	,
		, 11	, 1.75439	, 57	, 37	,
		, 11	, 1.77193	, 57	, 37	,
		, 12	, 0.40486	, 247	, 6	,
		, 12	, 0.64935	, 154	, 9	,
		, 12	, 0.84746	, 118	, 14	,
		, 14	, 0.62500	, 160	, 8	,
		, 14	, 0.70422	, 142	, 10	,
		, 14	, 0.85470	, 117	, 14	,
		, 17	, 0.90909	, 110	, 12	,
		, 18	, 1.33333	, 75	, 22	,
		, 18	, 1.33333	, 75	, 22	,
		, 20	, 1.88679	, 53	, 27	,
		, 21	, 1.42857	, 70	, 25	,
		, 31	, 8.07692	, 13	, 147	,
		, 38	, 8.07692	, 13	, 166	,
		, 38	, 8.00000	, 13	, 166	,
		, 55	, 5664350.00000	, 1	, 304	,


 aes		,	,	,	,	,
		, 	,	,	,	,
		, 	,	,	,	,
		, 	,	,	,	,
		, 	,	,	,	,
		, 	,	,	,	,
		, 	,	,	,	,
		, 	,	,	,	,
		, 	,	,	,	,
		, 	,	,	,	,
		, 	,	,	,	,
		, 	,	,	,	,
		, 	,	,	,	,
		, 	,	,	,	,
		, 	,	,	,	,
		, 	,	,	,	,
		, 	,	,	,	,
		, 	,	,	,	,
		, 	,	,	,	,
		, 	,	,	,	,
		, 	,	,	,	,
		, 	,	,	,	,
		, 	,	,	,	,
		, 	,	,	,	,
		, 	,	,	,	,
		, 	,	,	,	,
		, 	,	,	,	,
		, 	,	,	,	,
		, 	,	,	,	,
		, 	,	,	,	,
		, 	,	,	,	,
		, 	,	,	,	,
		, 	,	,	,	,
		, 	,	,	,	,
		, 	,	,	,	,
		, 	,	,	,	,
		, 	,	,	,	,
		, 	,	,	,	,
		, 	,	,	,	,
		, 	,	,	,	,
		, 	,	,	,	,
		, 	,	,	,	,
		, 	,	,	,	,
		, 	,	,	,	,
		, 	,	,	,	,
		, 	,	,	,	,
		, 	,	,	,	,
		, 	,	,	,	,
		, 	,	,	,	,
		, 	,	,	,	,
		, 	,	,	,	,
		, 	,	,	,	,
		, 	,	,	,	,
		, 	,	,	,	,
		, 	,	,	,	,
		, 	,	,	,	,
		, 	,	,	,	,
		, 	,	,	,	,
		, 	,	,	,	,
		, 	,	,	,	,
		, 	,	,	,	,
		, 	,	,	,	,
		, 	,	,	,	,
		, 	,	,	,	,
		, 	,	,	,	,
		, 	,	,	,	,
		, 	,	,	,	,
		, 	,	,	,	,
		, 	,	,	,	,
		, 	,	,	,	,
		, 	,	,	,	,
		, 	,	,	,	,
		, 	,	,	,	,
		, 	,	,	,	,
		, 	,	,	,	,
		, 	,	,	,	,
		, 	,	,	,	,
		, 	,	,	,	,
		, 	,	,	,	,
		, 	,	,	,	,
		, 	,	,	,	,
		, 	,	,	,	,
		, 	,	,	,	,
		, 	,	,	,	,
		, 	,	,	,	,
		, 	,	,	,	,
		, 	,	,	,	,
		, 	,	,	,	,
		, 	,	,	,	,
		, 	,	,	,	,
		, 	,	,	,	,
		, 	,	,	,	,
		, 	,	,	,	,
		, 	,	,	,	,
		, 	,	,	,	,
		, 	,	,	,	,
		, 	,	,	,	,
		, 	,	,	,	,
		, 	,	,	,	,
		, 	,	,	,	,
		, 	,	,	,	,
		, 	,	,	,	,
		, 	,	,	,	,
		, 	,	,	,	,
		, 	,	,	,	,
		, 	,	,	,	,
		, 	,	,	,	,
		, 	,	,	,	,
		, 	,	,	,	,
		, 	,	,	,	,
		, 	,	,	,	,
		, 	,	,	,	,
		, 	,	,	,	,
		, 	,	,	,	,
		, 	,	,	,	,
		, 	,	,	,	,
		, 	,	,	,	,
		, 	,	,	,	,
		, 	,	,	,	,
		, 	,	,	,	,
		, 	,	,	,	,
		, 	,	,	,	,
		, 	,	,	,	,
		, 	,	,	,	,
		, 	,	,	,	,
		, 	,	,	,	,
		, 	,	,	,	,
		, 	,	,	,	,
		, 	,	,	,	,
		, 	,	,	,	,
		, 	,	,	,	,
		, 	,	,	,	,
		, 	,	,	,	,
		, 	,	,	,	,
		, 	,	,	,	,
		, 	,	,	,	,
		, 	,	,	,	,
		, 	,	,	,	,
		, 	,	,	,	,
		, 	,	,	,	,
		, 	,	,	,	,
		, 	,	,	,	,
		, 	,	,	,	,
		, 	,	,	,	,
		, 	,	,	,	,
		, 	,	,	,	,
		, 	,	,	,	,
		, 	,	,	,	,
		, 	,	,	,	,
		, 	,	,	,	,
		, 	,	,	,	,
		, 	,	,	,	,
		, 	,	,	,	,
		, 	,	,	,	,
		, 	,	,	,	,
		, 	,	,	,	,
		, 	,	,	,	,
		, 	,	,	,	,
		, 	,	,	,	,
		, 	,	,	,	,
		, 	,	,	,	,
		, 	,	,	,	,
		, 	,	,	,	,
		, 	,	,	,	,
		, 	,	,	,	,
		, 	,	,	,	,
		, 	,	,	,	,
		, 	,	,	,	,
		, 	,	,	,	,
		, 	,	,	,	,
		, 	,	,	,	,
		, 	,	,	,	,
		, 	,	,	,	,
		, 	,	,	,	,
		, 	,	,	,	,
		, 	,	,	,	,
		, 	,	,	,	,
		, 	,	,	,	,
		, 	,	,	,	,
		, 	,	,	,	,
		, 	,	,	,	,


 blowfish		, 3	, 0.04757	, 2102	, 0	,
		, 3	, 0.04782	, 2091	, 0	,
		, 3	, 0.11416	, 876	, 1	,
		, 3	, 0.19646	, 509	, 3	,
		, 5	, 0.04054	, 2467	, 0	,
		, 7	, 0.38168	, 262	, 6	,
		, 7	, 0.44053	, 227	, 7	,
		, 7	, 0.44248	, 226	, 7	,
		, 7	, 0.62112	, 161	, 12	,
		, 7	, 0.62112	, 161	, 12	,
		, 8	, 0.22173	, 451	, 3	,
		, 8	, 0.36101	, 277	, 5	,
		, 8	, 0.45454	, 220	, 7	,
		, 8	, 0.45662	, 219	, 7	,
		, 9	, 0.67568	, 148	, 12	,
		, 9	, 0.67568	, 148	, 12	,
		, 9	, 0.67568	, 148	, 12	,
		, 9	, 0.67568	, 148	, 12	,
		, 9	, 0.67568	, 148	, 12	,
		, 9	, 0.67568	, 148	, 12	,
		, 10	, 0.68966	, 145	, 11	,
		, 10	, 0.68966	, 145	, 12	,
		, 10	, 0.68966	, 145	, 12	,
		, 10	, 0.68966	, 145	, 12	,
		, 10	, 0.68966	, 145	, 12	,
		, 10	, 0.69444	, 144	, 12	,
		, 10	, 0.69444	, 144	, 12	,
		, 11	, 0.37453	, 267	, 5	,
		, 11	, 0.81967	, 122	, 14	,
		, 13	, 0.90090	, 111	, 17	,
		, 16	, 1.24691	, 81	, 24	,
		, 16	, 2.19565	, 46	, 46	,
		, 19	, 1.11111	, 90	, 18	,
		, 22	, 1.20482	, 83	, 20	,
		, 22	, 1.85185	, 54	, 33	,
		, 25	, 6.80000	, 15	, 91	,
		, 27	, 2.65789	, 38	, 55	,
		, 38	, 2.37209	, 43	, 38	,
		, 44	, 2.42857	, 42	, 38	,
		, 47	, 2.72973	, 37	, 42	,
		, 49	, 45.00000	, 3	, 303	,
		, 55	, 10.10000	, 10	, 193	,
		, 59	, 24.00000	, 5	, 429	,
		, 64	, 4.68182	, 22	, 74	,
		, 68	, 26.50000	, 4	, 428	,
		, 80	, 26.75000	, 4	, 431	,
		, 98	, 45.00000	, 3	, 593	,
		, 108	, 36.00000	, 3	, 534	,
		, 127	, 38624.00000	, 1	, 630	,
		, 127	, 38640.00000	, 1	, 633	,
		, 127	, 7357.00000	, 1	, 555	,
		, 673	, 1521.00000	, 1	, 4997	,
		, 674	, 1522.00000	, 1	, 4997	,


 cjpeg		, 2	, 0.03754	, 2664	, 0	,
		, 2	, 0.03765	, 2656	, 0	,
		, 2	, 0.03765	, 2656	, 0	,
		, 2	, 0.03804	, 2629	, 0	,
		, 2	, 0.03807	, 2627	, 0	,
		, 2	, 0.03807	, 2627	, 0	,
		, 2	, 0.03808	, 2626	, 0	,
		, 2	, 0.03808	, 2626	, 0	,
		, 2	, 0.03808	, 2626	, 0	,
		, 2	, 0.03811	, 2624	, 0	,
		, 2	, 0.03812	, 2623	, 0	,
		, 2	, 0.03812	, 2623	, 0	,
		, 2	, 0.03812	, 2623	, 0	,
		, 2	, 0.03814	, 2622	, 0	,
		, 2	, 0.03814	, 2622	, 0	,
		, 2	, 0.03815	, 2621	, 0	,
		, 2	, 0.03817	, 2620	, 0	,
		, 2	, 0.03818	, 2619	, 0	,
		, 2	, 0.03818	, 2619	, 0	,
		, 2	, 0.03821	, 2617	, 0	,
		, 2	, 0.03821	, 2617	, 0	,
		, 2	, 0.03823	, 2616	, 0	,
		, 2	, 0.03823	, 2616	, 0	,
		, 2	, 0.03824	, 2615	, 0	,
		, 2	, 0.03828	, 2612	, 0	,
		, 2	, 0.03828	, 2612	, 0	,
		, 2	, 0.03830	, 2611	, 0	,
		, 3	, 0.04272	, 2341	, 0	,
		, 3	, 0.04794	, 2086	, 0	,
		, 3	, 0.04796	, 2085	, 0	,
		, 3	, 0.04861	, 2057	, 0	,
		, 3	, 0.04864	, 2056	, 0	,
		, 3	, 0.04871	, 2053	, 0	,
		, 3	, 0.04871	, 2053	, 0	,
		, 3	, 0.04876	, 2051	, 0	,
		, 3	, 0.04878	, 2050	, 0	,
		, 3	, 0.04897	, 2042	, 0	,
		, 3	, 0.04904	, 2039	, 0	,
		, 3	, 0.10787	, 927	, 1	,
		, 3	, 0.11364	, 880	, 1	,
		, 3	, 0.11377	, 879	, 1	,
		, 3	, 0.11389	, 878	, 1	,
		, 3	, 0.11389	, 878	, 1	,
		, 3	, 0.11389	, 878	, 1	,
		, 3	, 0.11416	, 876	, 1	,
		, 3	, 0.11429	, 875	, 1	,
		, 3	, 0.19608	, 510	, 3	,
		, 3	, 0.19608	, 510	, 3	,
		, 3	, 0.19608	, 510	, 3	,
		, 3	, 0.19608	, 510	, 3	,
		, 3	, 0.19608	, 510	, 3	,
		, 3	, 0.19646	, 509	, 3	,
		, 4	, 0.06064	, 1649	, 0	,
		, 4	, 0.12077	, 828	, 1	,
		, 4	, 0.12422	, 805	, 1	,
		, 4	, 0.12903	, 775	, 1	,
		, 4	, 0.12953	, 772	, 1	,
		, 4	, 0.12970	, 771	, 1	,
		, 4	, 0.13004	, 769	, 1	,
		, 4	, 0.21053	, 475	, 3	,
		, 4	, 0.21097	, 474	, 3	,
		, 4	, 0.21186	, 472	, 3	,
		, 5	, 0.21552	, 464	, 3	,
		, 5	, 0.22173	, 451	, 3	,
		, 5	, 0.23474	, 426	, 3	,
		, 5	, 0.38314	, 261	, 6	,
		, 5	, 0.38314	, 261	, 6	,
		, 5	, 0.38461	, 260	, 6	,
		, 5	, 0.38461	, 260	, 6	,
		, 5	, 0.38461	, 260	, 6	,
		, 5	, 0.38461	, 260	, 6	,
		, 5	, 0.38461	, 260	, 6	,
		, 5	, 0.38461	, 260	, 6	,
		, 6	, 0.14245	, 702	, 1	,
		, 6	, 0.15480	, 646	, 1	,
		, 6	, 0.23202	, 431	, 3	,
		, 6	, 0.23256	, 430	, 3	,
		, 6	, 0.23256	, 430	, 3	,
		, 6	, 0.23364	, 428	, 3	,
		, 6	, 0.29498	, 339	, 4	,
		, 7	, 0.31847	, 314	, 4	,
		, 7	, 0.36900	, 271	, 5	,
		, 7	, 0.36900	, 271	, 5	,
		, 7	, 0.36900	, 271	, 5	,
		, 7	, 0.36900	, 271	, 5	,
		, 7	, 0.36900	, 271	, 5	,
		, 7	, 0.36900	, 271	, 5	,
		, 7	, 0.36900	, 271	, 5	,
		, 7	, 0.36900	, 271	, 5	,
		, 7	, 0.37037	, 270	, 5	,
		, 7	, 0.37037	, 270	, 5	,
		, 7	, 0.37037	, 270	, 5	,
		, 7	, 0.37037	, 270	, 5	,
		, 7	, 0.37037	, 270	, 5	,
		, 7	, 0.37037	, 270	, 5	,
		, 7	, 0.37037	, 270	, 5	,
		, 7	, 0.37037	, 270	, 5	,
		, 7	, 0.37037	, 270	, 5	,
		, 7	, 0.37037	, 270	, 5	,
		, 7	, 0.37175	, 269	, 5	,
		, 7	, 0.62112	, 161	, 12	,
		, 8	, 0.25381	, 394	, 3	,
		, 8	, 0.38314	, 261	, 5	,
		, 8	, 0.38461	, 260	, 5	,
		, 8	, 0.47619	, 210	, 7	,
		, 8	, 0.47847	, 209	, 7	,
		, 9	, 0.17986	, 556	, 1	,
		, 9	, 0.18248	, 548	, 1	,
		, 9	, 0.18282	, 547	, 1	,
		, 9	, 0.25773	, 388	, 3	,
		, 9	, 0.40000	, 250	, 5	,
		, 9	, 0.55249	, 181	, 8	,
		, 9	, 0.57471	, 174	, 9	,
		, 10	, 0.13967	, 716	, 1	,
		, 10	, 0.22936	, 436	, 3	,
		, 10	, 0.25189	, 397	, 2	,
		, 10	, 0.37594	, 266	, 4	,
		, 10	, 0.41494	, 241	, 5	,
		, 10	, 0.41494	, 241	, 5	,
		, 10	, 0.47619	, 210	, 6	,
		, 10	, 0.57143	, 175	, 9	,
		, 10	, 0.57471	, 174	, 9	,
		, 10	, 1.06383	, 94	, 23	,
		, 11	, 0.42553	, 235	, 5	,
		, 11	, 0.42553	, 235	, 5	,
		, 14	, 0.23474	, 426	, 1	,
		, 15	, 0.52083	, 192	, 7	,
		, 15	, 0.88496	, 113	, 14	,
		, 15	, 0.88496	, 113	, 14	,
		, 15	, 0.88496	, 113	, 14	,
		, 34	, 1.78571	, 56	, 27	,
		, 42	, 2.75676	, 37	, 43	,
		, 48	, 4.12000	, 25	, 70	,
		, 137	, 9.36364	, 11	, 84	,


 fft		, 2	, 0.05507	, 1816	, 0	,
		, 3	, 0.10707	, 934	, 1	,
		, 3	, 0.10730	, 932	, 1	,
		, 3	, 0.19493	, 513	, 3	,
		, 3	, 0.19493	, 513	, 3	,
		, 3	, 0.19531	, 512	, 3	,
		, 3	, 0.19570	, 511	, 3	,
		, 3	, 0.19608	, 510	, 3	,
		, 3	, 0.19608	, 510	, 3	,
		, 4	, 0.26954	, 371	, 4	,
		, 5	, 0.13405	, 746	, 1	,
		, 5	, 0.33557	, 298	, 6	,
		, 5	, 0.33670	, 297	, 6	,
		, 5	, 0.38314	, 261	, 6	,
		, 5	, 0.53476	, 187	, 10	,
		, 5	, 0.78740	, 127	, 17	,
		, 6	, 0.61350	, 163	, 8	,
		, 6	, 0.61350	, 163	, 8	,
		, 7	, 0.21598	, 463	, 2	,
		, 7	, 0.21645	, 462	, 2	,
		, 7	, 0.64935	, 154	, 13	,
		, 7	, 0.74074	, 135	, 17	,
		, 7	, 1.17442	, 86	, 17	,
		, 8	, 0.35842	, 279	, 4	,
		, 8	, 0.46729	, 214	, 7	,
		, 8	, 0.46729	, 214	, 7	,
		, 8	, 0.55556	, 180	, 9	,
		, 8	, 0.55556	, 180	, 9	,
		, 8	, 0.55866	, 179	, 9	,
		, 9	, 0.90090	, 111	, 20	,
		, 11	, 0.59524	, 168	, 8	,
		, 12	, 0.94340	, 106	, 16	,
		, 12	, 0.95238	, 105	, 19	,
		, 12	, 1.71186	, 59	, 32	,
		, 12	, 1.71186	, 59	, 32	,
		, 13	, 4.72727	, 22	, 108	,
		, 14	, 1.08696	, 92	, 19	,
		, 15	, 1.55385	, 65	, 30	,
		, 16	, 0.57471	, 174	, 7	,
		, 16	, 0.57471	, 174	, 7	,
		, 19	, 1.90566	, 53	, 37	,
		, 38	, 20.00000	, 5	, 94	,
		, 52	, 60.00000	, 2	, 130	,


 md5		,	,	,	,	,
		, 	,	,	,	,
		, 	,	,	,	,
		, 	,	,	,	,
		, 	,	,	,	,
		, 	,	,	,	,
		, 	,	,	,	,
		, 	,	,	,	,
		, 	,	,	,	,
		, 	,	,	,	,
		, 	,	,	,	,
		, 	,	,	,	,
		, 	,	,	,	,
		, 	,	,	,	,
		, 	,	,	,	,
		, 	,	,	,	,
		, 	,	,	,	,
		, 	,	,	,	,
		, 	,	,	,	,
		, 	,	,	,	,
		, 	,	,	,	,
		, 	,	,	,	,
		, 	,	,	,	,
		, 	,	,	,	,


 sha		, 3	, 0.04914	, 2035	, 0	,
		, 6	, 0.14327	, 698	, 1	,
		, 7	, 1.12360	, 89	, 25	,
		, 8	, 0.41152	, 243	, 6	,
		, 8	, 0.55866	, 179	, 9	,
		, 8	, 0.56497	, 177	, 10	,
		, 9	, 0.30212	, 331	, 3	,
		, 10	, 0.47393	, 211	, 6	,
		, 10	, 0.48077	, 208	, 6	,
		, 10	, 0.48309	, 207	, 6	,
		, 10	, 0.53763	, 186	, 8	,
		, 10	, 0.88496	, 113	, 16	,
		, 11	, 0.69930	, 143	, 12	,
		, 11	, 0.99010	, 101	, 21	,
		, 12	, 0.42373	, 236	, 5	,
		, 15	, 1.12360	, 89	, 22	,
		, 16	, 0.32362	, 309	, 2	,
		, 19	, 1.38889	, 72	, 26	,
		, 24	, 3.57143	, 28	, 57	,
		, 24	, 3.60714	, 28	, 57	,
		, 24	, 3.60714	, 28	, 57	,
		, 24	, 3.60714	, 28	, 57	,
		, 24	, 5.61111	, 18	, 68	,
		, 25	, 0.62112	, 161	, 5	,
		, 26	, 2.63158	, 38	, 55	,
		, 29	, 2.80556	, 36	, 56	,
		, 32	, 3.00000	, 34	, 59	,
		, 33	, 6.43750	, 16	, 124	,
		, 33	, 6.43750	, 16	, 124	,
		, 34	, 6.80000	, 15	, 119	,
		, 35	, 6.50000	, 16	, 120	,
		, 41	, 4.08000	, 25	, 74	,
		, 48	, 20.00000	, 5	, 201	,
		, 53	, 5.31579	, 19	, 96	,
		, 147	, 2001.00000	, 1	, 403	,


 sor		, 2	, 0.05495	, 1820	, 0	,
		, 2	, 0.18315	, 546	, 3	,
		, 3	, 0.10753	, 930	, 1	,
		, 3	, 0.19570	, 511	, 3	,
		, 4	, 0.20202	, 495	, 3	,
		, 5	, 0.38610	, 259	, 6	,
		, 5	, 0.48077	, 208	, 10	,
		, 5	, 0.48077	, 208	, 10	,
		, 5	, 0.54054	, 185	, 10	,
		, 8	, 0.54645	, 183	, 9	,
		, 10	, 0.77519	, 129	, 13	,
		, 10	, 0.96154	, 104	, 20	,
		, 14	, 0.99010	, 101	, 17	,
		, 14	, 6.50000	, 16	, 149	,
		, 15	, 1.02041	, 98	, 16	,
		, 15	, 1.28205	, 78	, 23	,
		, 29	, 2.58974	, 39	, 37	,
		, 29	, 3.40000	, 30	, 59	,


 whetstone		, 3	, 0.04785	, 2090	, 0	,
		, 3	, 0.11338	, 882	, 1	,
		, 3	, 0.11389	, 878	, 1	,
		, 3	, 0.11403	, 877	, 1	,
		, 4	, 0.03517	, 2843	, 0	,
		, 4	, 0.05834	, 1714	, 0	,
		, 4	, 0.12469	, 802	, 1	,
		, 4	, 0.21008	, 476	, 3	,
		, 5	, 0.11561	, 865	, 1	,
		, 5	, 0.20534	, 487	, 3	,
		, 5	, 0.22272	, 449	, 3	,
		, 6	, 0.20492	, 488	, 2	,
		, 6	, 0.28090	, 356	, 4	,
		, 6	, 0.30675	, 326	, 4	,
		, 7	, 0.21459	, 466	, 3	,
		, 7	, 0.50505	, 198	, 9	,
		, 7	, 0.50505	, 198	, 9	,
		, 7	, 0.50505	, 198	, 9	,
		, 7	, 0.50761	, 197	, 9	,
		, 8	, 0.28985	, 345	, 3	,
		, 8	, 0.36101	, 277	, 4	,
		, 9	, 0.29762	, 336	, 3	,
		, 9	, 0.51814	, 193	, 9	,
		, 10	, 0.47847	, 209	, 6	,
		, 10	, 0.56818	, 176	, 8	,
		, 10	, 0.68027	, 147	, 12	,
		, 12	, 0.39526	, 253	, 4	,
		, 12	, 0.80645	, 124	, 13	,
		, 14	, 1.40278	, 72	, 24	,
		, 14	, 1.71186	, 59	, 36	,
		, 15	, 0.48544	, 206	, 5	,
		, 15	, 0.60976	, 164	, 7	,
		, 18	, 0.76923	, 130	, 9	,
		, 19	, 0.76336	, 131	, 9	,
		, 24	, 1.03093	, 97	, 12	,
		, 29	, 326.00000	, 1	, 171	,
		, 31	, 331.00000	, 1	, 170	,
		, 39	, 14.00000	, 8	, 66	,
		, 39	, 4.90476	, 21	, 89	,
