union	, size	, time	, it	, cand	,


 adpcm		, 3	, 0.19646	, 509	, 3	,
		, 3	, 0.19724	, 507	, 3	,
		, 3	, 66.00000	, 1	, 3	,
		, 4	, 0.12804	, 781	, 1	,
		, 5	, 0.28571	, 350	, 4	,
		, 5	, 0.33557	, 298	, 6	,
		, 5	, 0.33557	, 298	, 6	,
		, 5	, 0.33557	, 298	, 6	,
		, 5	, 0.33557	, 298	, 6	,
		, 5	, 0.47619	, 210	, 10	,
		, 6	, 0.48309	, 207	, 10	,
		, 6	, 0.48544	, 206	, 10	,
		, 7	, 0.55556	, 180	, 9	,
		, 7	, 0.55556	, 180	, 9	,
		, 8	, 0.23256	, 430	, 2	,
		, 8	, 0.23310	, 429	, 2	,
		, 10	, 0.57143	, 175	, 9	,
		, 11	, 0.30488	, 328	, 4	,
		, 11	, 0.97087	, 103	, 20	,
		, 11	, 2.12766	, 47	, 48	,
		, 11	, 2.12766	, 47	, 48	,
		, 12	, 0.40486	, 247	, 6	,
		, 12	, 0.64935	, 154	, 9	,
		, 12	, 0.84746	, 118	, 14	,
		, 14	, 0.62112	, 161	, 8	,
		, 14	, 0.70422	, 142	, 10	,
		, 14	, 0.85470	, 117	, 14	,
		, 17	, 0.90909	, 110	, 12	,
		, 18	, 1.33333	, 75	, 22	,
		, 18	, 1.33333	, 75	, 22	,
		, 20	, 1.92308	, 52	, 27	,
		, 21	, 1.56250	, 64	, 29	,
		, 31	, 11.11110	, 9	, 219	,
		, 38	, 8.75000	, 12	, 186	,
		, 38	, 8.75000	, 12	, 186	,
		, 55	, 179300000.00000	, 1	, 1168	,


 aes		,	,	,	,	,
		, 	,	,	,	,
		, 	,	,	,	,
		, 	,	,	,	,
		, 	,	,	,	,
		, 	,	,	,	,
		, 	,	,	,	,
		, 	,	,	,	,
		, 	,	,	,	,
		, 	,	,	,	,
		, 	,	,	,	,
		, 	,	,	,	,
		, 	,	,	,	,
		, 	,	,	,	,
		, 	,	,	,	,
		, 	,	,	,	,
		, 	,	,	,	,
		, 	,	,	,	,
		, 	,	,	,	,
		, 	,	,	,	,
		, 	,	,	,	,
		, 	,	,	,	,
		, 	,	,	,	,
		, 	,	,	,	,
		, 	,	,	,	,
		, 	,	,	,	,
		, 	,	,	,	,
		, 	,	,	,	,
		, 	,	,	,	,
		, 	,	,	,	,
		, 	,	,	,	,
		, 	,	,	,	,
		, 	,	,	,	,
		, 	,	,	,	,
		, 	,	,	,	,
		, 	,	,	,	,
		, 	,	,	,	,
		, 	,	,	,	,
		, 	,	,	,	,
		, 	,	,	,	,
		, 	,	,	,	,
		, 	,	,	,	,
		, 	,	,	,	,
		, 	,	,	,	,
		, 	,	,	,	,
		, 	,	,	,	,
		, 	,	,	,	,
		, 	,	,	,	,
		, 	,	,	,	,
		, 	,	,	,	,
		, 	,	,	,	,
		, 	,	,	,	,
		, 	,	,	,	,
		, 	,	,	,	,
		, 	,	,	,	,
		, 	,	,	,	,
		, 	,	,	,	,
		, 	,	,	,	,
		, 	,	,	,	,
		, 	,	,	,	,
		, 	,	,	,	,
		, 	,	,	,	,
		, 	,	,	,	,
		, 	,	,	,	,
		, 	,	,	,	,
		, 	,	,	,	,
		, 	,	,	,	,
		, 	,	,	,	,
		, 	,	,	,	,
		, 	,	,	,	,
		, 	,	,	,	,
		, 	,	,	,	,
		, 	,	,	,	,
		, 	,	,	,	,
		, 	,	,	,	,
		, 	,	,	,	,
		, 	,	,	,	,
		, 	,	,	,	,
		, 	,	,	,	,
		, 	,	,	,	,
		, 	,	,	,	,
		, 	,	,	,	,
		, 	,	,	,	,
		, 	,	,	,	,
		, 	,	,	,	,
		, 	,	,	,	,
		, 	,	,	,	,
		, 	,	,	,	,
		, 	,	,	,	,
		, 	,	,	,	,
		, 	,	,	,	,
		, 	,	,	,	,
		, 	,	,	,	,
		, 	,	,	,	,
		, 	,	,	,	,
		, 	,	,	,	,
		, 	,	,	,	,
		, 	,	,	,	,
		, 	,	,	,	,
		, 	,	,	,	,
		, 	,	,	,	,
		, 	,	,	,	,
		, 	,	,	,	,
		, 	,	,	,	,
		, 	,	,	,	,
		, 	,	,	,	,
		, 	,	,	,	,
		, 	,	,	,	,
		, 	,	,	,	,
		, 	,	,	,	,
		, 	,	,	,	,
		, 	,	,	,	,
		, 	,	,	,	,
		, 	,	,	,	,
		, 	,	,	,	,
		, 	,	,	,	,
		, 	,	,	,	,
		, 	,	,	,	,
		, 	,	,	,	,
		, 	,	,	,	,
		, 	,	,	,	,
		, 	,	,	,	,
		, 	,	,	,	,
		, 	,	,	,	,
		, 	,	,	,	,
		, 	,	,	,	,
		, 	,	,	,	,
		, 	,	,	,	,
		, 	,	,	,	,
		, 	,	,	,	,
		, 	,	,	,	,
		, 	,	,	,	,
		, 	,	,	,	,
		, 	,	,	,	,
		, 	,	,	,	,
		, 	,	,	,	,
		, 	,	,	,	,
		, 	,	,	,	,
		, 	,	,	,	,
		, 	,	,	,	,
		, 	,	,	,	,
		, 	,	,	,	,
		, 	,	,	,	,
		, 	,	,	,	,
		, 	,	,	,	,
		, 	,	,	,	,
		, 	,	,	,	,
		, 	,	,	,	,
		, 	,	,	,	,
		, 	,	,	,	,
		, 	,	,	,	,
		, 	,	,	,	,
		, 	,	,	,	,
		, 	,	,	,	,
		, 	,	,	,	,
		, 	,	,	,	,
		, 	,	,	,	,
		, 	,	,	,	,
		, 	,	,	,	,
		, 	,	,	,	,
		, 	,	,	,	,
		, 	,	,	,	,
		, 	,	,	,	,
		, 	,	,	,	,
		, 	,	,	,	,
		, 	,	,	,	,
		, 	,	,	,	,
		, 	,	,	,	,
		, 	,	,	,	,
		, 	,	,	,	,
		, 	,	,	,	,
		, 	,	,	,	,
		, 	,	,	,	,
		, 	,	,	,	,
		, 	,	,	,	,
		, 	,	,	,	,
		, 	,	,	,	,
		, 	,	,	,	,
		, 	,	,	,	,
		, 	,	,	,	,
		, 	,	,	,	,


 blowfish		, 3	, 0.04776	, 2094	, 0	,
		, 3	, 0.04794	, 2086	, 0	,
		, 3	, 0.11389	, 878	, 1	,
		, 3	, 0.19646	, 509	, 3	,
		, 5	, 0.04040	, 2475	, 0	,
		, 7	, 0.38023	, 263	, 6	,
		, 7	, 0.43860	, 228	, 7	,
		, 7	, 0.44053	, 227	, 7	,
		, 7	, 0.61350	, 163	, 12	,
		, 7	, 0.62112	, 161	, 12	,
		, 8	, 0.22222	, 450	, 3	,
		, 8	, 0.35842	, 279	, 5	,
		, 8	, 0.45045	, 222	, 7	,
		, 8	, 0.45454	, 220	, 7	,
		, 9	, 0.67114	, 149	, 12	,
		, 9	, 0.67114	, 149	, 12	,
		, 9	, 0.67114	, 149	, 12	,
		, 9	, 0.67114	, 149	, 12	,
		, 9	, 0.67568	, 148	, 12	,
		, 9	, 0.67568	, 148	, 12	,
		, 10	, 0.68966	, 145	, 11	,
		, 10	, 0.68966	, 145	, 12	,
		, 10	, 0.68966	, 145	, 12	,
		, 10	, 0.68966	, 145	, 12	,
		, 10	, 0.68966	, 145	, 12	,
		, 10	, 0.68966	, 145	, 12	,
		, 10	, 0.68966	, 145	, 12	,
		, 11	, 0.37879	, 264	, 5	,
		, 11	, 0.81967	, 122	, 14	,
		, 13	, 0.90090	, 111	, 17	,
		, 16	, 1.25000	, 80	, 24	,
		, 16	, 2.19565	, 46	, 47	,
		, 19	, 1.09890	, 91	, 18	,
		, 22	, 1.19048	, 84	, 20	,
		, 22	, 1.85185	, 54	, 33	,
		, 25	, 9.54545	, 11	, 145	,
		, 27	, 2.80556	, 36	, 61	,
		, 38	, 2.37209	, 43	, 38	,
		, 44	, 2.42857	, 42	, 38	,
		, 47	, 2.72973	, 37	, 42	,
		, 49	, 103.00000	, 1	, 672	,
		, 55	, 12.33330	, 9	, 247	,
		, 59	, 45.33330	, 3	, 909	,
		, 64	, 4.68182	, 22	, 74	,
		, 68	, 51.50000	, 2	, 908	,
		, 80	, 52.00000	, 2	, 911	,
		, 98	, 72.50000	, 2	, 1074	,
		, 108	, 64.00000	, 2	, 1015	,
		, 127	, 37371.00000	, 1	, 1624	,
		, 127	, 37506.00000	, 1	, 1114	,
		, 127	, 7178.00000	, 1	, 991	,
		, 673	, 5593.00000	, 1	, 15545	,
		, 674	, 5593.00000	, 1	, 15545	,


 cjpeg		, 2	, 0.03807	, 2627	, 0	,
		, 2	, 0.03815	, 2621	, 0	,
		, 2	, 0.03830	, 2611	, 0	,
		, 2	, 0.03861	, 2590	, 0	,
		, 2	, 0.03862	, 2589	, 0	,
		, 2	, 0.03864	, 2588	, 0	,
		, 2	, 0.03864	, 2588	, 0	,
		, 2	, 0.03864	, 2588	, 0	,
		, 2	, 0.03865	, 2587	, 0	,
		, 2	, 0.03865	, 2587	, 0	,
		, 2	, 0.03867	, 2586	, 0	,
		, 2	, 0.03868	, 2585	, 0	,
		, 2	, 0.03870	, 2584	, 0	,
		, 2	, 0.03870	, 2584	, 0	,
		, 2	, 0.03871	, 2583	, 0	,
		, 2	, 0.03874	, 2581	, 0	,
		, 2	, 0.03874	, 2581	, 0	,
		, 2	, 0.03874	, 2581	, 0	,
		, 2	, 0.03876	, 2580	, 0	,
		, 2	, 0.03877	, 2579	, 0	,
		, 2	, 0.03877	, 2579	, 0	,
		, 2	, 0.03877	, 2579	, 0	,
		, 2	, 0.03879	, 2578	, 0	,
		, 2	, 0.03880	, 2577	, 0	,
		, 2	, 0.03880	, 2577	, 0	,
		, 2	, 0.03882	, 2576	, 0	,
		, 2	, 0.03891	, 2570	, 0	,
		, 3	, 0.04333	, 2308	, 0	,
		, 3	, 0.04850	, 2062	, 0	,
		, 3	, 0.04859	, 2058	, 0	,
		, 3	, 0.04907	, 2038	, 0	,
		, 3	, 0.04909	, 2037	, 0	,
		, 3	, 0.04916	, 2034	, 0	,
		, 3	, 0.04919	, 2033	, 0	,
		, 3	, 0.04926	, 2030	, 0	,
		, 3	, 0.04929	, 2029	, 0	,
		, 3	, 0.04933	, 2027	, 0	,
		, 3	, 0.04936	, 2026	, 0	,
		, 3	, 0.10718	, 933	, 1	,
		, 3	, 0.11377	, 879	, 1	,
		, 3	, 0.11416	, 876	, 1	,
		, 3	, 0.11416	, 876	, 1	,
		, 3	, 0.11416	, 876	, 1	,
		, 3	, 0.11429	, 875	, 1	,
		, 3	, 0.11429	, 875	, 1	,
		, 3	, 0.11442	, 874	, 1	,
		, 3	, 0.19493	, 513	, 3	,
		, 3	, 0.19531	, 512	, 3	,
		, 3	, 0.19531	, 512	, 3	,
		, 3	, 0.19531	, 512	, 3	,
		, 3	, 0.19531	, 512	, 3	,
		, 3	, 0.19570	, 511	, 3	,
		, 4	, 0.06109	, 1637	, 0	,
		, 4	, 0.12107	, 826	, 1	,
		, 4	, 0.12407	, 806	, 1	,
		, 4	, 0.12903	, 775	, 1	,
		, 4	, 0.12903	, 775	, 1	,
		, 4	, 0.12937	, 773	, 1	,
		, 4	, 0.12953	, 772	, 1	,
		, 4	, 0.21008	, 476	, 3	,
		, 4	, 0.21053	, 475	, 3	,
		, 4	, 0.21053	, 475	, 3	,
		, 5	, 0.21552	, 464	, 3	,
		, 5	, 0.22173	, 451	, 3	,
		, 5	, 0.23474	, 426	, 3	,
		, 5	, 0.38168	, 262	, 6	,
		, 5	, 0.38314	, 261	, 6	,
		, 5	, 0.38314	, 261	, 6	,
		, 5	, 0.38314	, 261	, 6	,
		, 5	, 0.38314	, 261	, 6	,
		, 5	, 0.38314	, 261	, 6	,
		, 5	, 0.38461	, 260	, 6	,
		, 5	, 0.38461	, 260	, 6	,
		, 6	, 0.14286	, 700	, 1	,
		, 6	, 0.15456	, 647	, 1	,
		, 6	, 0.23310	, 429	, 3	,
		, 6	, 0.23310	, 429	, 3	,
		, 6	, 0.23310	, 429	, 3	,
		, 6	, 0.23310	, 429	, 3	,
		, 6	, 0.29586	, 338	, 4	,
		, 7	, 0.31746	, 315	, 4	,
		, 7	, 0.36900	, 271	, 5	,
		, 7	, 0.36900	, 271	, 5	,
		, 7	, 0.36900	, 271	, 5	,
		, 7	, 0.36900	, 271	, 5	,
		, 7	, 0.36900	, 271	, 5	,
		, 7	, 0.36900	, 271	, 5	,
		, 7	, 0.36900	, 271	, 5	,
		, 7	, 0.36900	, 271	, 5	,
		, 7	, 0.36900	, 271	, 5	,
		, 7	, 0.36900	, 271	, 5	,
		, 7	, 0.36900	, 271	, 5	,
		, 7	, 0.37037	, 270	, 5	,
		, 7	, 0.37037	, 270	, 5	,
		, 7	, 0.37037	, 270	, 5	,
		, 7	, 0.37037	, 270	, 5	,
		, 7	, 0.37037	, 270	, 5	,
		, 7	, 0.37037	, 270	, 5	,
		, 7	, 0.37037	, 270	, 5	,
		, 7	, 0.37037	, 270	, 5	,
		, 7	, 0.61728	, 162	, 12	,
		, 8	, 0.25316	, 395	, 3	,
		, 8	, 0.38314	, 261	, 5	,
		, 8	, 0.38314	, 261	, 5	,
		, 8	, 0.47619	, 210	, 7	,
		, 8	, 0.47847	, 209	, 7	,
		, 9	, 0.18018	, 555	, 1	,
		, 9	, 0.18248	, 548	, 1	,
		, 9	, 0.18282	, 547	, 1	,
		, 9	, 0.25707	, 389	, 3	,
		, 9	, 0.40000	, 250	, 5	,
		, 9	, 0.54945	, 182	, 8	,
		, 9	, 0.57143	, 175	, 9	,
		, 10	, 0.14045	, 712	, 1	,
		, 10	, 0.22883	, 437	, 3	,
		, 10	, 0.25381	, 394	, 2	,
		, 10	, 0.37736	, 265	, 4	,
		, 10	, 0.41494	, 241	, 5	,
		, 10	, 0.41494	, 241	, 5	,
		, 10	, 0.47619	, 210	, 6	,
		, 10	, 0.56818	, 176	, 9	,
		, 10	, 0.57143	, 175	, 9	,
		, 10	, 1.06316	, 95	, 23	,
		, 11	, 0.42553	, 235	, 5	,
		, 11	, 0.42553	, 235	, 5	,
		, 14	, 0.23697	, 422	, 1	,
		, 15	, 0.52083	, 192	, 7	,
		, 15	, 0.88496	, 113	, 14	,
		, 15	, 0.88496	, 113	, 14	,
		, 15	, 0.88496	, 113	, 14	,
		, 34	, 1.78571	, 56	, 27	,
		, 42	, 2.75676	, 37	, 43	,
		, 48	, 4.08000	, 25	, 70	,
		, 137	, 9.45455	, 11	, 84	,


 fft		, 2	, 0.05534	, 1807	, 0	,
		, 3	, 0.10799	, 926	, 1	,
		, 3	, 0.10846	, 922	, 1	,
		, 3	, 0.19608	, 510	, 3	,
		, 3	, 0.19685	, 508	, 3	,
		, 3	, 0.19685	, 508	, 3	,
		, 3	, 0.19724	, 507	, 3	,
		, 3	, 0.19763	, 506	, 3	,
		, 3	, 0.19802	, 505	, 3	,
		, 4	, 0.27100	, 369	, 4	,
		, 5	, 0.13495	, 741	, 1	,
		, 5	, 0.33784	, 296	, 6	,
		, 5	, 0.33898	, 295	, 6	,
		, 5	, 0.38760	, 258	, 6	,
		, 5	, 0.53763	, 186	, 10	,
		, 5	, 0.78740	, 127	, 17	,
		, 6	, 0.61728	, 162	, 8	,
		, 6	, 0.61728	, 162	, 8	,
		, 7	, 0.21645	, 462	, 2	,
		, 7	, 0.21739	, 460	, 2	,
		, 7	, 0.65360	, 153	, 13	,
		, 7	, 0.74074	, 135	, 17	,
		, 7	, 1.17647	, 85	, 17	,
		, 8	, 0.36101	, 277	, 4	,
		, 8	, 0.46948	, 213	, 7	,
		, 8	, 0.47170	, 212	, 7	,
		, 8	, 0.56180	, 178	, 9	,
		, 8	, 0.56180	, 178	, 9	,
		, 8	, 0.56180	, 178	, 9	,
		, 9	, 0.90909	, 110	, 20	,
		, 11	, 0.59524	, 168	, 8	,
		, 12	, 0.95238	, 105	, 16	,
		, 12	, 0.95238	, 105	, 19	,
		, 12	, 1.71186	, 59	, 32	,
		, 12	, 1.71186	, 59	, 32	,
		, 13	, 5.72222	, 18	, 140	,
		, 14	, 1.08696	, 92	, 19	,
		, 15	, 1.57812	, 64	, 30	,
		, 16	, 0.57803	, 173	, 7	,
		, 16	, 0.57803	, 173	, 7	,
		, 19	, 1.90566	, 53	, 37	,
		, 38	, 24.40000	, 5	, 103	,
		, 52	, 171.00000	, 1	, 166	,


 md5		,	,	,	,	,
		, 	,	,	,	,
		, 	,	,	,	,
		, 	,	,	,	,
		, 	,	,	,	,
		, 	,	,	,	,
		, 	,	,	,	,
		, 	,	,	,	,
		, 	,	,	,	,
		, 	,	,	,	,
		, 	,	,	,	,
		, 	,	,	,	,
		, 	,	,	,	,
		, 	,	,	,	,
		, 	,	,	,	,
		, 	,	,	,	,
		, 	,	,	,	,
		, 	,	,	,	,
		, 	,	,	,	,
		, 	,	,	,	,
		, 	,	,	,	,
		, 	,	,	,	,
		, 	,	,	,	,
		, 	,	,	,	,


 sha		, 3	, 0.04878	, 2050	, 0	,
		, 6	, 0.14430	, 693	, 1	,
		, 7	, 1.13636	, 88	, 25	,
		, 8	, 0.41667	, 240	, 6	,
		, 8	, 0.56180	, 178	, 9	,
		, 8	, 0.57471	, 174	, 10	,
		, 9	, 0.30960	, 323	, 3	,
		, 10	, 0.47847	, 209	, 6	,
		, 10	, 0.48077	, 208	, 6	,
		, 10	, 0.48309	, 207	, 6	,
		, 10	, 0.53763	, 186	, 8	,
		, 10	, 0.88496	, 113	, 16	,
		, 11	, 0.70422	, 142	, 12	,
		, 11	, 1.00000	, 100	, 21	,
		, 12	, 0.42735	, 234	, 5	,
		, 15	, 1.12360	, 89	, 22	,
		, 16	, 0.32573	, 307	, 2	,
		, 19	, 1.40845	, 71	, 26	,
		, 24	, 3.70370	, 27	, 60	,
		, 24	, 3.70370	, 27	, 60	,
		, 24	, 3.70370	, 27	, 60	,
		, 24	, 3.70370	, 27	, 60	,
		, 24	, 5.88235	, 17	, 68	,
		, 25	, 0.62500	, 160	, 5	,
		, 26	, 2.65789	, 38	, 55	,
		, 29	, 2.83333	, 36	, 56	,
		, 32	, 3.03030	, 33	, 59	,
		, 33	, 12.75000	, 8	, 263	,
		, 33	, 12.75000	, 8	, 263	,
		, 34	, 15.42860	, 7	, 284	,
		, 35	, 13.12500	, 8	, 254	,
		, 41	, 4.12000	, 25	, 74	,
		, 48	, 20.20000	, 5	, 201	,
		, 53	, 5.36842	, 19	, 96	,
		, 147	, 1994.00000	, 1	, 403	,


 sor		, 2	, 0.05432	, 1841	, 0	,
		, 2	, 0.18382	, 544	, 3	,
		, 3	, 0.10707	, 934	, 1	,
		, 3	, 0.19646	, 509	, 3	,
		, 4	, 0.20202	, 495	, 3	,
		, 5	, 0.38610	, 259	, 6	,
		, 5	, 0.48077	, 208	, 10	,
		, 5	, 0.48077	, 208	, 10	,
		, 5	, 0.53763	, 186	, 10	,
		, 8	, 0.54645	, 183	, 9	,
		, 10	, 0.78125	, 128	, 13	,
		, 10	, 0.97087	, 103	, 20	,
		, 14	, 1.00000	, 100	, 17	,
		, 14	, 8.07692	, 13	, 197	,
		, 15	, 1.02041	, 98	, 16	,
		, 15	, 1.29487	, 78	, 23	,
		, 29	, 2.75676	, 37	, 43	,
		, 29	, 3.77778	, 27	, 71	,


 whetstone		, 3	, 0.04766	, 2098	, 0	,
		, 3	, 0.11325	, 883	, 1	,
		, 3	, 0.11351	, 881	, 1	,
		, 3	, 0.11468	, 872	, 1	,
		, 4	, 0.03475	, 2878	, 0	,
		, 4	, 0.05928	, 1687	, 0	,
		, 4	, 0.12407	, 806	, 1	,
		, 4	, 0.21231	, 471	, 3	,
		, 5	, 0.11682	, 856	, 1	,
		, 5	, 0.20661	, 484	, 3	,
		, 5	, 0.22173	, 451	, 3	,
		, 6	, 0.20534	, 487	, 2	,
		, 6	, 0.28490	, 351	, 4	,
		, 6	, 0.30303	, 330	, 4	,
		, 7	, 0.21459	, 466	, 3	,
		, 7	, 0.50251	, 199	, 9	,
		, 7	, 0.50251	, 199	, 9	,
		, 7	, 0.50505	, 198	, 9	,
		, 7	, 0.50505	, 198	, 9	,
		, 8	, 0.28902	, 346	, 3	,
		, 8	, 0.36364	, 275	, 4	,
		, 9	, 0.29762	, 336	, 3	,
		, 9	, 0.51282	, 195	, 9	,
		, 10	, 0.47847	, 209	, 6	,
		, 10	, 0.56497	, 177	, 8	,
		, 10	, 0.68027	, 147	, 12	,
		, 12	, 0.39216	, 255	, 4	,
		, 12	, 0.80645	, 124	, 13	,
		, 14	, 1.44928	, 69	, 25	,
		, 14	, 1.71186	, 59	, 36	,
		, 15	, 0.48544	, 206	, 5	,
		, 15	, 0.60976	, 164	, 7	,
		, 18	, 0.77519	, 129	, 9	,
		, 19	, 0.76336	, 131	, 9	,
		, 24	, 1.04167	, 96	, 12	,
		, 29	, 4290.00000	, 1	, 334	,
		, 31	, 4328.00000	, 1	, 333	,
		, 39	, 4.95238	, 21	, 89	,
		, 39	, 511.00000	, 1	, 154	,
