union	, size	, time	, it	, cand	,


 adpcm		, 3	, 0.19531	, 512	, 3	,
		, 3	, 0.19531	, 512	, 3	,
		, 3	, 0.19570	, 511	, 3	,
		, 4	, 0.12887	, 776	, 1	,
		, 5	, 0.28571	, 350	, 4	,
		, 5	, 0.31847	, 314	, 5	,
		, 5	, 0.31847	, 314	, 5	,
		, 5	, 0.31949	, 313	, 5	,
		, 5	, 0.32051	, 312	, 5	,
		, 5	, 0.46083	, 217	, 9	,
		, 6	, 0.46512	, 215	, 9	,
		, 6	, 0.46512	, 215	, 9	,
		, 7	, 0.52632	, 190	, 7	,
		, 7	, 0.52632	, 190	, 7	,
		, 8	, 0.23310	, 429	, 2	,
		, 8	, 0.23419	, 427	, 2	,
		, 10	, 0.52632	, 190	, 7	,
		, 11	, 0.30488	, 328	, 4	,
		, 11	, 0.88496	, 113	, 16	,
		, 11	, 0.91743	, 109	, 12	,
		, 11	, 0.91743	, 109	, 12	,
		, 12	, 0.40161	, 249	, 5	,
		, 12	, 0.60606	, 165	, 7	,
		, 12	, 0.77519	, 129	, 9	,
		, 14	, 0.62500	, 160	, 8	,
		, 14	, 0.66225	, 151	, 7	,
		, 14	, 0.78125	, 128	, 9	,
		, 17	, 0.86957	, 115	, 9	,
		, 18	, 1.28205	, 78	, 17	,
		, 18	, 1.28205	, 78	, 17	,
		, 20	, 1.35135	, 74	, 16	,
		, 21	, 1.12360	, 89	, 14	,
		, 31	, 3.33333	, 30	, 39	,
		, 38	, 4.39130	, 23	, 67	,
		, 38	, 4.43478	, 23	, 67	,
		, 55	, 37.33330	, 3	, 66	,


 aes		, 1	, 0.02024	, 4940	, 0	,
		, 1	, 0.02048	, 4883	, 0	,
		, 1	, 0.02048	, 4882	, 0	,
		, 1	, 0.02049	, 4881	, 0	,
		, 3	, 0.04909	, 2037	, 0	,
		, 3	, 0.11468	, 872	, 1	,
		, 3	, 0.19685	, 508	, 3	,
		, 3	, 0.19685	, 508	, 3	,
		, 3	, 0.19685	, 508	, 3	,
		, 3	, 0.19724	, 507	, 3	,
		, 3	, 0.19724	, 507	, 3	,
		, 3	, 0.19724	, 507	, 3	,
		, 3	, 0.19724	, 507	, 3	,
		, 3	, 0.19724	, 507	, 3	,
		, 3	, 0.19724	, 507	, 3	,
		, 3	, 0.19763	, 506	, 3	,
		, 3	, 0.19763	, 506	, 3	,
		, 3	, 0.19802	, 505	, 3	,
		, 4	, 0.05824	, 1717	, 0	,
		, 4	, 0.05848	, 1710	, 0	,
		, 4	, 0.05855	, 1708	, 0	,
		, 4	, 0.05858	, 1707	, 0	,
		, 4	, 0.06002	, 1666	, 0	,
		, 4	, 0.06192	, 1615	, 0	,
		, 4	, 0.12903	, 775	, 1	,
		, 4	, 0.12903	, 775	, 1	,
		, 4	, 0.12920	, 774	, 1	,
		, 4	, 0.12937	, 773	, 1	,
		, 4	, 0.21231	, 471	, 3	,
		, 5	, 0.20284	, 493	, 2	,
		, 5	, 0.20704	, 483	, 3	,
		, 5	, 0.27701	, 361	, 4	,
		, 5	, 0.27778	, 360	, 4	,
		, 5	, 0.32051	, 312	, 5	,
		, 5	, 0.32154	, 311	, 5	,
		, 5	, 0.32154	, 311	, 5	,
		, 5	, 0.32154	, 311	, 5	,
		, 5	, 0.32154	, 311	, 5	,
		, 5	, 0.32154	, 311	, 5	,
		, 5	, 0.32154	, 311	, 5	,
		, 5	, 0.32258	, 310	, 5	,
		, 5	, 0.32258	, 310	, 5	,
		, 5	, 0.46296	, 216	, 9	,
		, 5	, 0.47170	, 212	, 5	,
		, 6	, 0.12180	, 821	, 1	,
		, 6	, 0.12195	, 820	, 1	,
		, 6	, 0.12225	, 818	, 1	,
		, 6	, 0.12255	, 816	, 1	,
		, 6	, 0.18939	, 528	, 2	,
		, 6	, 0.21097	, 474	, 3	,
		, 6	, 0.21231	, 471	, 3	,
		, 6	, 0.23474	, 426	, 3	,
		, 6	, 0.23474	, 426	, 3	,
		, 6	, 0.23474	, 426	, 3	,
		, 6	, 0.23529	, 425	, 3	,
		, 6	, 0.23585	, 424	, 3	,
		, 6	, 0.23585	, 424	, 3	,
		, 6	, 0.23585	, 424	, 3	,
		, 6	, 0.23641	, 423	, 3	,
		, 6	, 0.23641	, 423	, 3	,
		, 6	, 0.23641	, 423	, 3	,
		, 6	, 0.33557	, 298	, 4	,
		, 6	, 0.33557	, 298	, 4	,
		, 6	, 0.33557	, 298	, 4	,
		, 6	, 0.33557	, 298	, 4	,
		, 6	, 0.33557	, 298	, 4	,
		, 6	, 0.33670	, 297	, 4	,
		, 6	, 0.52632	, 190	, 9	,
		, 6	, 0.52632	, 190	, 9	,
		, 6	, 0.68493	, 146	, 15	,
		, 6	, 0.68493	, 146	, 15	,
		, 6	, 0.68493	, 146	, 15	,
		, 6	, 0.68493	, 146	, 15	,
		, 6	, 0.68493	, 146	, 15	,
		, 6	, 0.68966	, 145	, 15	,
		, 6	, 0.68966	, 145	, 15	,
		, 6	, 0.68966	, 145	, 15	,
		, 6	, 0.68966	, 145	, 15	,
		, 6	, 0.68966	, 145	, 15	,
		, 6	, 0.68966	, 145	, 15	,
		, 6	, 0.68966	, 145	, 15	,
		, 6	, 0.68966	, 145	, 15	,
		, 6	, 0.68966	, 145	, 15	,
		, 7	, 0.42373	, 236	, 5	,
		, 7	, 0.42553	, 235	, 5	,
		, 7	, 0.47619	, 210	, 9	,
		, 7	, 0.57803	, 173	, 10	,
		, 7	, 0.58139	, 172	, 10	,
		, 7	, 0.58479	, 171	, 10	,
		, 7	, 0.58479	, 171	, 10	,
		, 7	, 0.63291	, 158	, 12	,
		, 7	, 0.63694	, 157	, 12	,
		, 7	, 0.63694	, 157	, 12	,
		, 7	, 0.63694	, 157	, 12	,
		, 8	, 0.33333	, 300	, 5	,
		, 8	, 0.33445	, 299	, 5	,
		, 8	, 0.33445	, 299	, 5	,
		, 8	, 0.47847	, 209	, 8	,
		, 8	, 0.47847	, 209	, 8	,
		, 8	, 0.48077	, 208	, 8	,
		, 8	, 0.48077	, 208	, 8	,
		, 8	, 0.48077	, 208	, 8	,
		, 8	, 0.48309	, 207	, 8	,
		, 8	, 0.51546	, 194	, 7	,
		, 8	, 0.77519	, 129	, 13	,
		, 8	, 0.92593	, 108	, 19	,
		, 9	, 0.38461	, 260	, 5	,
		, 9	, 0.38760	, 258	, 5	,
		, 9	, 0.38910	, 257	, 5	,
		, 9	, 0.66667	, 150	, 8	,
		, 10	, 0.41841	, 239	, 5	,
		, 10	, 0.41841	, 239	, 5	,
		, 10	, 0.48780	, 205	, 7	,
		, 10	, 1.26582	, 79	, 23	,
		, 10	, 1.51515	, 66	, 15	,
		, 11	, 1.01010	, 99	, 19	,
		, 11	, 1.44928	, 69	, 21	,
		, 12	, 1.42857	, 70	, 26	,
		, 12	, 1.44286	, 70	, 26	,
		, 12	, 1.44286	, 70	, 26	,
		, 13	, 1.00000	, 100	, 20	,
		, 14	, 0.74627	, 134	, 10	,
		, 14	, 1.17647	, 85	, 22	,
		, 14	, 1.18824	, 85	, 22	,
		, 14	, 1.18824	, 85	, 22	,
		, 14	, 1.61290	, 62	, 29	,
		, 15	, 1.13636	, 88	, 15	,
		, 17	, 0.84746	, 118	, 9	,
		, 17	, 0.98039	, 102	, 12	,
		, 22	, 3.36667	, 30	, 25	,
		, 24	, 2.17391	, 46	, 19	,
		, 25	, 2.19565	, 46	, 19	,
		, 25	, 2.19565	, 46	, 19	,
		, 28	, 2.38095	, 42	, 24	,
		, 29	, 2.40476	, 42	, 24	,
		, 29	, 2.42857	, 42	, 24	,
		, 29	, 2.75676	, 37	, 30	,
		, 29	, 3.09091	, 33	, 29	,
		, 31	, 0.79365	, 126	, 7	,
		, 31	, 2.65789	, 38	, 45	,
		, 31	, 2.65789	, 38	, 45	,
		, 33	, 6.62500	, 16	, 40	,
		, 33	, 6.62500	, 16	, 40	,
		, 33	, 6.66667	, 15	, 40	,
		, 34	, 2.94118	, 34	, 48	,
		, 34	, 2.94118	, 34	, 48	,
		, 34	, 2.94118	, 34	, 48	,
		, 35	, 0.87719	, 114	, 7	,
		, 35	, 0.89286	, 112	, 7	,
		, 35	, 3.29032	, 31	, 49	,
		, 42	, 2.43902	, 41	, 34	,
		, 54	, 1.90566	, 53	, 18	,
		, 54	, 3629.00000	, 1	, 66	,
		, 67	, 4.76190	, 21	, 66	,
		, 68	, 33.66670	, 3	, 71	,
		, 73	, 9162.00000	, 1	, 86	,
		, 73	, 9186.00000	, 1	, 86	,
		, 73	, 9206.00000	, 1	, 86	,
		, 75	, 1.29870	, 77	, 7	,
		, 91	, 8.33333	, 12	, 121	,
		, 91	, 8.41667	, 12	, 121	,
		, 115	, 3.03030	, 33	, 19	,
		, 126	, 16.42860	, 7	, 210	,
		, 131	, 3.32258	, 31	, 19	,
		, 131	, 3.40000	, 30	, 19	,
		, 131	, 3.48276	, 29	, 19	,
		, 132	, 18.16670	, 6	, 219	,
		, 133	, 8.66667	, 12	, 95	,
		, 176	, 73602.00000	, 1	, 143	,
		, 286	, 52.00000	, 2	, 392	,
		, 302	, 56.50000	, 2	, 424	,
		, 311	, 57.50000	, 2	, 424	,
		, 311	, 57.50000	, 2	, 424	,
		, 691	, 261.00000	, 1	, 990	,
		, 721	, 271.00000	, 1	, 1044	,
		, 970	, 517.00000	, 1	, 1417	,
		, 1079	, 611.00000	, 1	, 1545	,
		, 1154	, 721.00000	, 1	, 1597	,
		, 1407	, 1297.00000	, 1	, 1960	,
		, 1524	, 1463.00000	, 1	, 2113	,
		, 1619	, 1422.00000	, 1	, 2210	,


 blowfish		, 3	, 0.04769	, 2097	, 0	,
		, 3	, 0.04798	, 2084	, 0	,
		, 3	, 0.11389	, 878	, 1	,
		, 3	, 0.19685	, 508	, 3	,
		, 5	, 0.04036	, 2478	, 0	,
		, 7	, 0.38168	, 262	, 6	,
		, 7	, 0.42194	, 237	, 6	,
		, 7	, 0.42373	, 236	, 6	,
		, 7	, 0.61350	, 163	, 10	,
		, 7	, 0.62112	, 161	, 10	,
		, 8	, 0.22222	, 450	, 3	,
		, 8	, 0.35971	, 278	, 5	,
		, 8	, 0.43668	, 229	, 6	,
		, 8	, 0.43668	, 229	, 6	,
		, 9	, 0.64935	, 154	, 11	,
		, 9	, 0.65360	, 153	, 11	,
		, 9	, 0.65360	, 153	, 11	,
		, 9	, 0.65360	, 153	, 11	,
		, 9	, 0.65360	, 153	, 11	,
		, 9	, 0.65360	, 153	, 11	,
		, 10	, 0.67114	, 149	, 11	,
		, 10	, 0.67114	, 149	, 11	,
		, 10	, 0.67114	, 149	, 11	,
		, 10	, 0.67568	, 148	, 11	,
		, 10	, 0.67568	, 148	, 11	,
		, 10	, 0.67568	, 148	, 11	,
		, 10	, 0.68966	, 145	, 10	,
		, 11	, 0.37594	, 266	, 5	,
		, 11	, 0.81967	, 122	, 12	,
		, 13	, 0.85470	, 117	, 13	,
		, 16	, 1.13636	, 88	, 17	,
		, 16	, 1.66667	, 60	, 21	,
		, 19	, 1.04167	, 96	, 15	,
		, 22	, 1.13636	, 88	, 16	,
		, 22	, 1.85185	, 54	, 31	,
		, 25	, 2.08333	, 48	, 20	,
		, 27	, 2.06122	, 49	, 29	,
		, 38	, 2.37209	, 43	, 38	,
		, 44	, 2.42857	, 42	, 38	,
		, 47	, 2.72973	, 37	, 42	,
		, 49	, 5.47368	, 19	, 70	,
		, 55	, 6.00000	, 17	, 77	,
		, 59	, 7.00000	, 15	, 99	,
		, 64	, 4.68182	, 22	, 72	,
		, 68	, 7.69231	, 13	, 100	,
		, 80	, 7.84615	, 13	, 105	,
		, 98	, 18.00000	, 6	, 146	,
		, 108	, 12.62500	, 8	, 159	,
		, 127	, 29.75000	, 4	, 167	,
		, 127	, 43.33330	, 3	, 172	,
		, 127	, 45.33330	, 3	, 169	,
		, 673	, 412.00000	, 1	, 1260	,
		, 674	, 412.00000	, 1	, 1260	,


 cjpeg		, 2	, 0.03820	, 2618	, 0	,
		, 2	, 0.03839	, 2605	, 0	,
		, 2	, 0.03849	, 2598	, 0	,
		, 2	, 0.03873	, 2582	, 0	,
		, 2	, 0.03873	, 2582	, 0	,
		, 2	, 0.03873	, 2582	, 0	,
		, 2	, 0.03873	, 2582	, 0	,
		, 2	, 0.03874	, 2581	, 0	,
		, 2	, 0.03876	, 2580	, 0	,
		, 2	, 0.03880	, 2577	, 0	,
		, 2	, 0.03880	, 2577	, 0	,
		, 2	, 0.03882	, 2576	, 0	,
		, 2	, 0.03885	, 2574	, 0	,
		, 2	, 0.03887	, 2573	, 0	,
		, 2	, 0.03887	, 2573	, 0	,
		, 2	, 0.03888	, 2572	, 0	,
		, 2	, 0.03888	, 2572	, 0	,
		, 2	, 0.03890	, 2571	, 0	,
		, 2	, 0.03890	, 2571	, 0	,
		, 2	, 0.03890	, 2571	, 0	,
		, 2	, 0.03890	, 2571	, 0	,
		, 2	, 0.03891	, 2570	, 0	,
		, 2	, 0.03894	, 2568	, 0	,
		, 2	, 0.03896	, 2567	, 0	,
		, 2	, 0.03896	, 2567	, 0	,
		, 2	, 0.03897	, 2566	, 0	,
		, 2	, 0.03923	, 2549	, 0	,
		, 3	, 0.04355	, 2296	, 0	,
		, 3	, 0.04829	, 2071	, 0	,
		, 3	, 0.04850	, 2062	, 0	,
		, 3	, 0.04914	, 2035	, 0	,
		, 3	, 0.04919	, 2033	, 0	,
		, 3	, 0.04921	, 2032	, 0	,
		, 3	, 0.04924	, 2031	, 0	,
		, 3	, 0.04924	, 2031	, 0	,
		, 3	, 0.04929	, 2029	, 0	,
		, 3	, 0.04936	, 2026	, 0	,
		, 3	, 0.04948	, 2021	, 0	,
		, 3	, 0.10753	, 930	, 1	,
		, 3	, 0.11389	, 878	, 1	,
		, 3	, 0.11403	, 877	, 1	,
		, 3	, 0.11429	, 875	, 1	,
		, 3	, 0.11442	, 874	, 1	,
		, 3	, 0.11442	, 874	, 1	,
		, 3	, 0.11455	, 873	, 1	,
		, 3	, 0.11481	, 871	, 1	,
		, 3	, 0.19493	, 513	, 3	,
		, 3	, 0.19493	, 513	, 3	,
		, 3	, 0.19531	, 512	, 3	,
		, 3	, 0.19531	, 512	, 3	,
		, 3	, 0.19531	, 512	, 3	,
		, 3	, 0.19570	, 511	, 3	,
		, 4	, 0.06101	, 1639	, 0	,
		, 4	, 0.12165	, 822	, 1	,
		, 4	, 0.12453	, 803	, 1	,
		, 4	, 0.12920	, 774	, 1	,
		, 4	, 0.12920	, 774	, 1	,
		, 4	, 0.12937	, 773	, 1	,
		, 4	, 0.12970	, 771	, 1	,
		, 4	, 0.21008	, 476	, 3	,
		, 4	, 0.21053	, 475	, 3	,
		, 4	, 0.21142	, 473	, 3	,
		, 5	, 0.21552	, 464	, 3	,
		, 5	, 0.22222	, 450	, 3	,
		, 5	, 0.23474	, 426	, 3	,
		, 5	, 0.34364	, 291	, 4	,
		, 5	, 0.34364	, 291	, 4	,
		, 5	, 0.34364	, 291	, 4	,
		, 5	, 0.34483	, 290	, 4	,
		, 5	, 0.34483	, 290	, 4	,
		, 5	, 0.34483	, 290	, 4	,
		, 5	, 0.34483	, 290	, 4	,
		, 5	, 0.34843	, 287	, 4	,
		, 6	, 0.14327	, 698	, 1	,
		, 6	, 0.15528	, 644	, 1	,
		, 6	, 0.23256	, 430	, 3	,
		, 6	, 0.23256	, 430	, 3	,
		, 6	, 0.23256	, 430	, 3	,
		, 6	, 0.23474	, 426	, 3	,
		, 6	, 0.29762	, 336	, 4	,
		, 7	, 0.31847	, 314	, 4	,
		, 7	, 0.36900	, 271	, 5	,
		, 7	, 0.36900	, 271	, 5	,
		, 7	, 0.36900	, 271	, 5	,
		, 7	, 0.37037	, 270	, 5	,
		, 7	, 0.37037	, 270	, 5	,
		, 7	, 0.37037	, 270	, 5	,
		, 7	, 0.37037	, 270	, 5	,
		, 7	, 0.37037	, 270	, 5	,
		, 7	, 0.37037	, 270	, 5	,
		, 7	, 0.37037	, 270	, 5	,
		, 7	, 0.37037	, 270	, 5	,
		, 7	, 0.37037	, 270	, 5	,
		, 7	, 0.37037	, 270	, 5	,
		, 7	, 0.37037	, 270	, 5	,
		, 7	, 0.37037	, 270	, 5	,
		, 7	, 0.37037	, 270	, 5	,
		, 7	, 0.37037	, 270	, 5	,
		, 7	, 0.37175	, 269	, 5	,
		, 7	, 0.37453	, 267	, 5	,
		, 7	, 0.61350	, 163	, 10	,
		, 8	, 0.25316	, 395	, 3	,
		, 8	, 0.38461	, 260	, 5	,
		, 8	, 0.38461	, 260	, 5	,
		, 8	, 0.43860	, 228	, 5	,
		, 8	, 0.43860	, 228	, 5	,
		, 9	, 0.17921	, 558	, 1	,
		, 9	, 0.18315	, 546	, 1	,
		, 9	, 0.18416	, 543	, 1	,
		, 9	, 0.25707	, 389	, 3	,
		, 9	, 0.40161	, 249	, 5	,
		, 9	, 0.54945	, 182	, 8	,
		, 9	, 0.57471	, 174	, 8	,
		, 10	, 0.14045	, 712	, 1	,
		, 10	, 0.23042	, 434	, 3	,
		, 10	, 0.25381	, 394	, 2	,
		, 10	, 0.37736	, 265	, 4	,
		, 10	, 0.41494	, 241	, 5	,
		, 10	, 0.41494	, 241	, 5	,
		, 10	, 0.47619	, 210	, 6	,
		, 10	, 0.56497	, 177	, 9	,
		, 10	, 0.57143	, 175	, 8	,
		, 10	, 0.98039	, 102	, 17	,
		, 11	, 0.42553	, 235	, 5	,
		, 11	, 0.42553	, 235	, 5	,
		, 14	, 0.23697	, 422	, 1	,
		, 15	, 0.52910	, 189	, 6	,
		, 15	, 0.88496	, 113	, 12	,
		, 15	, 0.88496	, 113	, 12	,
		, 15	, 0.89286	, 112	, 12	,
		, 34	, 1.78571	, 56	, 23	,
		, 42	, 2.72973	, 37	, 37	,
		, 48	, 4.08000	, 25	, 62	,
		, 137	, 9.45455	, 11	, 84	,


 fft		, 2	, 0.05420	, 1845	, 0	,
		, 3	, 0.10661	, 938	, 1	,
		, 3	, 0.10684	, 936	, 1	,
		, 3	, 0.19570	, 511	, 3	,
		, 3	, 0.19570	, 511	, 3	,
		, 3	, 0.19570	, 511	, 3	,
		, 3	, 0.19570	, 511	, 3	,
		, 3	, 0.19608	, 510	, 3	,
		, 3	, 0.19685	, 508	, 3	,
		, 4	, 0.27027	, 370	, 4	,
		, 5	, 0.13369	, 748	, 1	,
		, 5	, 0.31847	, 314	, 5	,
		, 5	, 0.31949	, 313	, 5	,
		, 5	, 0.34602	, 289	, 4	,
		, 5	, 0.46729	, 214	, 6	,
		, 5	, 0.64516	, 155	, 8	,
		, 6	, 0.50505	, 198	, 5	,
		, 6	, 0.50761	, 197	, 5	,
		, 7	, 0.21598	, 463	, 2	,
		, 7	, 0.21598	, 463	, 2	,
		, 7	, 0.63291	, 158	, 12	,
		, 7	, 0.63694	, 157	, 12	,
		, 7	, 0.86957	, 115	, 9	,
		, 8	, 0.36101	, 277	, 4	,
		, 8	, 0.42918	, 233	, 5	,
		, 8	, 0.43103	, 232	, 5	,
		, 8	, 0.51546	, 194	, 7	,
		, 8	, 0.51546	, 194	, 7	,
		, 8	, 0.51546	, 194	, 7	,
		, 9	, 0.86957	, 115	, 18	,
		, 11	, 0.55866	, 179	, 6	,
		, 12	, 0.87719	, 114	, 11	,
		, 12	, 0.92593	, 108	, 18	,
		, 12	, 1.09890	, 91	, 13	,
		, 12	, 1.09890	, 91	, 13	,
		, 13	, 1.83636	, 55	, 30	,
		, 14	, 1.01010	, 99	, 14	,
		, 15	, 1.19048	, 84	, 18	,
		, 16	, 0.55249	, 181	, 6	,
		, 16	, 0.55556	, 180	, 6	,
		, 19	, 1.47059	, 68	, 17	,
		, 38	, 4.68182	, 22	, 33	,
		, 52	, 5.00000	, 20	, 42	,


 md5		, 2	, 0.09901	, 1010	, 1	,
		, 3	, 0.11455	, 873	, 1	,
		, 3	, 0.19570	, 511	, 3	,
		, 3	, 0.19608	, 510	, 3	,
		, 4	, 0.20080	, 498	, 3	,
		, 4	, 0.20121	, 497	, 3	,
		, 4	, 0.31949	, 313	, 5	,
		, 5	, 0.23042	, 434	, 3	,
		, 5	, 0.23095	, 433	, 3	,
		, 6	, 0.68493	, 146	, 15	,
		, 7	, 0.37879	, 264	, 5	,
		, 7	, 0.82645	, 121	, 12	,
		, 7	, 0.86957	, 115	, 9	,
		, 10	, 0.57803	, 173	, 8	,
		, 10	, 0.59524	, 168	, 8	,
		, 10	, 0.59880	, 167	, 8	,
		, 11	, 0.86957	, 115	, 15	,
		, 12	, 0.67568	, 148	, 9	,
		, 12	, 0.68966	, 145	, 9	,
		, 12	, 0.95238	, 105	, 13	,
		, 13	, 0.67568	, 148	, 7	,
		, 13	, 1.12360	, 89	, 20	,
		, 15	, 1.31579	, 76	, 22	,
		, 17	, 1.07527	, 93	, 14	,
		, 19	, 1.58730	, 63	, 18	,
		, 20	, 2.77778	, 36	, 32	,
		, 21	, 1.96078	, 51	, 30	,
		, 27	, 2.32558	, 43	, 35	,
		, 37	, 3.44828	, 29	, 48	,
		, 39	, 5.36842	, 19	, 58	,
		, 55	, 8.41667	, 12	, 73	,
		, 87	, 15.42860	, 7	, 145	,
		, 959	, 398.00000	, 1	, 1735	,


 sha		, 3	, 0.04919	, 2033	, 0	,
		, 6	, 0.14389	, 695	, 1	,
		, 7	, 0.82645	, 121	, 12	,
		, 8	, 0.37175	, 269	, 4	,
		, 8	, 0.49505	, 202	, 6	,
		, 8	, 0.55249	, 181	, 8	,
		, 9	, 0.30212	, 331	, 3	,
		, 10	, 0.47170	, 212	, 6	,
		, 10	, 0.47847	, 209	, 6	,
		, 10	, 0.47847	, 209	, 6	,
		, 10	, 0.51546	, 194	, 7	,
		, 10	, 0.80000	, 125	, 11	,
		, 11	, 0.63694	, 157	, 8	,
		, 11	, 0.86207	, 116	, 15	,
		, 12	, 0.42194	, 237	, 5	,
		, 15	, 1.00000	, 100	, 14	,
		, 16	, 0.32362	, 309	, 2	,
		, 19	, 1.34667	, 75	, 22	,
		, 24	, 2.02000	, 50	, 20	,
		, 24	, 2.02000	, 50	, 20	,
		, 24	, 2.10417	, 48	, 20	,
		, 24	, 2.00000	, 50	, 20	,
		, 24	, 3.18750	, 32	, 36	,
		, 25	, 0.62112	, 161	, 5	,
		, 26	, 2.34884	, 43	, 35	,
		, 29	, 2.50000	, 40	, 36	,
		, 32	, 2.61538	, 39	, 35	,
		, 33	, 3.48276	, 29	, 53	,
		, 33	, 3.51724	, 29	, 53	,
		, 34	, 3.48276	, 29	, 54	,
		, 35	, 3.60714	, 28	, 55	,
		, 41	, 3.77778	, 27	, 52	,
		, 48	, 12.87500	, 8	, 65	,
		, 53	, 4.95238	, 21	, 72	,
		, 147	, 1932.00000	, 1	, 195	,


 sor		, 2	, 0.05498	, 1819	, 0	,
		, 2	, 0.18349	, 545	, 3	,
		, 3	, 0.10776	, 928	, 1	,
		, 3	, 0.19763	, 506	, 3	,
		, 4	, 0.20161	, 496	, 3	,
		, 5	, 0.34602	, 289	, 4	,
		, 5	, 0.46083	, 217	, 9	,
		, 5	, 0.46296	, 216	, 9	,
		, 5	, 0.47170	, 212	, 6	,
		, 8	, 0.54645	, 183	, 9	,
		, 10	, 0.70422	, 142	, 8	,
		, 10	, 0.94340	, 106	, 17	,
		, 14	, 0.92593	, 108	, 13	,
		, 14	, 1.72414	, 58	, 29	,
		, 15	, 0.95238	, 105	, 13	,
		, 15	, 1.13636	, 88	, 13	,
		, 29	, 2.04082	, 49	, 19	,
		, 29	, 2.50000	, 40	, 29	,


 whetstone		, 3	, 0.04782	, 2091	, 0	,
		, 3	, 0.11325	, 883	, 1	,
		, 3	, 0.11364	, 880	, 1	,
		, 3	, 0.11403	, 877	, 1	,
		, 4	, 0.03508	, 2851	, 0	,
		, 4	, 0.05865	, 1705	, 0	,
		, 4	, 0.12484	, 801	, 1	,
		, 4	, 0.21008	, 476	, 3	,
		, 5	, 0.11628	, 860	, 1	,
		, 5	, 0.20576	, 486	, 3	,
		, 5	, 0.22124	, 452	, 3	,
		, 6	, 0.20619	, 485	, 2	,
		, 6	, 0.28249	, 354	, 4	,
		, 6	, 0.30303	, 330	, 4	,
		, 7	, 0.21413	, 467	, 3	,
		, 7	, 0.48544	, 206	, 8	,
		, 7	, 0.48780	, 205	, 8	,
		, 7	, 0.48780	, 205	, 8	,
		, 7	, 0.48780	, 205	, 8	,
		, 8	, 0.28902	, 346	, 3	,
		, 8	, 0.36232	, 276	, 4	,
		, 9	, 0.29851	, 335	, 3	,
		, 9	, 0.50000	, 200	, 8	,
		, 10	, 0.47847	, 209	, 6	,
		, 10	, 0.52632	, 190	, 6	,
		, 10	, 0.66225	, 151	, 11	,
		, 12	, 0.38910	, 257	, 4	,
		, 12	, 0.80645	, 124	, 13	,
		, 14	, 0.66225	, 151	, 6	,
		, 14	, 1.21951	, 82	, 16	,
		, 15	, 0.48544	, 206	, 5	,
		, 15	, 0.60976	, 164	, 7	,
		, 18	, 0.76923	, 130	, 9	,
		, 19	, 0.75758	, 132	, 6	,
		, 24	, 1.03093	, 97	, 12	,
		, 29	, 3.51724	, 29	, 34	,
		, 31	, 3.57143	, 28	, 36	,
		, 39	, 2.50000	, 40	, 22	,
		, 39	, 4.29167	, 24	, 57	,
