

app  = blowfish
algo = multicut
arch = virtex
gcc =   -emit-llvm
opt =  
# running opt with ISE pass: 
WARNING: no profiling information found, assuming uniform distribution
Selected architecture: P20ArchitectureVirtexFx
Default settings: 
 * CommInBusCLK: 2
 * CommOutBusCLK_: 2
 * CommInBusWidth_: 2
 * CommOutBusWidth_: 1
 * MaxCI: 7
 * MaxInput: 6
 * MaxOutput: 1
- changing value of MaxInput_: 2
Nodes	, msecs		, it	, candidate_nodes
3	, 0.05099	, 1961	, 0
3	, 0.05118	, 1954	, 0
3	, 0.05241	, 1908	, 0
3	, 0.07429	, 1346	, 0
5	, 0.06013	, 1663	, 0
7	, 0.40161	, 249	, 0
7	, 0.50000	, 200	, 0
7	, 0.50000	, 200	, 0
7	, 0.76336	, 131	, 0
7	, 0.76923	, 130	, 0
8	, 0.15129	, 661	, 0
8	, 0.42735	, 234	, 0
8	, 0.60241	, 166	, 0
8	, 0.60606	, 165	, 0
9	, 1.34667	, 75	, 0
9	, 1.35135	, 74	, 0
9	, 1.35135	, 74	, 0
9	, 1.35135	, 74	, 0
9	, 1.35135	, 74	, 0
9	, 1.35135	, 74	, 0
10	, 1.04167	, 96	, 0
10	, 1.35135	, 74	, 0
10	, 1.36486	, 74	, 0
10	, 1.36486	, 74	, 0
10	, 1.36486	, 74	, 0
10	, 1.36486	, 74	, 0
10	, 1.36486	, 74	, 0
11	, 0.55249	, 181	, 0
11	, 1.94231	, 52	, 0
13	, 2.37209	, 43	, 0
16	, 6.37500	, 16	, 0
16	, 8.00000	, 13	, 0
19	, 4.68182	, 22	, 0
22	, 27.75000	, 4	, 0
22	, 6.93333	, 15	, 0
25	, 19.33330	, 6	, 0
27	, 50.50000	, 2	, 0
38	, 80.50000	, 2	, 0
44	, 75.00000	, 2	, 0
47	, 111.00000	, 1	, 0
49	, 1292.00000	, 1	, 0
55	, 953.00000	, 1	, 0
59	, 6173.00000	, 1	, 0
64	, 345.00000	, 1	, 0
68	, 10209.00000	, 1	, 0
80	, 11967.00000	, 1	, 0
98	, 19338.00000	, 1	, 0
108	, 22222.00000	, 1	, 0
127	, 21783.00000	, 1	, 0
127	, 25190.00000	, 1	, 0
127	, 31124.00000	, 1	, 0
673	, 4092280.00000	, 1	, 0
674	, 4123580.00000	, 1	, 0
