

app  = cjpeg
algo = maxmiso
arch = virtex
gcc =   -emit-llvm
opt =  
# running opt with ISE pass: 
WARNING: no profiling information found, assuming uniform distribution
Selected architecture: P20ArchitectureVirtexFx
Default settings: 
 * CommInBusCLK: 2
 * CommOutBusCLK_: 2
 * CommInBusWidth_: 2
 * CommOutBusWidth_: 1
 * MaxCI: 7
 * MaxInput: 6
 * MaxOutput: 1
- changing value of MaxInput_: 2
Nodes	, msecs		, it	, candidate_nodes
2	, 0.01865	, 5361	, 0
2	, 0.01868	, 5353	, 0
2	, 0.01979	, 5052	, 0
2	, 0.01987	, 5033	, 0
2	, 0.01992	, 5020	, 0
2	, 0.01994	, 5014	, 0
2	, 0.01995	, 5012	, 0
2	, 0.01996	, 5009	, 0
2	, 0.01997	, 5008	, 0
2	, 0.01998	, 5004	, 0
2	, 0.01998	, 5005	, 0
2	, 0.01999	, 5003	, 0
2	, 0.02004	, 4990	, 0
2	, 0.02004	, 4989	, 0
2	, 0.02007	, 4982	, 0
2	, 0.02010	, 4976	, 0
2	, 0.02011	, 4973	, 0
2	, 0.02011	, 4972	, 0
2	, 0.02011	, 4972	, 0
2	, 0.02014	, 4965	, 0
2	, 0.02015	, 4963	, 0
2	, 0.02016	, 4960	, 0
2	, 0.02020	, 4950	, 0
2	, 0.02022	, 4946	, 0
2	, 0.02023	, 4944	, 0
2	, 0.02025	, 4939	, 0
2	, 0.02025	, 4939	, 0
3	, 0.02174	, 4599	, 0
3	, 0.02181	, 4585	, 0
3	, 0.02285	, 4377	, 0
3	, 0.02330	, 4292	, 0
3	, 0.02333	, 4286	, 0
3	, 0.02345	, 4265	, 0
3	, 0.02346	, 4263	, 0
3	, 0.02361	, 4235	, 0
3	, 0.02361	, 4235	, 0
3	, 0.02364	, 4231	, 0
3	, 0.02364	, 4230	, 0
3	, 0.02364	, 4230	, 0
3	, 0.02365	, 4229	, 0
3	, 0.02365	, 4228	, 0
3	, 0.02368	, 4223	, 0
3	, 0.02371	, 4218	, 0
3	, 0.02376	, 4208	, 0
3	, 0.02391	, 4182	, 1
3	, 0.02432	, 4111	, 1
3	, 0.02433	, 4110	, 0
3	, 0.02436	, 4105	, 1
3	, 0.02438	, 4102	, 1
3	, 0.02448	, 4085	, 1
3	, 0.02452	, 4079	, 1
3	, 0.02456	, 4071	, 1
4	, 0.02600	, 3846	, 0
4	, 0.02670	, 3746	, 1
4	, 0.02674	, 3740	, 1
4	, 0.02688	, 3720	, 1
4	, 0.02690	, 3718	, 1
4	, 0.02690	, 3717	, 1
4	, 0.02701	, 3703	, 1
4	, 0.02707	, 3694	, 1
4	, 0.02805	, 3565	, 0
4	, 0.02816	, 3551	, 0
5	, 0.02992	, 3342	, 1
5	, 0.03080	, 3247	, 1
5	, 0.03088	, 3238	, 1
5	, 0.03149	, 3176	, 2
5	, 0.03152	, 3173	, 2
5	, 0.03155	, 3170	, 2
5	, 0.03171	, 3154	, 2
5	, 0.03173	, 3152	, 2
5	, 0.03174	, 3151	, 2
5	, 0.03178	, 3147	, 2
5	, 0.03183	, 3142	, 2
6	, 0.03275	, 3053	, 0
6	, 0.03370	, 2967	, 1
6	, 0.03411	, 2932	, 1
6	, 0.03524	, 2838	, 1
6	, 0.03525	, 2837	, 1
6	, 0.03526	, 2836	, 1
6	, 0.03529	, 2834	, 1
7	, 0.03755	, 2663	, 2
7	, 0.03765	, 2656	, 2
7	, 0.03840	, 2604	, 1
7	, 0.03861	, 2590	, 1
7	, 0.03873	, 2582	, 1
7	, 0.03879	, 2578	, 1
7	, 0.03884	, 2575	, 1
7	, 0.03888	, 2572	, 1
7	, 0.03888	, 2572	, 1
7	, 0.03891	, 2570	, 1
7	, 0.03896	, 2567	, 1
7	, 0.03903	, 2562	, 1
7	, 0.03925	, 2548	, 1
7	, 0.03926	, 2547	, 1
7	, 0.03928	, 2546	, 1
7	, 0.03931	, 2544	, 1
7	, 0.03931	, 2544	, 1
7	, 0.03932	, 2543	, 1
7	, 0.03943	, 2536	, 1
7	, 0.03943	, 2536	, 1
7	, 0.03945	, 2535	, 1
8	, 0.04153	, 2408	, 2
8	, 0.04168	, 2399	, 2
8	, 0.04182	, 2391	, 1
8	, 0.04198	, 2382	, 1
8	, 0.04230	, 2364	, 1
9	, 0.04376	, 2285	, 2
9	, 0.04378	, 2284	, 1
9	, 0.04433	, 2256	, 0
9	, 0.04472	, 2236	, 0
9	, 0.04515	, 2215	, 0
9	, 0.04579	, 2184	, 2
9	, 0.04610	, 2169	, 2
10	, 0.04386	, 2280	, 1
10	, 0.04396	, 2275	, 1
10	, 0.04602	, 2173	, 2
10	, 0.04697	, 2129	, 2
10	, 0.04785	, 2090	, 0
10	, 0.04861	, 2057	, 0
10	, 0.04864	, 2056	, 3
10	, 0.04873	, 2052	, 2
10	, 0.04885	, 2047	, 2
10	, 0.04885	, 2047	, 2
11	, 0.05184	, 1929	, 2
11	, 0.05200	, 1923	, 2
14	, 0.05828	, 1716	, 0
15	, 0.06223	, 1607	, 2
15	, 0.06238	, 1603	, 1
15	, 0.06250	, 1600	, 2
15	, 0.06297	, 1588	, 2
34	, 0.12361	, 809	, 4
42	, 0.15314	, 653	, 6
48	, 0.17422	, 574	, 14
137	, 0.48309	, 207	, 0
