

app  = aes
algo = maxmiso
arch = virtex
gcc =   -emit-llvm
opt =  
# running opt with ISE pass: 
WARNING: no profiling information found, assuming uniform distribution
Selected architecture: P20ArchitectureVirtexFx
Default settings: 
 * CommInBusCLK: 2
 * CommOutBusCLK_: 2
 * CommInBusWidth_: 2
 * CommOutBusWidth_: 1
 * MaxCI: 7
 * MaxInput: 6
 * MaxOutput: 1
- changing value of MaxInput_: 2
Nodes	, msecs		, it	, candidate_nodes
1	, 0.01466	, 6819	, 0
1	, 0.01467	, 6816	, 0
1	, 0.01473	, 6791	, 0
1	, 0.01475	, 6781	, 0
3	, 0.02388	, 4188	, 1
3	, 0.02417	, 4138	, 1
3	, 0.02425	, 4124	, 0
3	, 0.02427	, 4120	, 1
3	, 0.02431	, 4113	, 1
3	, 0.02432	, 4112	, 0
3	, 0.02432	, 4111	, 1
3	, 0.02438	, 4101	, 1
3	, 0.02441	, 4096	, 1
3	, 0.02443	, 4094	, 1
3	, 0.02444	, 4091	, 1
3	, 0.02449	, 4084	, 1
3	, 0.02449	, 4084	, 1
3	, 0.02467	, 4054	, 1
4	, 0.02653	, 3770	, 0
4	, 0.02680	, 3731	, 0
4	, 0.02685	, 3725	, 0
4	, 0.02685	, 3724	, 0
4	, 0.02719	, 3678	, 1
4	, 0.02793	, 3580	, 0
4	, 0.02794	, 3579	, 0
4	, 0.02796	, 3576	, 0
4	, 0.02799	, 3573	, 0
4	, 0.02801	, 3570	, 0
4	, 0.02804	, 3566	, 0
5	, 0.02964	, 3374	, 1
5	, 0.02986	, 3349	, 1
5	, 0.02990	, 3344	, 1
5	, 0.02993	, 3341	, 1
5	, 0.02999	, 3335	, 1
5	, 0.03001	, 3332	, 1
5	, 0.03003	, 3330	, 1
5	, 0.03035	, 3295	, 1
5	, 0.03037	, 3293	, 1
5	, 0.03038	, 3292	, 1
5	, 0.03039	, 3291	, 1
5	, 0.03067	, 3260	, 1
5	, 0.03085	, 3241	, 1
5	, 0.03108	, 3218	, 1
5	, 0.03166	, 3159	, 2
6	, 0.03197	, 3128	, 1
6	, 0.03204	, 3121	, 1
6	, 0.03206	, 3119	, 1
6	, 0.03229	, 3097	, 1
6	, 0.03230	, 3096	, 1
6	, 0.03234	, 3092	, 1
6	, 0.03239	, 3087	, 1
6	, 0.03243	, 3084	, 1
6	, 0.03251	, 3076	, 1
6	, 0.03253	, 3074	, 1
6	, 0.03256	, 3071	, 1
6	, 0.03258	, 3069	, 1
6	, 0.03258	, 3069	, 1
6	, 0.03265	, 3063	, 0
6	, 0.03267	, 3061	, 1
6	, 0.03286	, 3043	, 1
6	, 0.03296	, 3034	, 1
6	, 0.03305	, 3026	, 1
6	, 0.03311	, 3020	, 1
6	, 0.03311	, 3020	, 1
6	, 0.03318	, 3014	, 1
6	, 0.03321	, 3011	, 1
6	, 0.03435	, 2911	, 0
6	, 0.03508	, 2851	, 1
6	, 0.03551	, 2816	, 0
6	, 0.03552	, 2815	, 0
6	, 0.03556	, 2812	, 1
6	, 0.03570	, 2801	, 0
6	, 0.03570	, 2801	, 1
6	, 0.03571	, 2800	, 1
6	, 0.03573	, 2799	, 0
6	, 0.03580	, 2793	, 1
6	, 0.03580	, 2793	, 1
6	, 0.03582	, 2792	, 1
6	, 0.03583	, 2791	, 1
6	, 0.03596	, 2781	, 0
6	, 0.03605	, 2774	, 1
6	, 0.03605	, 2774	, 1
6	, 0.03628	, 2756	, 0
7	, 0.03584	, 2790	, 1
7	, 0.03605	, 2774	, 1
7	, 0.03621	, 2762	, 1
7	, 0.03624	, 2759	, 1
7	, 0.03624	, 2759	, 1
7	, 0.03755	, 2663	, 2
7	, 0.03801	, 2631	, 2
7	, 0.03802	, 2630	, 2
7	, 0.03805	, 2628	, 2
7	, 0.03840	, 2604	, 2
7	, 0.03848	, 2599	, 2
8	, 0.03811	, 2624	, 1
8	, 0.03815	, 2621	, 1
8	, 0.03852	, 2596	, 1
8	, 0.03879	, 2578	, 1
8	, 0.03893	, 2569	, 1
8	, 0.03896	, 2567	, 1
8	, 0.03928	, 2546	, 1
8	, 0.03937	, 2540	, 1
8	, 0.03948	, 2533	, 1
8	, 0.04008	, 2495	, 1
8	, 0.04016	, 2490	, 1
8	, 0.04044	, 2473	, 2
9	, 0.04281	, 2336	, 1
9	, 0.04581	, 2183	, 1
9	, 0.04610	, 2169	, 1
9	, 0.04679	, 2137	, 1
10	, 0.04562	, 2192	, 1
10	, 0.04796	, 2085	, 1
10	, 0.04941	, 2024	, 3
10	, 0.04980	, 2008	, 3
10	, 0.04980	, 2008	, 3
11	, 0.05018	, 1993	, 2
11	, 0.05038	, 1985	, 3
12	, 0.05249	, 1905	, 2
12	, 0.05255	, 1903	, 2
12	, 0.05280	, 1894	, 2
13	, 0.05513	, 1814	, 2
14	, 0.05974	, 1674	, 3
14	, 0.06020	, 1661	, 4
14	, 0.06024	, 1660	, 4
14	, 0.06075	, 1646	, 4
14	, 0.06297	, 1588	, 2
15	, 0.06452	, 1550	, 3
17	, 0.07072	, 1414	, 2
17	, 0.07138	, 1401	, 2
22	, 0.09001	, 1111	, 8
24	, 0.09551	, 1047	, 4
25	, 0.09804	, 1020	, 4
25	, 0.09823	, 1018	, 4
28	, 0.10627	, 941	, 5
29	, 0.10870	, 920	, 5
29	, 0.10905	, 917	, 5
29	, 0.11074	, 903	, 5
29	, 0.11338	, 882	, 6
31	, 0.11062	, 904	, 1
31	, 0.11806	, 847	, 15
31	, 0.11862	, 843	, 15
33	, 0.12376	, 808	, 11
33	, 0.12392	, 807	, 11
33	, 0.12422	, 805	, 11
34	, 0.12674	, 789	, 16
34	, 0.12690	, 788	, 16
34	, 0.12690	, 788	, 16
35	, 0.12034	, 831	, 1
35	, 0.12048	, 830	, 1
35	, 0.13141	, 761	, 15
42	, 0.14771	, 677	, 5
54	, 0.18050	, 554	, 1
54	, 0.20661	, 484	, 17
67	, 0.21692	, 461	, 13
68	, 0.22779	, 439	, 20
73	, 0.27701	, 361	, 17
73	, 0.27701	, 361	, 17
73	, 0.27778	, 360	, 17
75	, 0.23753	, 421	, 1
91	, 0.29586	, 338	, 27
91	, 0.29674	, 337	, 27
115	, 0.36630	, 273	, 1
126	, 0.40000	, 250	, 23
131	, 0.41322	, 242	, 1
131	, 0.42194	, 237	, 1
131	, 0.42373	, 236	, 1
132	, 0.41322	, 242	, 25
133	, 0.43103	, 232	, 16
176	, 0.60606	, 165	, 36
286	, 0.87719	, 114	, 48
302	, 0.93458	, 107	, 48
311	, 0.95238	, 105	, 48
311	, 0.98039	, 102	, 48
691	, 2.22222	, 45	, 115
721	, 2.32558	, 43	, 123
970	, 3.15625	, 32	, 166
1079	, 3.51724	, 29	, 179
1154	, 3.74074	, 27	, 198
1407	, 4.43478	, 23	, 240
1524	, 4.76190	, 21	, 239
1619	, 5.47368	, 19	, 286
