

app  = cjpeg
algo = multicut
arch = virtex
gcc =   -emit-llvm
opt =  
# running opt with ISE pass: 
WARNING: no profiling information found, assuming uniform distribution
Selected architecture: P20ArchitectureVirtexFx
Default settings: 
 * CommInBusCLK: 2
 * CommOutBusCLK_: 2
 * CommInBusWidth_: 2
 * CommOutBusWidth_: 1
 * MaxCI: 7
 * MaxInput: 6
 * MaxOutput: 1
- changing value of MaxInput_: 2
Nodes	, msecs		, it	, candidate_nodes
2	, 0.04257	, 2349	, 0
2	, 0.04308	, 2321	, 0
2	, 0.04310	, 2320	, 0
2	, 0.04310	, 2320	, 0
2	, 0.04312	, 2319	, 0
2	, 0.04312	, 2319	, 0
2	, 0.04312	, 2319	, 0
2	, 0.04314	, 2318	, 0
2	, 0.04314	, 2318	, 0
2	, 0.04316	, 2317	, 0
2	, 0.04322	, 2314	, 0
2	, 0.04322	, 2314	, 0
2	, 0.04325	, 2312	, 0
2	, 0.04329	, 2310	, 0
2	, 0.04333	, 2308	, 0
2	, 0.04342	, 2303	, 0
2	, 0.04342	, 2303	, 0
2	, 0.04350	, 2299	, 0
2	, 0.04350	, 2299	, 0
2	, 0.04353	, 2297	, 0
2	, 0.04359	, 2294	, 0
2	, 0.04373	, 2287	, 0
2	, 0.04396	, 2275	, 0
2	, 0.04407	, 2269	, 0
2	, 0.04413	, 2266	, 0
2	, 0.04415	, 2265	, 0
2	, 0.04433	, 2256	, 0
3	, 0.05063	, 1975	, 0
3	, 0.05136	, 1947	, 0
3	, 0.05136	, 1947	, 0
3	, 0.05225	, 1914	, 0
3	, 0.05244	, 1907	, 0
3	, 0.05263	, 1900	, 0
3	, 0.05269	, 1898	, 0
3	, 0.05271	, 1897	, 0
3	, 0.05274	, 1896	, 0
3	, 0.05319	, 1880	, 0
3	, 0.05456	, 1833	, 0
3	, 0.06135	, 1630	, 0
3	, 0.06143	, 1628	, 0
3	, 0.06146	, 1627	, 0
3	, 0.06158	, 1624	, 0
3	, 0.06177	, 1619	, 0
3	, 0.06192	, 1615	, 0
3	, 0.06192	, 1615	, 0
3	, 0.07396	, 1352	, 0
3	, 0.07402	, 1351	, 0
3	, 0.07402	, 1351	, 0
3	, 0.07418	, 1348	, 0
3	, 0.07418	, 1348	, 0
3	, 0.07418	, 1348	, 0
3	, 0.07530	, 1328	, 0
4	, 0.05981	, 1672	, 0
4	, 0.06143	, 1628	, 0
4	, 0.08137	, 1229	, 0
4	, 0.08143	, 1228	, 0
4	, 0.08150	, 1227	, 0
4	, 0.08157	, 1226	, 0
4	, 0.09311	, 1074	, 0
4	, 0.09381	, 1066	, 0
4	, 0.09381	, 1066	, 0
4	, 0.09479	, 1055	, 0
5	, 0.10081	, 992	, 0
5	, 0.10616	, 942	, 0
5	, 0.11429	, 875	, 0
5	, 0.22272	, 449	, 0
5	, 0.22272	, 449	, 0
5	, 0.22321	, 448	, 0
5	, 0.22321	, 448	, 0
5	, 0.22321	, 448	, 0
5	, 0.22371	, 447	, 0
5	, 0.22421	, 446	, 0
5	, 0.22472	, 445	, 0
6	, 0.08554	, 1169	, 0
6	, 0.11312	, 884	, 0
6	, 0.13351	, 749	, 0
6	, 0.13369	, 748	, 0
6	, 0.13369	, 748	, 0
6	, 0.13405	, 746	, 0
6	, 0.15528	, 644	, 0
7	, 0.22321	, 448	, 0
7	, 0.22573	, 443	, 0
7	, 0.22573	, 443	, 0
7	, 0.22573	, 443	, 0
7	, 0.22624	, 442	, 0
7	, 0.22624	, 442	, 0
7	, 0.22624	, 442	, 0
7	, 0.22624	, 442	, 0
7	, 0.22624	, 442	, 0
7	, 0.22624	, 442	, 0
7	, 0.22676	, 441	, 0
7	, 0.22676	, 441	, 0
7	, 0.22676	, 441	, 0
7	, 0.22676	, 441	, 0
7	, 0.22676	, 441	, 0
7	, 0.22676	, 441	, 0
7	, 0.22676	, 441	, 0
7	, 0.22727	, 440	, 0
7	, 0.22727	, 440	, 0
7	, 0.22779	, 439	, 0
7	, 0.78740	, 127	, 0
8	, 0.17361	, 576	, 0
8	, 0.24630	, 406	, 0
8	, 0.24691	, 405	, 0
8	, 0.40816	, 245	, 0
8	, 0.40984	, 244	, 0
9	, 0.10278	, 973	, 0
9	, 0.10352	, 966	, 0
9	, 0.12285	, 814	, 0
9	, 0.12315	, 812	, 0
9	, 0.33113	, 302	, 0
9	, 0.50251	, 199	, 0
9	, 0.72993	, 137	, 0
10	, 0.11947	, 837	, 0
10	, 0.11962	, 836	, 0
10	, 0.14306	, 699	, 0
10	, 0.38314	, 261	, 0
10	, 0.39841	, 251	, 0
10	, 0.39841	, 251	, 0
10	, 0.44053	, 227	, 0
10	, 0.50505	, 198	, 0
10	, 1.19048	, 84	, 0
10	, 2.50000	, 40	, 0
11	, 0.46729	, 214	, 0
11	, 0.46729	, 214	, 0
14	, 0.18975	, 527	, 0
15	, 1.56250	, 64	, 0
15	, 2.10417	, 48	, 0
15	, 2.12500	, 48	, 0
15	, 2.12766	, 47	, 0
34	, 19.50000	, 6	, 0
42	, 65.50000	, 2	, 0
48	, 225.00000	, 1	, 0
137	, 1078.00000	, 1	, 0
