

app  = aes
algo = singlecut
arch = virtex
gcc =   -emit-llvm
opt =  
# running opt with ISE pass: 
WARNING: no profiling information found, assuming uniform distribution
Selected architecture: P20ArchitectureVirtexFx
Default settings: 
 * CommInBusCLK: 2
 * CommOutBusCLK_: 2
 * CommInBusWidth_: 2
 * CommOutBusWidth_: 1
 * MaxCI: 7
 * MaxInput: 6
 * MaxOutput: 1
- changing value of MaxInput_: 2
Nodes	, msecs		, it	, candidate_nodes
1	, 0.01707	, 5859	, 0
1	, 0.01708	, 5855	, 0
1	, 0.01711	, 5845	, 0
1	, 0.01715	, 5831	, 0
3	, 0.03030	, 3300	, 0
3	, 0.03030	, 3300	, 1
3	, 0.03449	, 2899	, 3
3	, 0.03460	, 2890	, 3
3	, 0.03461	, 2889	, 3
3	, 0.03466	, 2885	, 3
3	, 0.03467	, 2884	, 3
3	, 0.03470	, 2882	, 3
3	, 0.03471	, 2881	, 3
3	, 0.03473	, 2879	, 3
3	, 0.03473	, 2879	, 3
3	, 0.03478	, 2875	, 3
3	, 0.03486	, 2869	, 3
3	, 0.03486	, 2869	, 3
4	, 0.03478	, 2875	, 0
4	, 0.03478	, 2875	, 0
4	, 0.03490	, 2865	, 0
4	, 0.03510	, 2849	, 0
4	, 0.03534	, 2830	, 0
4	, 0.03540	, 2825	, 0
4	, 0.03795	, 2635	, 1
4	, 0.03812	, 2623	, 1
4	, 0.03834	, 2608	, 1
4	, 0.03840	, 2604	, 1
4	, 0.05003	, 1999	, 3
5	, 0.04209	, 2376	, 3
5	, 0.05467	, 1829	, 2
5	, 0.05807	, 1722	, 4
5	, 0.05811	, 1721	, 4
5	, 0.06042	, 1655	, 5
5	, 0.06667	, 1500	, 5
5	, 0.06676	, 1498	, 5
5	, 0.06684	, 1496	, 9
5	, 0.06693	, 1494	, 5
5	, 0.06693	, 1494	, 5
5	, 0.06702	, 1492	, 5
5	, 0.06702	, 1492	, 5
5	, 0.06702	, 1492	, 5
5	, 0.06707	, 1491	, 5
5	, 0.06716	, 1489	, 5
6	, 0.04688	, 2133	, 3
6	, 0.04764	, 2099	, 1
6	, 0.04771	, 2096	, 1
6	, 0.04778	, 2093	, 1
6	, 0.04787	, 2089	, 3
6	, 0.04943	, 2023	, 1
6	, 0.05549	, 1802	, 4
6	, 0.05593	, 1788	, 4
6	, 0.05599	, 1786	, 4
6	, 0.05605	, 1784	, 4
6	, 0.05624	, 1778	, 4
6	, 0.05637	, 1774	, 4
6	, 0.05705	, 1753	, 3
6	, 0.05727	, 1746	, 3
6	, 0.05727	, 1746	, 3
6	, 0.05731	, 1745	, 3
6	, 0.05747	, 1740	, 3
6	, 0.05757	, 1737	, 3
6	, 0.05764	, 1735	, 3
6	, 0.05777	, 1731	, 3
6	, 0.05777	, 1731	, 3
6	, 0.05784	, 1729	, 3
6	, 0.06079	, 1645	, 2
6	, 0.07220	, 1385	, 9
6	, 0.07278	, 1374	, 9
6	, 0.09930	, 1007	, 15
6	, 0.09930	, 1007	, 15
6	, 0.09930	, 1007	, 15
6	, 0.10132	, 987	, 15
6	, 0.10152	, 985	, 15
6	, 0.10152	, 985	, 15
6	, 0.10163	, 984	, 15
6	, 0.10163	, 984	, 15
6	, 0.10183	, 982	, 15
6	, 0.10183	, 982	, 15
6	, 0.10194	, 981	, 15
6	, 0.10194	, 981	, 15
6	, 0.10204	, 980	, 15
6	, 0.10204	, 980	, 15
7	, 0.07468	, 1339	, 9
7	, 0.08772	, 1140	, 5
7	, 0.08913	, 1122	, 5
7	, 0.10417	, 960	, 12
7	, 0.10449	, 957	, 12
7	, 0.10493	, 953	, 12
7	, 0.10515	, 951	, 12
7	, 0.11696	, 855	, 10
7	, 0.11751	, 851	, 10
7	, 0.11751	, 851	, 10
7	, 0.11806	, 847	, 10
8	, 0.07868	, 1271	, 8
8	, 0.07930	, 1261	, 8
8	, 0.07968	, 1255	, 8
8	, 0.07994	, 1251	, 8
8	, 0.08013	, 1248	, 5
8	, 0.08019	, 1247	, 8
8	, 0.08039	, 1244	, 8
8	, 0.08117	, 1232	, 5
8	, 0.08150	, 1227	, 5
8	, 0.12887	, 776	, 13
8	, 0.12903	, 775	, 7
8	, 0.20790	, 481	, 19
9	, 0.07628	, 1311	, 5
9	, 0.07716	, 1296	, 5
9	, 0.07740	, 1292	, 5
9	, 0.16667	, 600	, 8
10	, 0.11062	, 904	, 5
10	, 0.11148	, 897	, 5
10	, 0.12563	, 796	, 7
10	, 0.19011	, 526	, 15
10	, 0.24450	, 409	, 23
11	, 0.23923	, 418	, 19
11	, 0.30581	, 327	, 21
12	, 0.29762	, 336	, 26
12	, 0.29851	, 335	, 26
12	, 0.30303	, 330	, 26
13	, 0.20161	, 496	, 20
14	, 0.18018	, 555	, 10
14	, 0.32573	, 307	, 22
14	, 0.32787	, 305	, 22
14	, 0.33003	, 303	, 22
14	, 0.38461	, 260	, 29
15	, 0.47847	, 209	, 15
17	, 0.26525	, 377	, 9
17	, 0.36364	, 275	, 12
22	, 0.78125	, 128	, 25
24	, 0.74627	, 134	, 19
25	, 0.78125	, 128	, 19
25	, 0.78125	, 128	, 19
28	, 1.01010	, 99	, 24
29	, 0.80000	, 125	, 30
29	, 1.01010	, 99	, 29
29	, 1.07447	, 94	, 24
29	, 1.08696	, 92	, 24
31	, 0.31348	, 319	, 7
31	, 1.31579	, 76	, 45
31	, 1.33333	, 75	, 45
33	, 1.80357	, 56	, 40
33	, 1.81818	, 55	, 40
33	, 1.81818	, 55	, 40
34	, 1.51515	, 66	, 48
34	, 1.53846	, 65	, 48
34	, 1.53846	, 65	, 48
35	, 0.36101	, 277	, 7
35	, 0.36900	, 271	, 7
35	, 1.61290	, 62	, 49
42	, 2.38095	, 42	, 34
54	, 1.53846	, 65	, 18
54	, 4.00000	, 25	, 66
67	, 5.77778	, 18	, 66
68	, 6.11765	, 17	, 71
73	, 7.35714	, 14	, 86
73	, 7.50000	, 14	, 86
73	, 7.57143	, 14	, 86
75	, 0.87719	, 114	, 7
91	, 9.45455	, 11	, 121
91	, 9.45455	, 11	, 121
115	, 2.56410	, 39	, 19
126	, 60.50000	, 2	, 210
131	, 3.09091	, 33	, 19
131	, 3.15625	, 32	, 19
131	, 3.33333	, 30	, 19
132	, 66.00000	, 2	, 219
133	, 19.16670	, 6	, 95
176	, 28.75000	, 4	, 143
286	, 149.00000	, 1	, 392
302	, 160.00000	, 1	, 424
311	, 178.00000	, 1	, 424
311	, 181.00000	, 1	, 424
691	, 954.00000	, 1	, 990
721	, 1089.00000	, 1	, 1044
970	, 1981.00000	, 1	, 1417
1079	, 2238.00000	, 1	, 1545
1154	, 2473.00000	, 1	, 1597
1407	, 3691.00000	, 1	, 1960
1524	, 4403.00000	, 1	, 2113
1619	, 4809.00000	, 1	, 2210
