

app  = fft
algo = union
arch = virtex
gcc =   -emit-llvm
opt =  
# running opt with ISE pass: 
WARNING: no profiling information found, assuming uniform distribution
Selected architecture: P20ArchitectureVirtexFx
Default settings: 
 * CommInBusCLK: 2
 * CommOutBusCLK_: 2
 * CommInBusWidth_: 2
 * CommOutBusWidth_: 1
 * MaxCI: 7
 * MaxInput: 6
 * MaxOutput: 1
- changing value of MaxInput_: 2
Nodes	, msecs		, it	, candidate_nodes
2	, 0.05420	, 1845	, 0
3	, 0.10661	, 938	, 1
3	, 0.10684	, 936	, 1
3	, 0.19570	, 511	, 3
3	, 0.19570	, 511	, 3
3	, 0.19570	, 511	, 3
3	, 0.19570	, 511	, 3
3	, 0.19608	, 510	, 3
3	, 0.19685	, 508	, 3
4	, 0.27027	, 370	, 4
5	, 0.13369	, 748	, 1
5	, 0.31847	, 314	, 5
5	, 0.31949	, 313	, 5
5	, 0.34602	, 289	, 4
5	, 0.46729	, 214	, 6
5	, 0.64516	, 155	, 8
6	, 0.50505	, 198	, 5
6	, 0.50761	, 197	, 5
7	, 0.21598	, 463	, 2
7	, 0.21598	, 463	, 2
7	, 0.63291	, 158	, 12
7	, 0.63694	, 157	, 12
7	, 0.86957	, 115	, 9
8	, 0.36101	, 277	, 4
8	, 0.42918	, 233	, 5
8	, 0.43103	, 232	, 5
8	, 0.51546	, 194	, 7
8	, 0.51546	, 194	, 7
8	, 0.51546	, 194	, 7
9	, 0.86957	, 115	, 18
11	, 0.55866	, 179	, 6
12	, 0.87719	, 114	, 11
12	, 0.92593	, 108	, 18
12	, 1.09890	, 91	, 13
12	, 1.09890	, 91	, 13
13	, 1.83636	, 55	, 30
14	, 1.01010	, 99	, 14
15	, 1.19048	, 84	, 18
16	, 0.55249	, 181	, 6
16	, 0.55556	, 180	, 6
19	, 1.47059	, 68	, 17
38	, 4.68182	, 22	, 33
52	, 5.00000	, 20	, 42
