

app  = cjpeg
algo = union
arch = virtex
opt  = -ise-archi-max-input=4 -ise-archi-max-output=1
gcc =   -emit-llvm
opt =  
# running opt with ISE pass: 
WARNING: no profiling information found, assuming uniform distribution
Selected architecture: P20ArchitectureVirtexFx
Default settings: 
 * CommInBusCLK: 2
 * CommOutBusCLK_: 2
 * CommInBusWidth_: 2
 * CommOutBusWidth_: 1
 * MaxCI: 7
 * MaxInput: 6
 * MaxOutput: 1
- changing value of MaxInput_: 4
Nodes	, msecs		, it	, candidate_nodes
2	, 0.03805	, 2628	, 0
2	, 0.03814	, 2622	, 0
2	, 0.03815	, 2621	, 0
2	, 0.03845	, 2601	, 0
2	, 0.03851	, 2597	, 0
2	, 0.03857	, 2593	, 0
2	, 0.03858	, 2592	, 0
2	, 0.03860	, 2591	, 0
2	, 0.03861	, 2590	, 0
2	, 0.03864	, 2588	, 0
2	, 0.03864	, 2588	, 0
2	, 0.03865	, 2587	, 0
2	, 0.03867	, 2586	, 0
2	, 0.03870	, 2584	, 0
2	, 0.03871	, 2583	, 0
2	, 0.03871	, 2583	, 0
2	, 0.03873	, 2582	, 0
2	, 0.03873	, 2582	, 0
2	, 0.03874	, 2581	, 0
2	, 0.03874	, 2581	, 0
2	, 0.03874	, 2581	, 0
2	, 0.03876	, 2580	, 0
2	, 0.03879	, 2578	, 0
2	, 0.03879	, 2578	, 0
2	, 0.03884	, 2575	, 0
2	, 0.03884	, 2575	, 0
2	, 0.03894	, 2568	, 0
3	, 0.04344	, 2302	, 0
3	, 0.04836	, 2068	, 0
3	, 0.04857	, 2059	, 0
3	, 0.04904	, 2039	, 0
3	, 0.04904	, 2039	, 0
3	, 0.04907	, 2038	, 0
3	, 0.04916	, 2034	, 0
3	, 0.04921	, 2032	, 0
3	, 0.04921	, 2032	, 0
3	, 0.04926	, 2030	, 0
3	, 0.04938	, 2025	, 0
3	, 0.10764	, 929	, 1
3	, 0.11403	, 877	, 1
3	, 0.11416	, 876	, 1
3	, 0.11416	, 876	, 1
3	, 0.11416	, 876	, 1
3	, 0.11416	, 876	, 1
3	, 0.11429	, 875	, 1
3	, 0.11442	, 874	, 1
3	, 0.19455	, 514	, 3
3	, 0.19493	, 513	, 3
3	, 0.19493	, 513	, 3
3	, 0.19493	, 513	, 3
3	, 0.19493	, 513	, 3
3	, 0.19531	, 512	, 3
4	, 0.06086	, 1643	, 0
4	, 0.12136	, 824	, 1
4	, 0.12438	, 804	, 1
4	, 0.12937	, 773	, 1
4	, 0.12953	, 772	, 1
4	, 0.12970	, 771	, 1
4	, 0.13004	, 769	, 1
4	, 0.21008	, 476	, 3
4	, 0.21008	, 476	, 3
4	, 0.21097	, 474	, 3
5	, 0.21552	, 464	, 3
5	, 0.22173	, 451	, 3
5	, 0.23419	, 427	, 3
5	, 0.35336	, 283	, 4
5	, 0.35336	, 283	, 4
5	, 0.35336	, 283	, 4
5	, 0.35336	, 283	, 4
5	, 0.35336	, 283	, 4
5	, 0.35336	, 283	, 4
5	, 0.35336	, 283	, 4
5	, 0.35461	, 282	, 4
6	, 0.14286	, 700	, 1
6	, 0.15504	, 645	, 1
6	, 0.23202	, 431	, 3
6	, 0.23310	, 429	, 3
6	, 0.23310	, 429	, 3
6	, 0.23310	, 429	, 3
6	, 0.29586	, 338	, 4
7	, 0.31746	, 315	, 4
7	, 0.36900	, 271	, 5
7	, 0.36900	, 271	, 5
7	, 0.36900	, 271	, 5
7	, 0.36900	, 271	, 5
7	, 0.36900	, 271	, 5
7	, 0.36900	, 271	, 5
7	, 0.36900	, 271	, 5
7	, 0.36900	, 271	, 5
7	, 0.36900	, 271	, 5
7	, 0.36900	, 271	, 5
7	, 0.36900	, 271	, 5
7	, 0.37037	, 270	, 5
7	, 0.37037	, 270	, 5
7	, 0.37037	, 270	, 5
7	, 0.37037	, 270	, 5
7	, 0.37037	, 270	, 5
7	, 0.37037	, 270	, 5
7	, 0.37037	, 270	, 5
7	, 0.37037	, 270	, 5
7	, 0.61728	, 162	, 12
8	, 0.25381	, 394	, 3
8	, 0.38314	, 261	, 5
8	, 0.38461	, 260	, 5
8	, 0.44643	, 224	, 5
8	, 0.44643	, 224	, 5
9	, 0.18018	, 555	, 1
9	, 0.18315	, 546	, 1
9	, 0.18315	, 546	, 1
9	, 0.25707	, 389	, 3
9	, 0.40161	, 249	, 5
9	, 0.54945	, 182	, 8
9	, 0.57143	, 175	, 9
10	, 0.14006	, 714	, 1
10	, 0.22936	, 436	, 3
10	, 0.25445	, 393	, 2
10	, 0.37736	, 265	, 4
10	, 0.41494	, 241	, 5
10	, 0.41494	, 241	, 5
10	, 0.47619	, 210	, 6
10	, 0.56497	, 177	, 9
10	, 0.57143	, 175	, 9
10	, 1.06316	, 95	, 23
11	, 0.42553	, 235	, 5
11	, 0.42553	, 235	, 5
14	, 0.23810	, 420	, 1
15	, 0.52083	, 192	, 7
15	, 0.88496	, 113	, 14
15	, 0.88496	, 113	, 14
15	, 0.88496	, 113	, 14
34	, 1.78571	, 56	, 27
42	, 2.75676	, 37	, 43
48	, 4.08000	, 25	, 70
137	, 9.45455	, 11	, 84
