

app  = aes
algo = union
arch = virtex
opt  = -ise-archi-max-input=4 -ise-archi-max-output=1
gcc =   -emit-llvm
# calculating candidates
# calculating benchmarking results
WARNING: no profiling information found, assuming uniform distribution
Selected architecture: P20ArchitectureVirtexFx
Default settings: 
 * CommInBusCLK: 2
 * CommOutBusCLK_: 2
 * CommInBusWidth_: 2
 * CommOutBusWidth_: 1
 * MaxCI: 7
 * MaxInput: 6
 * MaxOutput: 1
- changing value of MaxInput_: 4
Nodes	, msecs		, it	, candidate_nodes
1	, 0.02009	, 4978	, 0
1	, 0.02018	, 4956	, 0
1	, 0.02025	, 4938	, 0
1	, 0.02026	, 4935	, 0
3	, 0.04912	, 2036	, 0
3	, 0.11389	, 878	, 1
3	, 0.19417	, 515	, 3
3	, 0.19455	, 514	, 3
3	, 0.19455	, 514	, 3
3	, 0.19455	, 514	, 3
3	, 0.19455	, 514	, 3
3	, 0.19455	, 514	, 3
3	, 0.19493	, 513	, 3
3	, 0.19493	, 513	, 3
3	, 0.19493	, 513	, 3
3	, 0.19493	, 513	, 3
3	, 0.19493	, 513	, 3
3	, 0.19531	, 512	, 3
4	, 0.05831	, 1715	, 0
4	, 0.05834	, 1714	, 0
4	, 0.05848	, 1710	, 0
4	, 0.05851	, 1709	, 0
4	, 0.06083	, 1644	, 0
4	, 0.06313	, 1584	, 0
4	, 0.12707	, 787	, 1
4	, 0.12739	, 785	, 1
4	, 0.12755	, 784	, 1
4	, 0.12755	, 784	, 1
4	, 0.20877	, 479	, 3
5	, 0.20450	, 489	, 3
5	, 0.21787	, 459	, 3
5	, 0.27472	, 364	, 4
5	, 0.27472	, 364	, 4
5	, 0.33333	, 300	, 6
5	, 0.33333	, 300	, 6
5	, 0.33333	, 300	, 6
5	, 0.33333	, 300	, 6
5	, 0.33333	, 300	, 6
5	, 0.33333	, 300	, 6
5	, 0.33333	, 300	, 6
5	, 0.33333	, 300	, 6
5	, 0.33445	, 299	, 6
5	, 0.47619	, 210	, 10
5	, 0.47847	, 209	, 6
6	, 0.12077	, 828	, 1
6	, 0.12092	, 827	, 1
6	, 0.12107	, 826	, 1
6	, 0.12151	, 823	, 1
6	, 0.18727	, 534	, 2
6	, 0.20964	, 477	, 3
6	, 0.21008	, 476	, 3
6	, 0.23202	, 431	, 3
6	, 0.23202	, 431	, 3
6	, 0.23256	, 430	, 3
6	, 0.23256	, 430	, 3
6	, 0.23256	, 430	, 3
6	, 0.23310	, 429	, 3
6	, 0.23310	, 429	, 3
6	, 0.23364	, 428	, 3
6	, 0.23364	, 428	, 3
6	, 0.23419	, 427	, 3
6	, 0.33223	, 301	, 4
6	, 0.33223	, 301	, 4
6	, 0.33333	, 300	, 4
6	, 0.33333	, 300	, 4
6	, 0.33333	, 300	, 4
6	, 0.33333	, 300	, 4
6	, 0.53763	, 186	, 11
6	, 0.54054	, 185	, 11
6	, 0.71429	, 140	, 17
6	, 0.71429	, 140	, 17
6	, 0.71429	, 140	, 17
6	, 0.71429	, 140	, 17
6	, 0.71942	, 139	, 17
6	, 0.71942	, 139	, 17
6	, 0.71942	, 139	, 17
6	, 0.71942	, 139	, 17
6	, 0.71942	, 139	, 17
6	, 0.71942	, 139	, 17
6	, 0.71942	, 139	, 17
6	, 0.71942	, 139	, 17
6	, 0.71942	, 139	, 17
6	, 0.71942	, 139	, 17
7	, 0.42918	, 233	, 5
7	, 0.42918	, 233	, 5
7	, 0.48544	, 206	, 10
7	, 0.64516	, 155	, 13
7	, 0.64516	, 155	, 13
7	, 0.64516	, 155	, 13
7	, 0.64516	, 155	, 13
7	, 0.67114	, 149	, 15
7	, 0.67114	, 149	, 15
7	, 0.67114	, 149	, 15
7	, 0.67114	, 149	, 15
8	, 0.34722	, 288	, 6
8	, 0.34722	, 288	, 6
8	, 0.34722	, 288	, 6
8	, 0.49020	, 204	, 10
8	, 0.49261	, 203	, 10
8	, 0.49261	, 203	, 10
8	, 0.49261	, 203	, 10
8	, 0.49505	, 202	, 10
8	, 0.49751	, 201	, 10
8	, 0.56497	, 177	, 11
8	, 0.78740	, 127	, 14
8	, 1.12360	, 89	, 28
9	, 0.38314	, 261	, 5
9	, 0.38461	, 260	, 5
9	, 0.38461	, 260	, 5
9	, 0.93458	, 107	, 20
10	, 0.41322	, 242	, 5
10	, 0.41494	, 241	, 5
10	, 0.49505	, 202	, 8
10	, 1.56250	, 64	, 37
10	, 1.94231	, 52	, 17
11	, 0.99010	, 101	, 19
11	, 2.34884	, 43	, 38
12	, 1.74138	, 58	, 40
12	, 1.74138	, 58	, 40
12	, 1.74138	, 58	, 40
13	, 1.03093	, 97	, 23
14	, 0.74074	, 135	, 11
14	, 1.16279	, 86	, 22
14	, 1.17442	, 86	, 22
14	, 1.17647	, 85	, 22
14	, 1.90566	, 53	, 43
15	, 2.17391	, 46	, 28
17	, 0.86207	, 116	, 10
17	, 1.04167	, 96	, 16
22	, 3.77778	, 27	, 25
24	, 3.06061	, 33	, 23
25	, 3.09091	, 33	, 23
25	, 3.12121	, 33	, 23
28	, 3.57143	, 28	, 29
29	, 2.75676	, 37	, 33
29	, 3.60714	, 28	, 29
29	, 3.60714	, 28	, 29
29	, 5.05000	, 20	, 36
31	, 0.78125	, 128	, 7
31	, 2.63158	, 38	, 45
31	, 2.63158	, 38	, 45
33	, 8.00000	, 13	, 41
33	, 8.00000	, 13	, 41
33	, 8.00000	, 13	, 41
34	, 2.91429	, 35	, 48
34	, 2.91429	, 35	, 48
34	, 2.91429	, 35	, 48
35	, 0.86957	, 115	, 7
35	, 0.89286	, 112	, 7
35	, 3.25806	, 31	, 49
42	, 2.56410	, 39	, 40
54	, 1.88679	, 53	, 18
54	, 3586.00000	, 1	, 66
67	, 5.05000	, 20	, 78
68	, 37.00000	, 3	, 81
73	, 9116.00000	, 1	, 87
73	, 9140.00000	, 1	, 87
73	, 9145.00000	, 1	, 87
75	, 1.29870	, 77	, 7
91	, 8.50000	, 12	, 121
91	, 8.58333	, 12	, 121
115	, 3.03030	, 33	, 19
126	, 59.50000	, 2	, 910
131	, 3.32258	, 31	, 19
131	, 3.36667	, 30	, 19
131	, 3.44828	, 29	, 19
132	, 64.50000	, 2	, 922
133	, 9.09091	, 11	, 110
176	, 73408.00000	, 1	, 161
286	, 87.50000	, 2	, 896
302	, 95.00000	, 2	, 960
311	, 97.50000	, 2	, 1000
311	, 97.50000	, 2	, 1000
691	, 541.00000	, 1	, 2322
721	, 634.00000	, 1	, 2600
970	, 1116.00000	, 1	, 3642
1079	, 1925.00000	, 1	, 3615
1154	, 1710.00000	, 1	, 3694
1407	, 1884.00000	, 1	, 4480
1524	, 2126.00000	, 1	, 4984
1619	, 2992.00000	, 1	, 5030
