

app  = blowfish
algo = maxmiso
arch = virtex
opt  = -ise-archi-max-input=4 -ise-archi-max-output=1
gcc =   -emit-llvm
opt =  
# running opt with ISE pass: 
WARNING: no profiling information found, assuming uniform distribution
Selected architecture: P20ArchitectureVirtexFx
Default settings: 
 * CommInBusCLK: 2
 * CommOutBusCLK_: 2
 * CommInBusWidth_: 2
 * CommOutBusWidth_: 1
 * MaxCI: 7
 * MaxInput: 6
 * MaxOutput: 1
- changing value of MaxInput_: 4
Nodes	, msecs		, it	, candidate_nodes
3	, 0.02242	, 4461	, 0
3	, 0.02259	, 4426	, 0
3	, 0.02413	, 4144	, 0
3	, 0.02463	, 4060	, 1
5	, 0.02627	, 3806	, 0
7	, 0.03750	, 2667	, 2
7	, 0.03759	, 2660	, 2
7	, 0.03779	, 2646	, 1
7	, 0.03821	, 2617	, 2
7	, 0.03833	, 2609	, 1
8	, 0.03824	, 2615	, 1
8	, 0.04026	, 2484	, 3
8	, 0.04058	, 2464	, 1
8	, 0.04097	, 2441	, 1
9	, 0.04338	, 2305	, 2
9	, 0.04350	, 2299	, 2
9	, 0.04357	, 2295	, 2
9	, 0.04357	, 2295	, 2
9	, 0.04373	, 2287	, 2
9	, 0.04374	, 2286	, 2
10	, 0.04608	, 2170	, 2
10	, 0.04613	, 2168	, 2
10	, 0.04617	, 2166	, 2
10	, 0.04660	, 2146	, 2
10	, 0.04662	, 2145	, 2
10	, 0.04666	, 2143	, 2
10	, 0.04888	, 2046	, 2
11	, 0.04857	, 2059	, 3
11	, 0.05058	, 1977	, 2
13	, 0.05669	, 1764	, 3
16	, 0.06859	, 1458	, 5
16	, 0.06863	, 1457	, 3
19	, 0.07599	, 1316	, 4
22	, 0.08446	, 1184	, 4
22	, 0.08921	, 1121	, 9
25	, 0.09461	, 1057	, 5
27	, 0.09881	, 1012	, 4
38	, 0.13038	, 767	, 6
44	, 0.15432	, 648	, 6
47	, 0.15699	, 637	, 7
49	, 0.16502	, 606	, 8
55	, 0.18657	, 536	, 5
59	, 0.19608	, 510	, 13
64	, 0.21277	, 470	, 15
68	, 0.22124	, 452	, 11
80	, 0.25641	, 390	, 8
98	, 0.31348	, 319	, 22
108	, 0.34483	, 290	, 25
127	, 0.40984	, 244	, 34
127	, 0.41841	, 239	, 21
127	, 0.42553	, 235	, 22
673	, 2.12766	, 47	, 92
674	, 2.12766	, 47	, 92
