

app  = aes
algo = singlecut
arch = virtex
opt  = -ise-archi-max-input=4 -ise-archi-max-output=1
gcc =   -emit-llvm
# calculating candidates
# calculating benchmarking results
WARNING: no profiling information found, assuming uniform distribution
Selected architecture: P20ArchitectureVirtexFx
Default settings: 
 * CommInBusCLK: 2
 * CommOutBusCLK_: 2
 * CommInBusWidth_: 2
 * CommOutBusWidth_: 1
 * MaxCI: 7
 * MaxInput: 6
 * MaxOutput: 1
- changing value of MaxInput_: 4
Nodes	, msecs		, it	, candidate_nodes
1	, 0.01685	, 5933	, 0
1	, 0.01694	, 5904	, 0
1	, 0.01696	, 5895	, 0
1	, 0.01704	, 5868	, 0
3	, 0.02973	, 3364	, 0
3	, 0.02996	, 3338	, 1
3	, 0.03404	, 2938	, 3
3	, 0.03405	, 2937	, 3
3	, 0.03406	, 2936	, 3
3	, 0.03412	, 2931	, 3
3	, 0.03414	, 2929	, 3
3	, 0.03415	, 2928	, 3
3	, 0.03415	, 2928	, 3
3	, 0.03419	, 2925	, 3
3	, 0.03419	, 2925	, 3
3	, 0.03426	, 2919	, 3
3	, 0.03429	, 2916	, 3
3	, 0.03439	, 2908	, 3
4	, 0.03453	, 2896	, 0
4	, 0.03454	, 2895	, 0
4	, 0.03478	, 2875	, 0
4	, 0.03487	, 2868	, 0
4	, 0.03493	, 2863	, 0
4	, 0.03511	, 2848	, 0
4	, 0.03766	, 2655	, 1
4	, 0.03792	, 2637	, 1
4	, 0.03795	, 2635	, 1
4	, 0.03804	, 2629	, 1
4	, 0.04941	, 2024	, 3
5	, 0.04174	, 2396	, 3
5	, 0.05695	, 1756	, 4
5	, 0.05701	, 1754	, 4
5	, 0.05921	, 1689	, 6
5	, 0.05999	, 1667	, 3
5	, 0.06523	, 1533	, 10
5	, 0.06553	, 1526	, 6
5	, 0.06562	, 1524	, 6
5	, 0.06570	, 1522	, 6
5	, 0.06570	, 1522	, 6
5	, 0.06575	, 1521	, 6
5	, 0.06579	, 1520	, 6
5	, 0.06596	, 1516	, 6
5	, 0.06605	, 1514	, 6
5	, 0.06631	, 1508	, 6
6	, 0.04623	, 2163	, 3
6	, 0.04710	, 2123	, 1
6	, 0.04710	, 2123	, 3
6	, 0.04717	, 2120	, 1
6	, 0.04733	, 2113	, 1
6	, 0.04892	, 2044	, 1
6	, 0.05491	, 1821	, 4
6	, 0.05504	, 1817	, 4
6	, 0.05507	, 1816	, 4
6	, 0.05510	, 1815	, 4
6	, 0.05525	, 1810	, 4
6	, 0.05528	, 1809	, 4
6	, 0.05653	, 1769	, 3
6	, 0.05666	, 1765	, 3
6	, 0.05669	, 1764	, 3
6	, 0.05669	, 1764	, 3
6	, 0.05672	, 1763	, 3
6	, 0.05679	, 1761	, 3
6	, 0.05688	, 1758	, 3
6	, 0.05695	, 1756	, 3
6	, 0.05698	, 1755	, 3
6	, 0.05705	, 1753	, 3
6	, 0.06010	, 1664	, 2
6	, 0.07082	, 1412	, 11
6	, 0.07174	, 1394	, 11
6	, 0.09881	, 1012	, 17
6	, 0.09881	, 1012	, 17
6	, 0.09891	, 1011	, 17
6	, 0.09891	, 1011	, 17
6	, 0.09891	, 1011	, 17
6	, 0.09901	, 1010	, 17
6	, 0.09901	, 1010	, 17
6	, 0.09911	, 1009	, 17
6	, 0.09921	, 1008	, 17
6	, 0.09921	, 1008	, 17
6	, 0.09921	, 1008	, 17
6	, 0.09921	, 1008	, 17
6	, 0.09930	, 1007	, 17
6	, 0.09930	, 1007	, 17
7	, 0.07283	, 1373	, 10
7	, 0.08636	, 1158	, 5
7	, 0.08658	, 1155	, 5
7	, 0.10173	, 983	, 13
7	, 0.10204	, 980	, 13
7	, 0.10225	, 978	, 13
7	, 0.10235	, 977	, 13
7	, 0.11848	, 844	, 15
7	, 0.11862	, 843	, 15
7	, 0.11891	, 841	, 15
7	, 0.11891	, 841	, 15
8	, 0.07831	, 1277	, 10
8	, 0.07831	, 1277	, 10
8	, 0.07831	, 1277	, 10
8	, 0.07849	, 1274	, 10
8	, 0.07886	, 1268	, 10
8	, 0.07886	, 1268	, 10
8	, 0.07968	, 1255	, 6
8	, 0.07981	, 1253	, 6
8	, 0.07981	, 1253	, 6
8	, 0.12739	, 785	, 11
8	, 0.12755	, 784	, 14
8	, 0.20408	, 490	, 28
9	, 0.07576	, 1320	, 5
9	, 0.07587	, 1318	, 5
9	, 0.07605	, 1315	, 5
9	, 0.19685	, 508	, 20
10	, 0.10811	, 925	, 5
10	, 0.10834	, 923	, 5
10	, 0.12285	, 814	, 8
10	, 0.18416	, 543	, 17
10	, 0.24272	, 412	, 37
11	, 0.23364	, 428	, 19
11	, 0.30581	, 327	, 38
12	, 0.29940	, 334	, 40
12	, 0.30030	, 333	, 40
12	, 0.30030	, 333	, 40
13	, 0.19531	, 512	, 23
14	, 0.17730	, 564	, 11
14	, 0.32362	, 309	, 22
14	, 0.32362	, 309	, 22
14	, 0.32467	, 308	, 22
14	, 0.37453	, 267	, 43
15	, 0.54348	, 184	, 28
17	, 0.29070	, 344	, 10
17	, 0.36765	, 272	, 16
22	, 0.76336	, 131	, 25
24	, 0.73529	, 136	, 23
25	, 0.76336	, 131	, 23
25	, 0.76923	, 130	, 23
28	, 1.01010	, 99	, 29
29	, 0.78740	, 127	, 33
29	, 0.97087	, 103	, 36
29	, 1.03093	, 97	, 29
29	, 1.06383	, 94	, 29
31	, 0.31348	, 319	, 7
31	, 1.28205	, 78	, 45
31	, 1.29487	, 78	, 45
33	, 1.80357	, 56	, 41
33	, 1.80357	, 56	, 41
33	, 1.80357	, 56	, 41
34	, 1.51515	, 66	, 48
34	, 1.51515	, 66	, 48
34	, 1.51515	, 66	, 48
35	, 0.35842	, 279	, 7
35	, 0.37037	, 270	, 7
35	, 1.60317	, 63	, 49
42	, 2.34884	, 43	, 40
54	, 1.51515	, 66	, 18
54	, 3.88462	, 26	, 66
67	, 5.72222	, 18	, 78
68	, 6.05882	, 17	, 81
73	, 7.35714	, 14	, 87
73	, 7.35714	, 14	, 87
73	, 7.35714	, 14	, 87
75	, 0.86957	, 115	, 7
91	, 9.09091	, 11	, 121
91	, 9.09091	, 11	, 121
115	, 2.58974	, 39	, 19
126	, 125.00000	, 1	, 910
131	, 3.06061	, 33	, 19
131	, 3.12500	, 32	, 19
131	, 3.33333	, 30	, 19
132	, 135.00000	, 1	, 922
133	, 19.00000	, 6	, 110
176	, 28.25000	, 4	, 161
286	, 177.00000	, 1	, 896
302	, 195.00000	, 1	, 960
311	, 214.00000	, 1	, 1000
311	, 214.00000	, 1	, 1000
691	, 1479.00000	, 1	, 2322
721	, 1884.00000	, 1	, 2600
970	, 3430.00000	, 1	, 3642
1079	, 3153.00000	, 1	, 3615
1154	, 3657.00000	, 1	, 3694
1407	, 4342.00000	, 1	, 4480
1524	, 5232.00000	, 1	, 4984
1619	, 6734.00000	, 1	, 5030
