

app  = blowfish
algo = union
arch = virtex
opt  = -ise-archi-max-input=4 -ise-archi-max-output=1
gcc =   -emit-llvm
opt =  
# running opt with ISE pass: 
WARNING: no profiling information found, assuming uniform distribution
Selected architecture: P20ArchitectureVirtexFx
Default settings: 
 * CommInBusCLK: 2
 * CommOutBusCLK_: 2
 * CommInBusWidth_: 2
 * CommOutBusWidth_: 1
 * MaxCI: 7
 * MaxInput: 6
 * MaxOutput: 1
- changing value of MaxInput_: 4
Nodes	, msecs		, it	, candidate_nodes
3	, 0.04801	, 2083	, 0
3	, 0.04838	, 2067	, 0
3	, 0.11389	, 878	, 1
3	, 0.19570	, 511	, 3
5	, 0.04067	, 2459	, 0
7	, 0.38023	, 263	, 6
7	, 0.43860	, 228	, 7
7	, 0.43860	, 228	, 7
7	, 0.61350	, 163	, 12
7	, 0.61728	, 162	, 12
8	, 0.22026	, 454	, 3
8	, 0.35971	, 278	, 5
8	, 0.45249	, 221	, 7
8	, 0.45249	, 221	, 7
9	, 0.67114	, 149	, 12
9	, 0.67114	, 149	, 12
9	, 0.67114	, 149	, 12
9	, 0.67114	, 149	, 12
9	, 0.67114	, 149	, 12
9	, 0.67114	, 149	, 12
10	, 0.68966	, 145	, 11
10	, 0.68966	, 145	, 12
10	, 0.68966	, 145	, 12
10	, 0.68966	, 145	, 12
10	, 0.68966	, 145	, 12
10	, 0.68966	, 145	, 12
10	, 0.68966	, 145	, 12
11	, 0.37736	, 265	, 5
11	, 0.82645	, 121	, 14
13	, 0.90090	, 111	, 17
16	, 1.23457	, 81	, 24
16	, 1.69492	, 59	, 23
19	, 1.06383	, 94	, 16
22	, 1.17442	, 86	, 18
22	, 1.85185	, 54	, 33
25	, 2.58974	, 39	, 32
27	, 2.61538	, 39	, 51
38	, 2.34884	, 43	, 38
44	, 2.42857	, 42	, 38
47	, 2.72973	, 37	, 42
49	, 21.20000	, 5	, 252
55	, 10.00000	, 10	, 193
59	, 24.00000	, 5	, 425
64	, 4.63636	, 22	, 74
68	, 26.75000	, 4	, 428
80	, 26.75000	, 4	, 431
98	, 38.33330	, 3	, 482
108	, 33.00000	, 4	, 487
127	, 48.00000	, 3	, 431
127	, 66.50000	, 2	, 516
127	, 67.00000	, 2	, 496
673	, 807.00000	, 1	, 3068
674	, 807.00000	, 1	, 3068
