

app  = aes
algo = singlecut
arch = virtex
opt  = -ise-archi-max-input=4 -ise-archi-max-output=2
gcc =   -emit-llvm
# calculating candidates
# calculating benchmarking results
WARNING: no profiling information found, assuming uniform distribution
Selected architecture: P20ArchitectureVirtexFx
Default settings: 
 * CommInBusCLK: 2
 * CommOutBusCLK_: 2
 * CommInBusWidth_: 2
 * CommOutBusWidth_: 1
 * MaxCI: 7
 * MaxInput: 6
 * MaxOutput: 1
- changing value of MaxInput_: 4
- changing value of MaxOutput_: 2
Nodes	, msecs		, it	, candidate_nodes
1	, 0.01717	, 5825	, 0
1	, 0.01721	, 5809	, 0
1	, 0.01724	, 5802	, 0
1	, 0.01726	, 5794	, 0
3	, 0.02999	, 3335	, 1
3	, 0.03012	, 3320	, 0
3	, 0.03434	, 2912	, 3
3	, 0.03435	, 2911	, 3
3	, 0.03436	, 2910	, 3
3	, 0.03446	, 2902	, 3
3	, 0.03446	, 2902	, 3
3	, 0.03447	, 2901	, 3
3	, 0.03448	, 2900	, 3
3	, 0.03448	, 2900	, 3
3	, 0.03453	, 2896	, 3
3	, 0.03455	, 2894	, 3
3	, 0.03455	, 2894	, 3
3	, 0.03457	, 2893	, 3
4	, 0.0346861	, 2883	, 
4	, 0.0346861	, 2883	, 
4	, 0.0347102	, 2881	, 
4	, 0.0351494	, 2845	, 
4	, 0.0351741	, 2843	, 
4	, 0.0351989	, 2841	, 
4	, 0.03821	, 2617	, 1
4	, 0.03831	, 2610	, 1
4	, 0.03833	, 2609	, 1
4	, 0.03843	, 2602	, 1
4	, 0.04997	, 2001	, 3
5	, 0.04198	, 2382	, 3
5	, 0.06046	, 1654	, 3
5	, 0.06658	, 1502	, 13
5	, 0.06676	, 1498	, 6
5	, 0.06680	, 1497	, 6
5	, 0.06680	, 1497	, 6
5	, 0.06689	, 1495	, 6
5	, 0.06702	, 1492	, 6
5	, 0.06707	, 1491	, 6
5	, 0.06711	, 1490	, 6
5	, 0.06716	, 1489	, 6
5	, 0.06725	, 1487	, 6
5	, 0.06897	, 1450	, 7
5	, 0.06916	, 1446	, 13
5	, 0.06916	, 1446	, 7
6	, 0.04630	, 2160	, 3
6	, 0.04760	, 2101	, 3
6	, 0.04764	, 2099	, 1
6	, 0.04771	, 2096	, 1
6	, 0.04776	, 2094	, 1
6	, 0.04912	, 2036	, 1
6	, 0.05701	, 1754	, 3
6	, 0.05711	, 1751	, 3
6	, 0.05724	, 1747	, 3
6	, 0.05741	, 1742	, 3
6	, 0.05744	, 1741	, 3
6	, 0.05764	, 1735	, 3
6	, 0.05767	, 1734	, 3
6	, 0.05770	, 1733	, 3
6	, 0.05777	, 1731	, 3
6	, 0.05784	, 1729	, 3
6	, 0.06345	, 1576	, 10
6	, 0.06357	, 1573	, 10
6	, 0.06361	, 1572	, 10
6	, 0.06373	, 1569	, 10
6	, 0.06382	, 1567	, 10
6	, 0.06402	, 1562	, 10
6	, 0.06944	, 1440	, 3
6	, 0.0719424	, 1390	, 
6	, 0.07215	, 1386	, 12
6	, 0.10299	, 971	, 24
6	, 0.10309	, 970	, 24
6	, 0.10309	, 970	, 24
6	, 0.10320	, 969	, 24
6	, 0.10320	, 969	, 24
6	, 0.10331	, 968	, 24
6	, 0.10331	, 968	, 24
6	, 0.10352	, 966	, 24
6	, 0.10363	, 965	, 24
6	, 0.10363	, 965	, 24
6	, 0.10363	, 965	, 24
6	, 0.10373	, 964	, 24
6	, 0.10373	, 964	, 24
6	, 0.10384	, 963	, 24
7	, 0.07429	, 1346	, 13
7	, 0.12920	, 774	, 11
7	, 0.12920	, 774	, 11
7	, 0.13477	, 742	, 24
7	, 0.13514	, 740	, 24
7	, 0.13514	, 740	, 24
7	, 0.13532	, 739	, 24
7	, 0.17575	, 569	, 46
7	, 0.17637	, 567	, 46
7	, 0.17637	, 567	, 46
7	, 0.17668	, 566	, 46
8	, 0.07955	, 1257	, 13
8	, 0.07955	, 1257	, 13
8	, 0.07955	, 1257	, 13
8	, 0.07994	, 1251	, 13
8	, 0.07994	, 1251	, 13
8	, 0.08013	, 1248	, 13
8	, 0.08032	, 1245	, 7
8	, 0.08052	, 1242	, 7
8	, 0.08130	, 1230	, 7
8	, 0.19417	, 515	, 22
8	, 0.23810	, 420	, 37
8	, 0.26178	, 382	, 59
9	, 0.09174	, 1090	, 12
9	, 0.09225	, 1084	, 12
9	, 0.09276	, 1078	, 12
9	, 0.22222	, 450	, 35
10	, 0.12107	, 826	, 8
10	, 0.12136	, 824	, 8
10	, 0.19685	, 508	, 19
10	, 0.36765	, 272	, 105
10	, 0.42553	, 235	, 82
11	, 0.59880	, 167	, 125
11	, 0.84034	, 119	, 145
12	, 0.66667	, 150	, 148
12	, 0.66667	, 150	, 148
12	, 0.66667	, 150	, 148
13	, 0.48077	, 208	, 125
14	, 0.28902	, 346	, 41
14	, 1.40278	, 72	, 267
14	, 1.44928	, 69	, 205
14	, 1.44928	, 69	, 205
14	, 1.44928	, 69	, 205
15	, 2.42857	, 42	, 168
17	, 0.73529	, 136	, 44
17	, 1.00000	, 100	, 84
22	, 5.00000	, 20	, 270
24	, 3.81481	, 27	, 177
25	, 3.88462	, 26	, 177
25	, 3.92308	, 26	, 177
28	, 6.43750	, 16	, 292
29	, 5.15000	, 20	, 481
29	, 6.50000	, 16	, 292
29	, 6.66667	, 15	, 292
29	, 6.93333	, 15	, 424
31	, 0.50000	, 200	, 25
31	, 15.00000	, 7	, 990
31	, 15.00000	, 7	, 990
33	, 21.80000	, 5	, 753
33	, 21.80000	, 5	, 753
33	, 21.80000	, 5	, 753
34	, 18.50000	, 6	, 1128
34	, 18.50000	, 6	, 1128
34	, 18.50000	, 6	, 1128
35	, 0.56180	, 178	, 25
35	, 0.58823	, 170	, 25
35	, 20.20000	, 5	, 1177
42	, 26.50000	, 4	, 641
54	, 69.00000	, 2	, 2086
54	, 9.45455	, 11	, 168
67	, 128.00000	, 1	, 2886
68	, 128.00000	, 1	, 2771
73	, 179.00000	, 1	, 3616
73	, 179.00000	, 1	, 3616
73	, 179.00000	, 1	, 3616
75	, 1.65574	, 61	, 25
91	, 269	, 1	, 
91	, 270	, 1	, 
115	, 13.25000	, 8	, 187
126	, 6963.00000	, 1	, 57694
131	, 15.57140	, 7	, 187
131	, 16.00000	, 7	, 187
131	, 18.50000	, 6	, 187
132	, 7827	, 1	, 
133	, 726.00000	, 1	, 5591
176	, 1141.00000	, 1	, 11315
286	, 28982.00000	, 1	, 173100
302	, 34056.00000	, 1	, 200652
311	, 37063	, 1	, 
311	, 37419	, 1	, 
691	, 459418	, 1	, 
721	, 588805	, 1	, 
970	, 1.51017e+06	, 1	, 
1079	, 1.67467e+06	, 1	, 
1154	, 1.91203e+06	, 1	, 
1407	, 3623740.00000	, 1	, 4269660
1524	, 4.66216e+06	, 1	, 
1619	, 5.05455e+06	, 1	, 
