

app  = cjpeg
algo = union
arch = virtex
opt  = -ise-archi-max-input=4 -ise-archi-max-output=2
gcc =   -emit-llvm
opt =  
# running opt with ISE pass: 
WARNING: no profiling information found, assuming uniform distribution
Selected architecture: P20ArchitectureVirtexFx
Default settings: 
 * CommInBusCLK: 2
 * CommOutBusCLK_: 2
 * CommInBusWidth_: 2
 * CommOutBusWidth_: 1
 * MaxCI: 7
 * MaxInput: 6
 * MaxOutput: 1
- changing value of MaxInput_: 4
- changing value of MaxOutput_: 2
Nodes	, msecs		, it	, candidate_nodes
2	, 0.03754	, 2664	, 0
2	, 0.03765	, 2656	, 0
2	, 0.03765	, 2656	, 0
2	, 0.03804	, 2629	, 0
2	, 0.03807	, 2627	, 0
2	, 0.03807	, 2627	, 0
2	, 0.03808	, 2626	, 0
2	, 0.03808	, 2626	, 0
2	, 0.03808	, 2626	, 0
2	, 0.03811	, 2624	, 0
2	, 0.03812	, 2623	, 0
2	, 0.03812	, 2623	, 0
2	, 0.03812	, 2623	, 0
2	, 0.03814	, 2622	, 0
2	, 0.03814	, 2622	, 0
2	, 0.03815	, 2621	, 0
2	, 0.03817	, 2620	, 0
2	, 0.03818	, 2619	, 0
2	, 0.03818	, 2619	, 0
2	, 0.03821	, 2617	, 0
2	, 0.03821	, 2617	, 0
2	, 0.03823	, 2616	, 0
2	, 0.03823	, 2616	, 0
2	, 0.03824	, 2615	, 0
2	, 0.03828	, 2612	, 0
2	, 0.03828	, 2612	, 0
2	, 0.03830	, 2611	, 0
3	, 0.04272	, 2341	, 0
3	, 0.04794	, 2086	, 0
3	, 0.04796	, 2085	, 0
3	, 0.04861	, 2057	, 0
3	, 0.04864	, 2056	, 0
3	, 0.04871	, 2053	, 0
3	, 0.04871	, 2053	, 0
3	, 0.04876	, 2051	, 0
3	, 0.04878	, 2050	, 0
3	, 0.04897	, 2042	, 0
3	, 0.04904	, 2039	, 0
3	, 0.10787	, 927	, 1
3	, 0.11364	, 880	, 1
3	, 0.11377	, 879	, 1
3	, 0.11389	, 878	, 1
3	, 0.11389	, 878	, 1
3	, 0.11389	, 878	, 1
3	, 0.11416	, 876	, 1
3	, 0.11429	, 875	, 1
3	, 0.19608	, 510	, 3
3	, 0.19608	, 510	, 3
3	, 0.19608	, 510	, 3
3	, 0.19608	, 510	, 3
3	, 0.19608	, 510	, 3
3	, 0.19646	, 509	, 3
4	, 0.06064	, 1649	, 0
4	, 0.12077	, 828	, 1
4	, 0.12422	, 805	, 1
4	, 0.12903	, 775	, 1
4	, 0.12953	, 772	, 1
4	, 0.12970	, 771	, 1
4	, 0.13004	, 769	, 1
4	, 0.21053	, 475	, 3
4	, 0.21097	, 474	, 3
4	, 0.21186	, 472	, 3
5	, 0.21552	, 464	, 3
5	, 0.22173	, 451	, 3
5	, 0.23474	, 426	, 3
5	, 0.38314	, 261	, 6
5	, 0.38314	, 261	, 6
5	, 0.38461	, 260	, 6
5	, 0.38461	, 260	, 6
5	, 0.38461	, 260	, 6
5	, 0.38461	, 260	, 6
5	, 0.38461	, 260	, 6
5	, 0.38461	, 260	, 6
6	, 0.14245	, 702	, 1
6	, 0.15480	, 646	, 1
6	, 0.23202	, 431	, 3
6	, 0.23256	, 430	, 3
6	, 0.23256	, 430	, 3
6	, 0.23364	, 428	, 3
6	, 0.29498	, 339	, 4
7	, 0.31847	, 314	, 4
7	, 0.36900	, 271	, 5
7	, 0.36900	, 271	, 5
7	, 0.36900	, 271	, 5
7	, 0.36900	, 271	, 5
7	, 0.36900	, 271	, 5
7	, 0.36900	, 271	, 5
7	, 0.36900	, 271	, 5
7	, 0.36900	, 271	, 5
7	, 0.37037	, 270	, 5
7	, 0.37037	, 270	, 5
7	, 0.37037	, 270	, 5
7	, 0.37037	, 270	, 5
7	, 0.37037	, 270	, 5
7	, 0.37037	, 270	, 5
7	, 0.37037	, 270	, 5
7	, 0.37037	, 270	, 5
7	, 0.37037	, 270	, 5
7	, 0.37037	, 270	, 5
7	, 0.37175	, 269	, 5
7	, 0.62112	, 161	, 12
8	, 0.25381	, 394	, 3
8	, 0.38314	, 261	, 5
8	, 0.38461	, 260	, 5
8	, 0.47619	, 210	, 7
8	, 0.47847	, 209	, 7
9	, 0.17986	, 556	, 1
9	, 0.18248	, 548	, 1
9	, 0.18282	, 547	, 1
9	, 0.25773	, 388	, 3
9	, 0.40000	, 250	, 5
9	, 0.55249	, 181	, 8
9	, 0.57471	, 174	, 9
10	, 0.13967	, 716	, 1
10	, 0.22936	, 436	, 3
10	, 0.25189	, 397	, 2
10	, 0.37594	, 266	, 4
10	, 0.41494	, 241	, 5
10	, 0.41494	, 241	, 5
10	, 0.47619	, 210	, 6
10	, 0.57143	, 175	, 9
10	, 0.57471	, 174	, 9
10	, 1.06383	, 94	, 23
11	, 0.42553	, 235	, 5
11	, 0.42553	, 235	, 5
14	, 0.23474	, 426	, 1
15	, 0.52083	, 192	, 7
15	, 0.88496	, 113	, 14
15	, 0.88496	, 113	, 14
15	, 0.88496	, 113	, 14
34	, 1.78571	, 56	, 27
42	, 2.75676	, 37	, 43
48	, 4.12000	, 25	, 70
137	, 9.36364	, 11	, 84
