

app  = cjpeg
algo = singlecut
arch = virtex
opt  = -ise-archi-max-input=8 -ise-archi-max-output=2
gcc =   -emit-llvm
opt =  
# running opt with ISE pass: 
WARNING: no profiling information found, assuming uniform distribution
Selected architecture: P20ArchitectureVirtexFx
Default settings: 
 * CommInBusCLK: 2
 * CommOutBusCLK_: 2
 * CommInBusWidth_: 2
 * CommOutBusWidth_: 1
 * MaxCI: 7
 * MaxInput: 6
 * MaxOutput: 1
- changing value of MaxInput_: 8
- changing value of MaxOutput_: 2
Nodes	, msecs		, it	, candidate_nodes
2	, 0.02399	, 4169	, 0
2	, 0.02410	, 4149	, 0
2	, 0.02415	, 4140	, 0
2	, 0.02437	, 4103	, 0
2	, 0.02440	, 4099	, 0
2	, 0.02440	, 4098	, 0
2	, 0.02440	, 4098	, 0
2	, 0.02442	, 4095	, 0
2	, 0.02442	, 4095	, 0
2	, 0.02443	, 4094	, 0
2	, 0.02445	, 4090	, 0
2	, 0.02445	, 4090	, 0
2	, 0.02445	, 4090	, 0
2	, 0.02445	, 4090	, 0
2	, 0.02446	, 4089	, 0
2	, 0.02447	, 4086	, 0
2	, 0.02449	, 4084	, 0
2	, 0.02453	, 4076	, 0
2	, 0.02458	, 4069	, 0
2	, 0.02458	, 4068	, 0
2	, 0.02461	, 4063	, 0
2	, 0.02463	, 4060	, 0
2	, 0.02465	, 4057	, 0
2	, 0.02470	, 4048	, 0
2	, 0.02472	, 4045	, 0
2	, 0.02472	, 4045	, 0
2	, 0.02473	, 4044	, 0
3	, 0.02805	, 3565	, 0
3	, 0.02896	, 3453	, 0
3	, 0.02897	, 3452	, 0
3	, 0.02952	, 3387	, 0
3	, 0.02952	, 3387	, 0
3	, 0.02957	, 3382	, 0
3	, 0.02965	, 3373	, 0
3	, 0.02967	, 3370	, 0
3	, 0.02971	, 3366	, 0
3	, 0.02990	, 3345	, 0
3	, 0.02991	, 3343	, 0
3	, 0.03083	, 3244	, 1
3	, 0.03091	, 3235	, 1
3	, 0.03099	, 3227	, 1
3	, 0.03102	, 3224	, 1
3	, 0.03108	, 3218	, 1
3	, 0.03108	, 3217	, 1
3	, 0.03108	, 3217	, 1
3	, 0.03348	, 2987	, 3
3	, 0.03357	, 2979	, 3
3	, 0.03359	, 2977	, 3
3	, 0.03380	, 2959	, 3
3	, 0.03381	, 2958	, 3
3	, 0.03382	, 2957	, 1
3	, 0.03385	, 2954	, 3
4	, 0.03341	, 2993	, 0
4	, 0.03416	, 2927	, 1
4	, 0.03774	, 2650	, 1
4	, 0.03778	, 2647	, 1
4	, 0.03779	, 2646	, 1
4	, 0.03786	, 2641	, 1
4	, 0.03987	, 2508	, 3
4	, 0.04006	, 2496	, 3
4	, 0.04037	, 2477	, 3
4	, 0.04000	, 2500	, 1
5	, 0.04423	, 2261	, 3
5	, 0.04664	, 2144	, 3
5	, 0.04771	, 2096	, 3
5	, 0.06523	, 1533	, 6
5	, 0.06527	, 1532	, 6
5	, 0.06536	, 1530	, 6
5	, 0.06536	, 1530	, 6
5	, 0.06540	, 1529	, 6
5	, 0.06545	, 1528	, 6
5	, 0.06549	, 1527	, 6
5	, 0.06562	, 1524	, 6
6	, 0.04429	, 2258	, 1
6	, 0.04907	, 2038	, 1
6	, 0.05397	, 1853	, 3
6	, 0.05402	, 1851	, 3
6	, 0.05414	, 1847	, 3
6	, 0.05450	, 1835	, 3
6	, 0.05618	, 1780	, 5
7	, 0.06821	, 1466	, 8
7	, 0.06821	, 1466	, 8
7	, 0.06826	, 1465	, 8
7	, 0.06826	, 1465	, 8
7	, 0.06826	, 1465	, 8
7	, 0.06831	, 1464	, 8
7	, 0.06835	, 1463	, 8
7	, 0.06840	, 1462	, 8
7	, 0.06845	, 1461	, 8
7	, 0.06845	, 1461	, 8
7	, 0.06849	, 1460	, 8
7	, 0.06849	, 1460	, 8
7	, 0.06849	, 1460	, 8
7	, 0.06854	, 1459	, 8
7	, 0.06854	, 1459	, 8
7	, 0.06868	, 1456	, 8
7	, 0.06873	, 1455	, 8
7	, 0.06873	, 1455	, 8
7	, 0.06882	, 1453	, 8
7	, 0.07435	, 1345	, 7
7	, 0.16000	, 625	, 50
8	, 0.06729	, 1486	, 3
8	, 0.07485	, 1336	, 8
8	, 0.07519	, 1330	, 8
8	, 0.10953	, 913	, 11
8	, 0.11013	, 908	, 11
9	, 0.05688	, 1758	, 1
9	, 0.05747	, 1740	, 1
9	, 0.06024	, 1660	, 1
9	, 0.06039	, 1656	, 3
9	, 0.09970	, 1003	, 10
9	, 0.10650	, 939	, 20
9	, 0.13699	, 730	, 22
10	, 0.05764	, 1735	, 1
10	, 0.05784	, 1729	, 3
10	, 0.06752	, 1481	, 3
10	, 0.11198	, 893	, 10
10	, 0.11338	, 882	, 10
10	, 0.11403	, 877	, 10
10	, 0.11905	, 840	, 14
10	, 0.13106	, 763	, 28
10	, 0.24691	, 405	, 36
10	, 0.34247	, 292	, 93
11	, 0.12739	, 785	, 10
11	, 0.12755	, 784	, 10
14	, 0.08865	, 1128	, 1
15	, 0.27855	, 359	, 14
15	, 0.41841	, 239	, 77
15	, 0.42017	, 238	, 77
15	, 0.42017	, 238	, 77
34	, 3.40000	, 30	, 314
42	, 11.88890	, 9	, 858
48	, 41.00000	, 3	, 2339
137	, 197.00000	, 1	, 3570
