

app  = blowfish
algo = union
arch = virtex
opt  = -ise-archi-max-input=8 -ise-archi-max-output=2
gcc =   -emit-llvm
# calculating candidates
# calculating benchmarking results
WARNING: no profiling information found, assuming uniform distribution
Selected architecture: P20ArchitectureVirtexFx
Default settings: 
 * CommInBusCLK: 2
 * CommOutBusCLK_: 2
 * CommInBusWidth_: 2
 * CommOutBusWidth_: 1
 * MaxCI: 7
 * MaxInput: 6
 * MaxOutput: 1
- changing value of MaxInput_: 8
- changing value of MaxOutput_: 2
Nodes	, msecs		, it	, candidate_nodes
3	, 0.04776	, 2094	, 0
3	, 0.04794	, 2086	, 0
3	, 0.11389	, 878	, 1
3	, 0.19646	, 509	, 3
5	, 0.04040	, 2475	, 0
7	, 0.38023	, 263	, 6
7	, 0.43860	, 228	, 7
7	, 0.44053	, 227	, 7
7	, 0.61350	, 163	, 12
7	, 0.62112	, 161	, 12
8	, 0.22222	, 450	, 3
8	, 0.35842	, 279	, 5
8	, 0.45045	, 222	, 7
8	, 0.45454	, 220	, 7
9	, 0.67114	, 149	, 12
9	, 0.67114	, 149	, 12
9	, 0.67114	, 149	, 12
9	, 0.67114	, 149	, 12
9	, 0.67568	, 148	, 12
9	, 0.67568	, 148	, 12
10	, 0.68966	, 145	, 11
10	, 0.68966	, 145	, 12
10	, 0.68966	, 145	, 12
10	, 0.68966	, 145	, 12
10	, 0.68966	, 145	, 12
10	, 0.68966	, 145	, 12
10	, 0.68966	, 145	, 12
11	, 0.37879	, 264	, 5
11	, 0.81967	, 122	, 14
13	, 0.90090	, 111	, 17
16	, 1.25000	, 80	, 24
16	, 2.19565	, 46	, 47
19	, 1.09890	, 91	, 18
22	, 1.19048	, 84	, 20
22	, 1.85185	, 54	, 33
25	, 9.54545	, 11	, 145
27	, 2.80556	, 36	, 61
38	, 2.37209	, 43	, 38
44	, 2.42857	, 42	, 38
47	, 2.72973	, 37	, 42
49	, 103.00000	, 1	, 672
55	, 12.33330	, 9	, 247
59	, 45.33330	, 3	, 909
64	, 4.68182	, 22	, 74
68	, 51.50000	, 2	, 908
80	, 52.00000	, 2	, 911
98	, 72.50000	, 2	, 1074
108	, 64.00000	, 2	, 1015
127	, 37371.00000	, 1	, 1624
127	, 37506.00000	, 1	, 1114
127	, 7178.00000	, 1	, 991
673	, 5593.00000	, 1	, 15545
674	, 5593.00000	, 1	, 15545
