

app  = cjpeg
algo = union
arch = virtex
opt  = -ise-archi-max-input=8 -ise-archi-max-output=2
gcc =   -emit-llvm
opt =  
# running opt with ISE pass: 
WARNING: no profiling information found, assuming uniform distribution
Selected architecture: P20ArchitectureVirtexFx
Default settings: 
 * CommInBusCLK: 2
 * CommOutBusCLK_: 2
 * CommInBusWidth_: 2
 * CommOutBusWidth_: 1
 * MaxCI: 7
 * MaxInput: 6
 * MaxOutput: 1
- changing value of MaxInput_: 8
- changing value of MaxOutput_: 2
Nodes	, msecs		, it	, candidate_nodes
2	, 0.03807	, 2627	, 0
2	, 0.03815	, 2621	, 0
2	, 0.03830	, 2611	, 0
2	, 0.03861	, 2590	, 0
2	, 0.03862	, 2589	, 0
2	, 0.03864	, 2588	, 0
2	, 0.03864	, 2588	, 0
2	, 0.03864	, 2588	, 0
2	, 0.03865	, 2587	, 0
2	, 0.03865	, 2587	, 0
2	, 0.03867	, 2586	, 0
2	, 0.03868	, 2585	, 0
2	, 0.03870	, 2584	, 0
2	, 0.03870	, 2584	, 0
2	, 0.03871	, 2583	, 0
2	, 0.03874	, 2581	, 0
2	, 0.03874	, 2581	, 0
2	, 0.03874	, 2581	, 0
2	, 0.03876	, 2580	, 0
2	, 0.03877	, 2579	, 0
2	, 0.03877	, 2579	, 0
2	, 0.03877	, 2579	, 0
2	, 0.03879	, 2578	, 0
2	, 0.03880	, 2577	, 0
2	, 0.03880	, 2577	, 0
2	, 0.03882	, 2576	, 0
2	, 0.03891	, 2570	, 0
3	, 0.04333	, 2308	, 0
3	, 0.04850	, 2062	, 0
3	, 0.04859	, 2058	, 0
3	, 0.04907	, 2038	, 0
3	, 0.04909	, 2037	, 0
3	, 0.04916	, 2034	, 0
3	, 0.04919	, 2033	, 0
3	, 0.04926	, 2030	, 0
3	, 0.04929	, 2029	, 0
3	, 0.04933	, 2027	, 0
3	, 0.04936	, 2026	, 0
3	, 0.10718	, 933	, 1
3	, 0.11377	, 879	, 1
3	, 0.11416	, 876	, 1
3	, 0.11416	, 876	, 1
3	, 0.11416	, 876	, 1
3	, 0.11429	, 875	, 1
3	, 0.11429	, 875	, 1
3	, 0.11442	, 874	, 1
3	, 0.19493	, 513	, 3
3	, 0.19531	, 512	, 3
3	, 0.19531	, 512	, 3
3	, 0.19531	, 512	, 3
3	, 0.19531	, 512	, 3
3	, 0.19570	, 511	, 3
4	, 0.06109	, 1637	, 0
4	, 0.12107	, 826	, 1
4	, 0.12407	, 806	, 1
4	, 0.12903	, 775	, 1
4	, 0.12903	, 775	, 1
4	, 0.12937	, 773	, 1
4	, 0.12953	, 772	, 1
4	, 0.21008	, 476	, 3
4	, 0.21053	, 475	, 3
4	, 0.21053	, 475	, 3
5	, 0.21552	, 464	, 3
5	, 0.22173	, 451	, 3
5	, 0.23474	, 426	, 3
5	, 0.38168	, 262	, 6
5	, 0.38314	, 261	, 6
5	, 0.38314	, 261	, 6
5	, 0.38314	, 261	, 6
5	, 0.38314	, 261	, 6
5	, 0.38314	, 261	, 6
5	, 0.38461	, 260	, 6
5	, 0.38461	, 260	, 6
6	, 0.14286	, 700	, 1
6	, 0.15456	, 647	, 1
6	, 0.23310	, 429	, 3
6	, 0.23310	, 429	, 3
6	, 0.23310	, 429	, 3
6	, 0.23310	, 429	, 3
6	, 0.29586	, 338	, 4
7	, 0.31746	, 315	, 4
7	, 0.36900	, 271	, 5
7	, 0.36900	, 271	, 5
7	, 0.36900	, 271	, 5
7	, 0.36900	, 271	, 5
7	, 0.36900	, 271	, 5
7	, 0.36900	, 271	, 5
7	, 0.36900	, 271	, 5
7	, 0.36900	, 271	, 5
7	, 0.36900	, 271	, 5
7	, 0.36900	, 271	, 5
7	, 0.36900	, 271	, 5
7	, 0.37037	, 270	, 5
7	, 0.37037	, 270	, 5
7	, 0.37037	, 270	, 5
7	, 0.37037	, 270	, 5
7	, 0.37037	, 270	, 5
7	, 0.37037	, 270	, 5
7	, 0.37037	, 270	, 5
7	, 0.37037	, 270	, 5
7	, 0.61728	, 162	, 12
8	, 0.25316	, 395	, 3
8	, 0.38314	, 261	, 5
8	, 0.38314	, 261	, 5
8	, 0.47619	, 210	, 7
8	, 0.47847	, 209	, 7
9	, 0.18018	, 555	, 1
9	, 0.18248	, 548	, 1
9	, 0.18282	, 547	, 1
9	, 0.25707	, 389	, 3
9	, 0.40000	, 250	, 5
9	, 0.54945	, 182	, 8
9	, 0.57143	, 175	, 9
10	, 0.14045	, 712	, 1
10	, 0.22883	, 437	, 3
10	, 0.25381	, 394	, 2
10	, 0.37736	, 265	, 4
10	, 0.41494	, 241	, 5
10	, 0.41494	, 241	, 5
10	, 0.47619	, 210	, 6
10	, 0.56818	, 176	, 9
10	, 0.57143	, 175	, 9
10	, 1.06316	, 95	, 23
11	, 0.42553	, 235	, 5
11	, 0.42553	, 235	, 5
14	, 0.23697	, 422	, 1
15	, 0.52083	, 192	, 7
15	, 0.88496	, 113	, 14
15	, 0.88496	, 113	, 14
15	, 0.88496	, 113	, 14
34	, 1.78571	, 56	, 27
42	, 2.75676	, 37	, 43
48	, 4.08000	, 25	, 70
137	, 9.45455	, 11	, 84
