

app  = blowfish
algo = maxmiso
arch = virtex
opt  = -ise-archi-max-input=8 -ise-archi-max-output=2
gcc =   -emit-llvm
# calculating candidates
# calculating benchmarking results
WARNING: no profiling information found, assuming uniform distribution
Selected architecture: P20ArchitectureVirtexFx
Default settings: 
 * CommInBusCLK: 2
 * CommOutBusCLK_: 2
 * CommInBusWidth_: 2
 * CommOutBusWidth_: 1
 * MaxCI: 7
 * MaxInput: 6
 * MaxOutput: 1
- changing value of MaxInput_: 8
- changing value of MaxOutput_: 2
Nodes	, msecs		, it	, candidate_nodes
3	, 0.02225	, 4495	, 0
3	, 0.02230	, 4484	, 0
3	, 0.02404	, 4159	, 0
3	, 0.02424	, 4126	, 1
5	, 0.02634	, 3797	, 0
7	, 0.03731	, 2680	, 2
7	, 0.03759	, 2660	, 2
7	, 0.03797	, 2634	, 2
7	, 0.03807	, 2627	, 1
7	, 0.03810	, 2625	, 1
8	, 0.03774	, 2650	, 1
8	, 0.04005	, 2497	, 3
8	, 0.04052	, 2468	, 1
8	, 0.04057	, 2465	, 1
9	, 0.04314	, 2318	, 2
9	, 0.04320	, 2315	, 2
9	, 0.04320	, 2315	, 2
9	, 0.04323	, 2313	, 2
9	, 0.04323	, 2313	, 2
9	, 0.04361	, 2293	, 2
10	, 0.04593	, 2177	, 2
10	, 0.04606	, 2171	, 2
10	, 0.04630	, 2160	, 2
10	, 0.04632	, 2159	, 2
10	, 0.04634	, 2158	, 2
10	, 0.04636	, 2157	, 2
10	, 0.04892	, 2044	, 2
11	, 0.04829	, 2071	, 3
11	, 0.05038	, 1985	, 2
13	, 0.05653	, 1769	, 3
16	, 0.06766	, 1478	, 3
16	, 0.06803	, 1470	, 5
19	, 0.07645	, 1308	, 4
22	, 0.08460	, 1182	, 4
22	, 0.08857	, 1129	, 9
25	, 0.09425	, 1061	, 5
27	, 0.09785	, 1022	, 4
38	, 0.13055	, 766	, 6
44	, 0.15221	, 657	, 6
47	, 0.15552	, 643	, 7
49	, 0.16502	, 606	, 8
55	, 0.18382	, 544	, 5
59	, 0.19417	, 515	, 13
64	, 0.21053	, 475	, 15
68	, 0.21882	, 457	, 11
80	, 0.25445	, 393	, 8
98	, 0.31250	, 320	, 22
108	, 0.33898	, 295	, 25
127	, 0.40816	, 245	, 34
127	, 0.42017	, 238	, 21
127	, 0.42373	, 236	, 22
673	, 2.06122	, 49	, 92
674	, 2.08333	, 48	, 92
