

app  = aes
algo = union
arch = virtex
opt  = -ise-archi-max-input=8 -ise-archi-max-output=1
gcc =   -emit-llvm
# calculating candidates
# calculating benchmarking results
WARNING: no profiling information found, assuming uniform distribution
Selected architecture: P20ArchitectureVirtexFx
Default settings: 
 * CommInBusCLK: 2
 * CommOutBusCLK_: 2
 * CommInBusWidth_: 2
 * CommOutBusWidth_: 1
 * MaxCI: 7
 * MaxInput: 6
 * MaxOutput: 1
- changing value of MaxInput_: 8
Nodes	, msecs		, it	, candidate_nodes
1	, 0.02008	, 4979	, 0
1	, 0.02019	, 4954	, 0
1	, 0.02026	, 4936	, 0
1	, 0.02028	, 4930	, 0
3	, 0.04826	, 2072	, 0
3	, 0.11351	, 881	, 1
3	, 0.19493	, 513	, 3
3	, 0.19531	, 512	, 3
3	, 0.19531	, 512	, 3
3	, 0.19531	, 512	, 3
3	, 0.19570	, 511	, 3
3	, 0.19570	, 511	, 3
3	, 0.19570	, 511	, 3
3	, 0.19570	, 511	, 3
3	, 0.19570	, 511	, 3
3	, 0.19608	, 510	, 3
3	, 0.19608	, 510	, 3
3	, 0.19608	, 510	, 3
4	, 0.05794	, 1726	, 0
4	, 0.05811	, 1721	, 0
4	, 0.05817	, 1719	, 0
4	, 0.05848	, 1710	, 0
4	, 0.11779	, 849	, 0
4	, 0.12739	, 785	, 1
4	, 0.12755	, 784	, 1
4	, 0.12755	, 784	, 1
4	, 0.12755	, 784	, 1
4	, 0.20921	, 478	, 3
4	, 81.00000	, 1	, 0
5	, 0.20534	, 487	, 3
5	, 0.21882	, 457	, 3
5	, 0.27397	, 365	, 4
5	, 0.27472	, 364	, 4
5	, 0.33333	, 300	, 6
5	, 0.33445	, 299	, 6
5	, 0.33445	, 299	, 6
5	, 0.33445	, 299	, 6
5	, 0.33445	, 299	, 6
5	, 0.33445	, 299	, 6
5	, 0.33557	, 298	, 6
5	, 0.33557	, 298	, 6
5	, 0.33557	, 298	, 6
5	, 0.47619	, 210	, 10
5	, 0.47847	, 209	, 6
6	, 0.12063	, 829	, 1
6	, 0.12092	, 827	, 1
6	, 0.12107	, 826	, 1
6	, 0.12136	, 824	, 1
6	, 0.18727	, 534	, 2
6	, 0.21053	, 475	, 3
6	, 0.21186	, 472	, 3
6	, 0.23256	, 430	, 3
6	, 0.23256	, 430	, 3
6	, 0.23256	, 430	, 3
6	, 0.23256	, 430	, 3
6	, 0.23310	, 429	, 3
6	, 0.23364	, 428	, 3
6	, 0.23364	, 428	, 3
6	, 0.23364	, 428	, 3
6	, 0.23419	, 427	, 3
6	, 0.23419	, 427	, 3
6	, 0.33223	, 301	, 4
6	, 0.33223	, 301	, 4
6	, 0.33223	, 301	, 4
6	, 0.33223	, 301	, 4
6	, 0.33223	, 301	, 4
6	, 0.33333	, 300	, 4
6	, 0.53763	, 186	, 11
6	, 0.54054	, 185	, 11
6	, 0.71942	, 139	, 17
6	, 0.71942	, 139	, 17
6	, 0.71942	, 139	, 17
6	, 0.71942	, 139	, 17
6	, 0.71942	, 139	, 17
6	, 0.71942	, 139	, 17
6	, 0.71942	, 139	, 17
6	, 0.71942	, 139	, 17
6	, 0.71942	, 139	, 17
6	, 0.72464	, 138	, 17
6	, 0.72464	, 138	, 17
6	, 0.72464	, 138	, 17
6	, 0.72464	, 138	, 17
6	, 0.72464	, 138	, 17
7	, 0.42918	, 233	, 5
7	, 0.42918	, 233	, 5
7	, 0.48780	, 205	, 10
7	, 0.64516	, 155	, 13
7	, 0.64516	, 155	, 13
7	, 0.64516	, 155	, 13
7	, 0.64516	, 155	, 13
7	, 0.66667	, 150	, 15
7	, 0.67114	, 149	, 15
7	, 0.67114	, 149	, 15
7	, 0.67568	, 148	, 15
8	, 0.34722	, 288	, 6
8	, 0.34722	, 288	, 6
8	, 0.34843	, 287	, 6
8	, 0.49261	, 203	, 10
8	, 0.49261	, 203	, 10
8	, 0.49505	, 202	, 10
8	, 0.49505	, 202	, 10
8	, 0.49505	, 202	, 10
8	, 0.49751	, 201	, 10
8	, 0.56818	, 176	, 11
8	, 0.78740	, 127	, 14
8	, 1.12360	, 89	, 28
9	, 0.38314	, 261	, 5
9	, 0.38314	, 261	, 5
9	, 0.38461	, 260	, 5
9	, 1.04167	, 96	, 25
10	, 0.41494	, 241	, 5
10	, 0.41494	, 241	, 5
10	, 0.49751	, 201	, 8
10	, 1.58730	, 63	, 38
10	, 1.98039	, 51	, 17
11	, 0.99010	, 101	, 19
11	, 2.50000	, 40	, 39
12	, 1.75439	, 57	, 41
12	, 1.77193	, 57	, 41
12	, 1.77193	, 57	, 41
13	, 1.04124	, 97	, 23
14	, 0.74074	, 135	, 11
14	, 1.17442	, 86	, 22
14	, 1.17442	, 86	, 22
14	, 1.17647	, 85	, 22
14	, 1.92308	, 52	, 44
15	, 2.46341	, 41	, 28
17	, 0.86957	, 115	, 10
17	, 1.05263	, 95	, 16
22	, 3.77778	, 27	, 25
24	, 3.29032	, 31	, 23
25	, 3.32258	, 31	, 23
25	, 3.32258	, 31	, 23
28	, 4.16667	, 24	, 29
29	, 2.77778	, 36	, 33
29	, 4.16667	, 24	, 29
29	, 4.16667	, 24	, 29
29	, 5.88235	, 17	, 36
31	, 0.78740	, 127	, 7
31	, 2.63158	, 38	, 45
31	, 2.63158	, 38	, 45
33	, 8.00000	, 13	, 41
33	, 8.00000	, 13	, 41
33	, 8.00000	, 13	, 41
34	, 2.91429	, 35	, 48
34	, 2.91429	, 35	, 48
34	, 2.91429	, 35	, 48
35	, 0.86957	, 115	, 7
35	, 0.89286	, 112	, 7
35	, 3.25806	, 31	, 49
42	, 2.56410	, 39	, 40
54	, 1.88679	, 53	, 18
54	, 3605.00000	, 1	, 66
67	, 5.05000	, 20	, 78
68	, 37.00000	, 3	, 81
73	, 9140.00000	, 1	, 87
73	, 9142.00000	, 1	, 87
73	, 9160.00000	, 1	, 87
75	, 1.29870	, 77	, 7
91	, 8.91667	, 12	, 121
91	, 9.18182	, 11	, 121
115	, 3.03030	, 33	, 19
126	, 172.00000	, 1	, 2886
131	, 3.29032	, 31	, 19
131	, 3.36667	, 30	, 19
131	, 3.44828	, 29	, 19
132	, 188.00000	, 1	, 2898
133	, 9.00000	, 12	, 110
176	, 73238.00000	, 1	, 161
286	, 123.00000	, 1	, 1016
302	, 132.00000	, 1	, 1080
311	, 135.00000	, 1	, 1128
311	, 135.00000	, 1	, 1128
691	, 20944.00000	, 1	, 3234
721	, 92731.00000	, 1	, 3956
970	, 78474.00000	, 1	, 5550
1079	, 1058660.00000	, 1	, 4677
1154	, 17402500.00000	, 1	, 5018
1407	, 2669.00000	, 1	, 5080
1524	, 2962.00000	, 1	, 5623
1619	, 717789.00000	, 1	, 6677
