

app  = cjpeg
algo = union
arch = virtex
opt  = -ise-archi-max-input=8 -ise-archi-max-output=1
gcc =   -emit-llvm
opt =  
# running opt with ISE pass: 
WARNING: no profiling information found, assuming uniform distribution
Selected architecture: P20ArchitectureVirtexFx
Default settings: 
 * CommInBusCLK: 2
 * CommOutBusCLK_: 2
 * CommInBusWidth_: 2
 * CommOutBusWidth_: 1
 * MaxCI: 7
 * MaxInput: 6
 * MaxOutput: 1
- changing value of MaxInput_: 8
Nodes	, msecs		, it	, candidate_nodes
2	, 0.03801	, 2631	, 0
2	, 0.03818	, 2619	, 0
2	, 0.03821	, 2617	, 0
2	, 0.03849	, 2598	, 0
2	, 0.03857	, 2593	, 0
2	, 0.03858	, 2592	, 0
2	, 0.03858	, 2592	, 0
2	, 0.03860	, 2591	, 0
2	, 0.03860	, 2591	, 0
2	, 0.03861	, 2590	, 0
2	, 0.03862	, 2589	, 0
2	, 0.03864	, 2588	, 0
2	, 0.03867	, 2586	, 0
2	, 0.03868	, 2585	, 0
2	, 0.03868	, 2585	, 0
2	, 0.03870	, 2584	, 0
2	, 0.03871	, 2583	, 0
2	, 0.03873	, 2582	, 0
2	, 0.03873	, 2582	, 0
2	, 0.03874	, 2581	, 0
2	, 0.03874	, 2581	, 0
2	, 0.03877	, 2579	, 0
2	, 0.03877	, 2579	, 0
2	, 0.03877	, 2579	, 0
2	, 0.03882	, 2576	, 0
2	, 0.03884	, 2575	, 0
2	, 0.03887	, 2573	, 0
3	, 0.04352	, 2298	, 0
3	, 0.04812	, 2078	, 0
3	, 0.04817	, 2076	, 0
3	, 0.04890	, 2045	, 0
3	, 0.04892	, 2044	, 0
3	, 0.04895	, 2043	, 0
3	, 0.04902	, 2040	, 0
3	, 0.04907	, 2038	, 0
3	, 0.04914	, 2035	, 0
3	, 0.04919	, 2033	, 0
3	, 0.04924	, 2031	, 0
3	, 0.10718	, 933	, 1
3	, 0.11389	, 878	, 1
3	, 0.11403	, 877	, 1
3	, 0.11403	, 877	, 1
3	, 0.11416	, 876	, 1
3	, 0.11416	, 876	, 1
3	, 0.11429	, 875	, 1
3	, 0.11442	, 874	, 1
3	, 0.19531	, 512	, 3
3	, 0.19531	, 512	, 3
3	, 0.19531	, 512	, 3
3	, 0.19531	, 512	, 3
3	, 0.19570	, 511	, 3
3	, 0.19570	, 511	, 3
4	, 0.06086	, 1643	, 0
4	, 0.12151	, 823	, 1
4	, 0.12438	, 804	, 1
4	, 0.12887	, 776	, 1
4	, 0.12903	, 775	, 1
4	, 0.12920	, 774	, 1
4	, 0.12920	, 774	, 1
4	, 0.21053	, 475	, 3
4	, 0.21053	, 475	, 3
4	, 0.21097	, 474	, 3
5	, 0.21645	, 462	, 3
5	, 0.22222	, 450	, 3
5	, 0.23474	, 426	, 3
5	, 0.35336	, 283	, 4
5	, 0.35336	, 283	, 4
5	, 0.35336	, 283	, 4
5	, 0.35336	, 283	, 4
5	, 0.35336	, 283	, 4
5	, 0.35336	, 283	, 4
5	, 0.35336	, 283	, 4
5	, 0.35336	, 283	, 4
6	, 0.14306	, 699	, 1
6	, 0.15528	, 644	, 1
6	, 0.23256	, 430	, 3
6	, 0.23256	, 430	, 3
6	, 0.23256	, 430	, 3
6	, 0.23364	, 428	, 3
6	, 0.29586	, 338	, 4
7	, 0.31949	, 313	, 4
7	, 0.36900	, 271	, 5
7	, 0.37037	, 270	, 5
7	, 0.37037	, 270	, 5
7	, 0.37037	, 270	, 5
7	, 0.37037	, 270	, 5
7	, 0.37037	, 270	, 5
7	, 0.37037	, 270	, 5
7	, 0.37037	, 270	, 5
7	, 0.37037	, 270	, 5
7	, 0.37037	, 270	, 5
7	, 0.37037	, 270	, 5
7	, 0.37037	, 270	, 5
7	, 0.37037	, 270	, 5
7	, 0.37037	, 270	, 5
7	, 0.37037	, 270	, 5
7	, 0.37037	, 270	, 5
7	, 0.37175	, 269	, 5
7	, 0.37175	, 269	, 5
7	, 0.37175	, 269	, 5
7	, 0.61728	, 162	, 12
8	, 0.25316	, 395	, 3
8	, 0.38314	, 261	, 5
8	, 0.38461	, 260	, 5
8	, 0.44643	, 224	, 5
8	, 0.44843	, 223	, 5
9	, 0.18018	, 555	, 1
9	, 0.18315	, 546	, 1
9	, 0.18349	, 545	, 1
9	, 0.25641	, 390	, 3
9	, 0.40161	, 249	, 5
9	, 0.55249	, 181	, 8
9	, 0.57143	, 175	, 9
10	, 0.13967	, 716	, 1
10	, 0.22883	, 437	, 3
10	, 0.25316	, 395	, 2
10	, 0.37736	, 265	, 4
10	, 0.41494	, 241	, 5
10	, 0.41667	, 240	, 5
10	, 0.47619	, 210	, 6
10	, 0.57143	, 175	, 9
10	, 0.57143	, 175	, 9
10	, 1.06383	, 94	, 23
11	, 0.42553	, 235	, 5
11	, 0.42553	, 235	, 5
14	, 0.23753	, 421	, 1
15	, 0.52083	, 192	, 7
15	, 0.88496	, 113	, 14
15	, 0.88496	, 113	, 14
15	, 0.88496	, 113	, 14
34	, 1.78571	, 56	, 27
42	, 2.75676	, 37	, 43
48	, 4.08000	, 25	, 70
137	, 9.45455	, 11	, 84
