

app  = blowfish
algo = singlecut
arch = virtex
opt  = -ise-archi-max-input=8 -ise-archi-max-output=1
gcc =   -emit-llvm
# calculating candidates
# calculating benchmarking results
WARNING: no profiling information found, assuming uniform distribution
Selected architecture: P20ArchitectureVirtexFx
Default settings: 
 * CommInBusCLK: 2
 * CommOutBusCLK_: 2
 * CommInBusWidth_: 2
 * CommOutBusWidth_: 1
 * MaxCI: 7
 * MaxInput: 6
 * MaxOutput: 1
- changing value of MaxInput_: 8
Nodes	, msecs		, it	, candidate_nodes
3	, 0.02824	, 3541	, 0
3	, 0.02843	, 3517	, 0
3	, 0.02955	, 3384	, 1
3	, 0.03386	, 2953	, 3
5	, 0.03247	, 3080	, 0
7	, 0.08271	, 1209	, 6
7	, 0.08803	, 1136	, 7
7	, 0.08826	, 1133	, 7
7	, 0.09597	, 1042	, 12
7	, 0.09606	, 1041	, 12
8	, 0.05828	, 1716	, 3
8	, 0.08503	, 1176	, 5
8	, 0.10582	, 945	, 7
8	, 0.10638	, 940	, 7
9	, 0.14245	, 702	, 12
9	, 0.14245	, 702	, 12
9	, 0.14245	, 702	, 12
9	, 0.14265	, 701	, 12
9	, 0.14286	, 700	, 12
9	, 0.14306	, 699	, 12
10	, 0.12788	, 782	, 11
10	, 0.15408	, 649	, 12
10	, 0.15408	, 649	, 12
10	, 0.15408	, 649	, 12
10	, 0.15432	, 648	, 12
10	, 0.15432	, 648	, 12
10	, 0.15504	, 645	, 12
11	, 0.10718	, 933	, 5
11	, 0.15674	, 638	, 14
13	, 0.20121	, 497	, 17
16	, 0.31847	, 314	, 24
16	, 0.33670	, 297	, 23
19	, 0.31546	, 317	, 16
22	, 0.37453	, 267	, 18
22	, 0.68493	, 146	, 33
25	, 0.68966	, 145	, 33
27	, 1.17647	, 85	, 57
38	, 1.60317	, 63	, 38
44	, 1.56250	, 64	, 38
47	, 2.02000	, 50	, 42
49	, 12.75000	, 8	, 612
55	, 6.25000	, 16	, 247
59	, 28.75000	, 4	, 905
64	, 3.74074	, 27	, 74
68	, 45.33330	, 3	, 908
80	, 73.00000	, 2	, 911
98	, 61.00000	, 2	, 962
108	, 68.00000	, 2	, 967
127	, 105.00000	, 1	, 1504
127	, 66.50000	, 2	, 976
127	, 82.00000	, 2	, 839
673	, 1344.00000	, 1	, 3878
674	, 1356.00000	, 1	, 3878
