

app  = aes
algo = singlecut
arch = virtex
opt  = -ise-archi-max-input=8 -ise-archi-max-output=1
gcc =   -emit-llvm
# calculating candidates
# calculating benchmarking results
WARNING: no profiling information found, assuming uniform distribution
Selected architecture: P20ArchitectureVirtexFx
Default settings: 
 * CommInBusCLK: 2
 * CommOutBusCLK_: 2
 * CommInBusWidth_: 2
 * CommOutBusWidth_: 1
 * MaxCI: 7
 * MaxInput: 6
 * MaxOutput: 1
- changing value of MaxInput_: 8
Nodes	, msecs		, it	, candidate_nodes
1	, 0.01684	, 5937	, 0
1	, 0.01691	, 5914	, 0
1	, 0.01699	, 5885	, 0
1	, 0.01700	, 5882	, 0
3	, 0.02962	, 3376	, 1
3	, 0.02966	, 3372	, 0
3	, 0.03370	, 2967	, 3
3	, 0.03372	, 2966	, 3
3	, 0.03385	, 2954	, 3
3	, 0.03386	, 2953	, 3
3	, 0.03391	, 2949	, 3
3	, 0.03392	, 2948	, 3
3	, 0.03392	, 2948	, 3
3	, 0.03393	, 2947	, 3
3	, 0.03398	, 2943	, 3
3	, 0.03418	, 2926	, 3
3	, 0.03432	, 2914	, 3
3	, 0.03498	, 2859	, 3
4	, 0.03413	, 2930	, 0
4	, 0.03414	, 2929	, 0
4	, 0.03427	, 2918	, 0
4	, 0.03436	, 2910	, 0
4	, 0.03439	, 2908	, 0
4	, 0.03449	, 2899	, 0
4	, 0.03719	, 2689	, 1
4	, 0.03733	, 2679	, 1
4	, 0.03743	, 2672	, 1
4	, 0.03747	, 2669	, 1
4	, 0.04888	, 2046	, 3
5	, 0.04120	, 2427	, 3
5	, 0.05666	, 1765	, 4
5	, 0.05669	, 1764	, 4
5	, 0.05889	, 1698	, 6
5	, 0.05959	, 1678	, 3
5	, 0.06494	, 1540	, 6
5	, 0.06494	, 1540	, 6
5	, 0.06498	, 1539	, 10
5	, 0.06502	, 1538	, 6
5	, 0.06502	, 1538	, 6
5	, 0.06519	, 1534	, 6
5	, 0.06519	, 1534	, 6
5	, 0.06527	, 1532	, 6
5	, 0.06575	, 1521	, 6
5	, 0.06575	, 1521	, 6
6	, 0.04562	, 2192	, 3
6	, 0.04684	, 2135	, 1
6	, 0.04690	, 2132	, 3
6	, 0.04693	, 2131	, 1
6	, 0.04697	, 2129	, 1
6	, 0.04824	, 2073	, 1
6	, 0.05411	, 1848	, 4
6	, 0.05414	, 1847	, 4
6	, 0.05461	, 1831	, 4
6	, 0.05513	, 1814	, 4
6	, 0.05565	, 1797	, 4
6	, 0.05609	, 1783	, 3
6	, 0.05612	, 1782	, 3
6	, 0.05615	, 1781	, 3
6	, 0.05621	, 1779	, 3
6	, 0.05634	, 1775	, 3
6	, 0.05637	, 1774	, 3
6	, 0.05640	, 1773	, 3
6	, 0.05650	, 1770	, 3
6	, 0.05650	, 1770	, 3
6	, 0.05695	, 1756	, 3
6	, 0.05807	, 1722	, 4
6	, 0.05967	, 1676	, 2
6	, 0.07062	, 1416	, 11
6	, 0.07062	, 1416	, 11
6	, 0.09804	, 1020	, 17
6	, 0.09804	, 1020	, 17
6	, 0.09814	, 1019	, 17
6	, 0.09814	, 1019	, 17
6	, 0.09823	, 1018	, 17
6	, 0.09823	, 1018	, 17
6	, 0.09823	, 1018	, 17
6	, 0.09833	, 1017	, 17
6	, 0.09833	, 1017	, 17
6	, 0.09852	, 1015	, 17
6	, 0.09852	, 1015	, 17
6	, 0.09852	, 1015	, 17
6	, 0.09862	, 1014	, 17
6	, 0.09862	, 1014	, 17
7	, 0.07241	, 1381	, 10
7	, 0.08636	, 1158	, 5
7	, 0.08636	, 1158	, 5
7	, 0.10142	, 986	, 13
7	, 0.10152	, 985	, 13
7	, 0.10152	, 985	, 13
7	, 0.10163	, 984	, 13
7	, 0.11751	, 851	, 15
7	, 0.11779	, 849	, 15
7	, 0.11820	, 846	, 15
7	, 0.11820	, 846	, 15
8	, 0.07758	, 1289	, 10
8	, 0.07764	, 1288	, 10
8	, 0.07788	, 1284	, 10
8	, 0.07794	, 1283	, 10
8	, 0.07837	, 1276	, 10
8	, 0.07855	, 1273	, 10
8	, 0.07918	, 1263	, 6
8	, 0.07937	, 1260	, 6
8	, 0.07949	, 1258	, 6
8	, 0.12658	, 790	, 11
8	, 0.12771	, 783	, 14
8	, 0.20408	, 490	, 28
9	, 0.07519	, 1330	, 5
9	, 0.07524	, 1329	, 5
9	, 0.07610	, 1314	, 5
9	, 0.19608	, 510	, 25
10	, 0.10776	, 928	, 5
10	, 0.10811	, 925	, 5
10	, 0.12180	, 821	, 8
10	, 0.18282	, 547	, 17
10	, 0.24213	, 413	, 38
11	, 0.23202	, 431	, 19
11	, 0.30488	, 328	, 39
12	, 0.29762	, 336	, 41
12	, 0.29762	, 336	, 41
12	, 0.29851	, 335	, 41
13	, 0.19417	, 515	, 23
14	, 0.17668	, 566	, 11
14	, 0.32154	, 311	, 22
14	, 0.32258	, 310	, 22
14	, 0.32258	, 310	, 22
14	, 0.37175	, 269	, 44
15	, 0.54054	, 185	, 28
17	, 0.28902	, 346	, 10
17	, 0.36496	, 274	, 16
22	, 0.75758	, 132	, 25
24	, 0.72993	, 137	, 23
25	, 0.75758	, 132	, 23
25	, 0.76923	, 130	, 23
28	, 1.01010	, 99	, 29
29	, 0.78125	, 128	, 33
29	, 0.97087	, 103	, 36
29	, 1.02041	, 98	, 29
29	, 1.04167	, 96	, 29
31	, 0.31250	, 320	, 7
31	, 1.28205	, 78	, 45
31	, 1.28205	, 78	, 45
33	, 1.78571	, 56	, 41
33	, 1.78571	, 56	, 41
33	, 1.78571	, 56	, 41
34	, 1.49254	, 67	, 48
34	, 1.49254	, 67	, 48
34	, 1.50746	, 67	, 48
35	, 0.35461	, 282	, 7
35	, 0.36630	, 273	, 7
35	, 1.60317	, 63	, 49
42	, 2.32558	, 43	, 40
54	, 1.50746	, 67	, 18
54	, 3.84615	, 26	, 66
67	, 5.66667	, 18	, 78
68	, 6.05882	, 17	, 81
73	, 7.28571	, 14	, 87
73	, 7.35714	, 14	, 87
73	, 7.35714	, 14	, 87
75	, 0.86207	, 116	, 7
91	, 9.09091	, 11	, 121
91	, 9.09091	, 11	, 121
115	, 2.56410	, 39	, 19
126	, 165.00000	, 1	, 2886
131	, 3.03030	, 33	, 19
131	, 3.09091	, 33	, 19
131	, 3.29032	, 31	, 19
132	, 179.00000	, 1	, 2898
133	, 18.83330	, 6	, 110
176	, 28.25000	, 4	, 161
286	, 179.00000	, 1	, 1016
302	, 199.00000	, 1	, 1080
311	, 216.00000	, 1	, 1128
311	, 217.00000	, 1	, 1128
691	, 1609.00000	, 1	, 3234
721	, 2084.00000	, 1	, 3956
970	, 3780.00000	, 1	, 5550
1079	, 3339.00000	, 1	, 4677
1154	, 3924.00000	, 1	, 5018
1407	, 4406.00000	, 1	, 5080
1524	, 5303.00000	, 1	, 5623
1619	, 7257.00000	, 1	, 6677
