

app  = cjpeg
algo = singlecut
arch = virtex
opt  = -ise-archi-max-input=8 -ise-archi-max-output=1
gcc =   -emit-llvm
opt =  
# running opt with ISE pass: 
WARNING: no profiling information found, assuming uniform distribution
Selected architecture: P20ArchitectureVirtexFx
Default settings: 
 * CommInBusCLK: 2
 * CommOutBusCLK_: 2
 * CommInBusWidth_: 2
 * CommOutBusWidth_: 1
 * MaxCI: 7
 * MaxInput: 6
 * MaxOutput: 1
- changing value of MaxInput_: 8
Nodes	, msecs		, it	, candidate_nodes
2	, 0.02453	, 4077	, 0
2	, 0.02482	, 4029	, 0
2	, 0.02484	, 4025	, 0
2	, 0.02488	, 4020	, 0
2	, 0.02488	, 4020	, 0
2	, 0.02490	, 4016	, 0
2	, 0.02490	, 4016	, 0
2	, 0.02491	, 4015	, 0
2	, 0.02491	, 4014	, 0
2	, 0.02495	, 4008	, 0
2	, 0.02498	, 4004	, 0
2	, 0.02499	, 4002	, 0
2	, 0.02499	, 4001	, 0
2	, 0.02502	, 3997	, 0
2	, 0.02502	, 3996	, 0
2	, 0.02502	, 3996	, 0
2	, 0.02502	, 3996	, 0
2	, 0.02503	, 3995	, 0
2	, 0.02503	, 3995	, 0
2	, 0.02504	, 3994	, 0
2	, 0.02512	, 3981	, 0
2	, 0.02518	, 3972	, 0
2	, 0.02519	, 3970	, 0
2	, 0.02523	, 3963	, 0
2	, 0.02531	, 3951	, 0
2	, 0.02532	, 3949	, 0
2	, 0.02542	, 3934	, 0
3	, 0.02874	, 3480	, 0
3	, 0.02970	, 3367	, 0
3	, 0.02974	, 3363	, 0
3	, 0.03032	, 3298	, 0
3	, 0.03040	, 3289	, 0
3	, 0.03050	, 3279	, 0
3	, 0.03053	, 3275	, 0
3	, 0.03054	, 3274	, 0
3	, 0.03056	, 3272	, 0
3	, 0.03056	, 3272	, 0
3	, 0.03063	, 3265	, 0
3	, 0.03144	, 3181	, 1
3	, 0.03162	, 3163	, 1
3	, 0.03165	, 3160	, 1
3	, 0.03185	, 3140	, 1
3	, 0.03191	, 3134	, 1
3	, 0.03191	, 3134	, 1
3	, 0.03213	, 3112	, 1
3	, 0.03449	, 2899	, 3
3	, 0.03452	, 2897	, 3
3	, 0.03454	, 2895	, 3
3	, 0.03455	, 2894	, 1
3	, 0.03463	, 2888	, 3
3	, 0.03469	, 2883	, 3
3	, 0.03482	, 2872	, 3
4	, 0.03428	, 2917	, 0
4	, 0.03555	, 2813	, 1
4	, 0.03854	, 2595	, 1
4	, 0.03865	, 2587	, 1
4	, 0.03868	, 2585	, 1
4	, 0.03888	, 2572	, 1
4	, 0.04092	, 2444	, 3
4	, 0.04098	, 2440	, 1
4	, 0.04110	, 2433	, 3
4	, 0.04122	, 2426	, 3
5	, 0.04498	, 2223	, 3
5	, 0.04771	, 2096	, 3
5	, 0.04822	, 2074	, 3
5	, 0.05787	, 1728	, 4
5	, 0.05797	, 1725	, 4
5	, 0.05797	, 1725	, 4
5	, 0.05804	, 1723	, 4
5	, 0.05804	, 1723	, 4
5	, 0.05824	, 1717	, 4
5	, 0.05828	, 1716	, 4
5	, 0.05831	, 1715	, 4
6	, 0.04517	, 2214	, 1
6	, 0.04988	, 2005	, 1
6	, 0.05531	, 1808	, 3
6	, 0.05531	, 1808	, 3
6	, 0.05534	, 1807	, 3
6	, 0.05537	, 1806	, 3
6	, 0.05692	, 1757	, 4
7	, 0.06720	, 1488	, 5
7	, 0.06739	, 1484	, 5
7	, 0.06743	, 1483	, 5
7	, 0.06757	, 1480	, 5
7	, 0.06761	, 1479	, 5
7	, 0.06761	, 1479	, 5
7	, 0.06766	, 1478	, 5
7	, 0.06766	, 1478	, 5
7	, 0.06766	, 1478	, 5
7	, 0.06775	, 1476	, 5
7	, 0.06775	, 1476	, 5
7	, 0.06780	, 1475	, 5
7	, 0.06784	, 1474	, 5
7	, 0.06784	, 1474	, 5
7	, 0.06789	, 1473	, 5
7	, 0.06789	, 1473	, 5
7	, 0.06789	, 1473	, 5
7	, 0.06793	, 1472	, 5
7	, 0.06793	, 1472	, 5
7	, 0.06854	, 1459	, 4
7	, 0.09930	, 1007	, 12
8	, 0.06897	, 1450	, 3
8	, 0.07407	, 1350	, 5
8	, 0.07424	, 1347	, 5
8	, 0.08368	, 1195	, 5
8	, 0.08432	, 1186	, 5
9	, 0.05858	, 1707	, 1
9	, 0.05858	, 1707	, 1
9	, 0.06188	, 1616	, 3
9	, 0.06211	, 1610	, 1
9	, 0.08873	, 1127	, 5
9	, 0.09891	, 1011	, 9
9	, 0.10965	, 912	, 8
10	, 0.05896	, 1696	, 1
10	, 0.05896	, 1696	, 3
10	, 0.06854	, 1459	, 2
10	, 0.08711	, 1148	, 4
10	, 0.09881	, 1012	, 5
10	, 0.09921	, 1008	, 5
10	, 0.10101	, 990	, 6
10	, 0.10111	, 989	, 9
10	, 0.14265	, 701	, 9
10	, 0.18116	, 552	, 23
11	, 0.10893	, 918	, 5
11	, 0.10917	, 916	, 5
14	, 0.09017	, 1109	, 1
15	, 0.20284	, 493	, 14
15	, 0.20325	, 492	, 14
15	, 0.20325	, 492	, 14
15	, 0.21978	, 455	, 7
34	, 0.81967	, 122	, 27
42	, 1.28205	, 78	, 43
48	, 2.50000	, 40	, 70
137	, 8.83333	, 12	, 84
