

app  = blowfish
algo = maxmiso
arch = virtex
opt  = -ise-archi-max-input=8 -ise-archi-max-output=1
gcc =   -emit-llvm
# calculating candidates
# calculating benchmarking results
WARNING: no profiling information found, assuming uniform distribution
Selected architecture: P20ArchitectureVirtexFx
Default settings: 
 * CommInBusCLK: 2
 * CommOutBusCLK_: 2
 * CommInBusWidth_: 2
 * CommOutBusWidth_: 1
 * MaxCI: 7
 * MaxInput: 6
 * MaxOutput: 1
- changing value of MaxInput_: 8
Nodes	, msecs		, it	, candidate_nodes
3	, 0.02227	, 4490	, 0
3	, 0.02257	, 4431	, 0
3	, 0.02416	, 4139	, 0
3	, 0.02435	, 4106	, 1
5	, 0.02628	, 3805	, 0
7	, 0.03744	, 2671	, 2
7	, 0.03758	, 2661	, 2
7	, 0.03807	, 2627	, 1
7	, 0.03818	, 2619	, 1
7	, 0.03824	, 2615	, 2
8	, 0.03818	, 2619	, 1
8	, 0.04006	, 2496	, 3
8	, 0.04058	, 2464	, 1
8	, 0.04092	, 2444	, 1
9	, 0.04325	, 2312	, 2
9	, 0.04331	, 2309	, 2
9	, 0.04346	, 2301	, 2
9	, 0.04353	, 2297	, 2
9	, 0.04363	, 2292	, 2
9	, 0.04365	, 2291	, 2
10	, 0.04602	, 2173	, 2
10	, 0.04613	, 2168	, 2
10	, 0.04619	, 2165	, 2
10	, 0.04621	, 2164	, 2
10	, 0.04664	, 2144	, 2
10	, 0.04666	, 2143	, 2
10	, 0.04931	, 2028	, 2
11	, 0.04897	, 2042	, 3
11	, 0.05043	, 1983	, 2
13	, 0.05647	, 1771	, 3
16	, 0.06807	, 1469	, 5
16	, 0.06821	, 1466	, 3
19	, 0.07564	, 1322	, 4
22	, 0.08446	, 1184	, 4
22	, 0.08881	, 1126	, 9
25	, 0.09461	, 1057	, 5
27	, 0.09833	, 1017	, 4
38	, 0.13055	, 766	, 6
44	, 0.15083	, 663	, 6
47	, 0.15723	, 636	, 7
49	, 0.16475	, 607	, 8
55	, 0.18416	, 543	, 5
59	, 0.19305	, 518	, 13
64	, 0.20964	, 477	, 15
68	, 0.21882	, 457	, 11
80	, 0.25381	, 394	, 8
98	, 0.31250	, 320	, 22
108	, 0.34014	, 294	, 25
127	, 0.41152	, 243	, 34
127	, 0.42373	, 236	, 21
127	, 0.42553	, 235	, 22
673	, 2.06122	, 49	, 92
674	, 2.10417	, 48	, 92
