

app  = blowfish
algo = union
arch = virtex
opt  = -ise-archi-max-input=8 -ise-archi-max-output=1
gcc =   -emit-llvm
# calculating candidates
# calculating benchmarking results
WARNING: no profiling information found, assuming uniform distribution
Selected architecture: P20ArchitectureVirtexFx
Default settings: 
 * CommInBusCLK: 2
 * CommOutBusCLK_: 2
 * CommInBusWidth_: 2
 * CommOutBusWidth_: 1
 * MaxCI: 7
 * MaxInput: 6
 * MaxOutput: 1
- changing value of MaxInput_: 8
Nodes	, msecs		, it	, candidate_nodes
3	, 0.04748	, 2106	, 0
3	, 0.04794	, 2086	, 0
3	, 0.11455	, 873	, 1
3	, 0.19763	, 506	, 3
5	, 0.04087	, 2447	, 0
7	, 0.38314	, 261	, 6
7	, 0.43860	, 228	, 7
7	, 0.44248	, 226	, 7
7	, 0.62500	, 160	, 12
7	, 0.62500	, 160	, 12
8	, 0.22173	, 451	, 3
8	, 0.36232	, 276	, 5
8	, 0.45454	, 220	, 7
8	, 0.45454	, 220	, 7
9	, 0.67114	, 149	, 12
9	, 0.67568	, 148	, 12
9	, 0.67568	, 148	, 12
9	, 0.67568	, 148	, 12
9	, 0.67568	, 148	, 12
9	, 0.67568	, 148	, 12
10	, 0.68966	, 145	, 11
10	, 0.68966	, 145	, 12
10	, 0.69444	, 144	, 12
10	, 0.69444	, 144	, 12
10	, 0.69444	, 144	, 12
10	, 0.69444	, 144	, 12
10	, 0.69444	, 144	, 12
11	, 0.37879	, 264	, 5
11	, 0.82645	, 121	, 14
13	, 0.90090	, 111	, 17
16	, 1.25000	, 80	, 24
16	, 1.69492	, 59	, 23
19	, 1.08696	, 92	, 16
22	, 1.17647	, 85	, 18
22	, 1.85185	, 54	, 33
25	, 2.70270	, 37	, 33
27	, 2.75676	, 37	, 57
38	, 2.37209	, 43	, 38
44	, 2.43902	, 41	, 38
47	, 2.72973	, 37	, 42
49	, 45.00000	, 3	, 612
55	, 12.50000	, 8	, 247
59	, 45.33330	, 3	, 905
64	, 4.68182	, 22	, 74
68	, 51.00000	, 2	, 908
80	, 52.00000	, 2	, 911
98	, 66.00000	, 2	, 962
108	, 60.00000	, 2	, 967
127	, 124.00000	, 1	, 1504
127	, 70.00000	, 2	, 839
127	, 92.00000	, 2	, 976
673	, 1667.00000	, 1	, 3878
674	, 1665.00000	, 1	, 3878
