

app  = cjpeg
algo = maxmiso
arch = virtex
opt  = -ise-archi-max-input=8 -ise-archi-max-output=1
gcc =   -emit-llvm
opt =  
# running opt with ISE pass: 
WARNING: no profiling information found, assuming uniform distribution
Selected architecture: P20ArchitectureVirtexFx
Default settings: 
 * CommInBusCLK: 2
 * CommOutBusCLK_: 2
 * CommInBusWidth_: 2
 * CommOutBusWidth_: 1
 * MaxCI: 7
 * MaxInput: 6
 * MaxOutput: 1
- changing value of MaxInput_: 8
Nodes	, msecs		, it	, candidate_nodes
2	, 0.01848	, 5412	, 0
2	, 0.01848	, 5412	, 0
2	, 0.01954	, 5119	, 0
2	, 0.01979	, 5053	, 0
2	, 0.01981	, 5047	, 0
2	, 0.01981	, 5047	, 0
2	, 0.01983	, 5042	, 0
2	, 0.01983	, 5042	, 0
2	, 0.01984	, 5040	, 0
2	, 0.01988	, 5030	, 0
2	, 0.01990	, 5026	, 0
2	, 0.01991	, 5022	, 0
2	, 0.01992	, 5019	, 0
2	, 0.01993	, 5017	, 0
2	, 0.01995	, 5013	, 0
2	, 0.01996	, 5011	, 0
2	, 0.01996	, 5009	, 0
2	, 0.01997	, 5008	, 0
2	, 0.01997	, 5007	, 0
2	, 0.01999	, 5003	, 0
2	, 0.01999	, 5003	, 0
2	, 0.02000	, 5001	, 0
2	, 0.02000	, 4999	, 0
2	, 0.02001	, 4997	, 0
2	, 0.02002	, 4996	, 0
2	, 0.02004	, 4991	, 0
2	, 0.02009	, 4977	, 0
3	, 0.02164	, 4621	, 0
3	, 0.02192	, 4562	, 0
3	, 0.02289	, 4369	, 0
3	, 0.02308	, 4332	, 0
3	, 0.02316	, 4318	, 0
3	, 0.02324	, 4303	, 0
3	, 0.02326	, 4300	, 0
3	, 0.02333	, 4287	, 0
3	, 0.02333	, 4286	, 0
3	, 0.02334	, 4284	, 0
3	, 0.02338	, 4278	, 0
3	, 0.02338	, 4277	, 0
3	, 0.02340	, 4274	, 0
3	, 0.02343	, 4268	, 0
3	, 0.02343	, 4268	, 0
3	, 0.02348	, 4259	, 0
3	, 0.02353	, 4249	, 0
3	, 0.02388	, 4187	, 1
3	, 0.02415	, 4141	, 0
3	, 0.02434	, 4109	, 1
3	, 0.02437	, 4103	, 1
3	, 0.02441	, 4097	, 1
3	, 0.02447	, 4086	, 1
3	, 0.02459	, 4067	, 1
3	, 0.02464	, 4058	, 1
4	, 0.02580	, 3876	, 0
4	, 0.02667	, 3749	, 1
4	, 0.02670	, 3745	, 1
4	, 0.02688	, 3720	, 1
4	, 0.02690	, 3718	, 1
4	, 0.02692	, 3715	, 1
4	, 0.02692	, 3715	, 1
4	, 0.02694	, 3712	, 1
4	, 0.02774	, 3605	, 0
4	, 0.02796	, 3576	, 0
5	, 0.03009	, 3323	, 1
5	, 0.03070	, 3257	, 1
5	, 0.03123	, 3202	, 1
5	, 0.03128	, 3197	, 2
5	, 0.03140	, 3185	, 2
5	, 0.03142	, 3183	, 2
5	, 0.03153	, 3172	, 2
5	, 0.03157	, 3168	, 2
5	, 0.03158	, 3167	, 2
5	, 0.03159	, 3166	, 2
5	, 0.03171	, 3154	, 2
6	, 0.03197	, 3128	, 0
6	, 0.03374	, 2964	, 1
6	, 0.03421	, 2923	, 1
6	, 0.03469	, 2883	, 1
6	, 0.03472	, 2880	, 1
6	, 0.03495	, 2861	, 1
6	, 0.03501	, 2856	, 1
7	, 0.03743	, 2672	, 2
7	, 0.03772	, 2651	, 2
7	, 0.03818	, 2619	, 1
7	, 0.03843	, 2602	, 1
7	, 0.03845	, 2601	, 1
7	, 0.03846	, 2600	, 1
7	, 0.03846	, 2600	, 1
7	, 0.03848	, 2599	, 1
7	, 0.03855	, 2594	, 1
7	, 0.03857	, 2593	, 1
7	, 0.03865	, 2587	, 1
7	, 0.03885	, 2574	, 1
7	, 0.03888	, 2572	, 1
7	, 0.03890	, 2571	, 1
7	, 0.03890	, 2571	, 1
7	, 0.03891	, 2570	, 1
7	, 0.03900	, 2564	, 1
7	, 0.03903	, 2562	, 1
7	, 0.03903	, 2562	, 1
7	, 0.03906	, 2560	, 1
7	, 0.03917	, 2553	, 1
8	, 0.04088	, 2446	, 2
8	, 0.04105	, 2436	, 1
8	, 0.04134	, 2419	, 1
8	, 0.04137	, 2417	, 1
8	, 0.04141	, 2415	, 2
9	, 0.04292	, 2330	, 2
9	, 0.04338	, 2305	, 0
9	, 0.04348	, 2300	, 1
9	, 0.04384	, 2281	, 0
9	, 0.04464	, 2240	, 0
9	, 0.04570	, 2188	, 2
9	, 0.04572	, 2187	, 2
10	, 0.04352	, 2298	, 1
10	, 0.04353	, 2297	, 1
10	, 0.04527	, 2209	, 2
10	, 0.04675	, 2139	, 2
10	, 0.04753	, 2104	, 0
10	, 0.04755	, 2103	, 3
10	, 0.04808	, 2080	, 0
10	, 0.04829	, 2071	, 2
10	, 0.04840	, 2066	, 2
10	, 0.04909	, 2037	, 2
11	, 0.05131	, 1949	, 2
11	, 0.05152	, 1941	, 2
14	, 0.05774	, 1732	, 0
15	, 0.06215	, 1609	, 2
15	, 0.06231	, 1605	, 1
15	, 0.06246	, 1601	, 2
15	, 0.06246	, 1601	, 2
34	, 0.12361	, 809	, 4
42	, 0.15174	, 659	, 6
48	, 0.17513	, 571	, 14
137	, 0.49505	, 202	, 0
