

app  = blowfish
algo = union
arch = virtex
opt  = -ise-archi-max-input=2 -ise-archi-max-output=2
gcc =   -emit-llvm
opt =  
# running opt with ISE pass: 
WARNING: no profiling information found, assuming uniform distribution
Selected architecture: P20ArchitectureVirtexFx
Default settings: 
 * CommInBusCLK: 2
 * CommOutBusCLK_: 2
 * CommInBusWidth_: 2
 * CommOutBusWidth_: 1
 * MaxCI: 7
 * MaxInput: 6
 * MaxOutput: 1
- changing value of MaxInput_: 2
- changing value of MaxOutput_: 2
Nodes	, msecs		, it	, candidate_nodes
3	, 0.04776	, 2094	, 0
3	, 0.04810	, 2079	, 0
3	, 0.11574	, 864	, 1
3	, 0.19570	, 511	, 3
5	, 0.04029	, 2482	, 0
7	, 0.38023	, 263	, 6
7	, 0.42017	, 238	, 6
7	, 0.42194	, 237	, 6
7	, 0.61728	, 162	, 10
7	, 0.61728	, 162	, 10
8	, 0.22173	, 451	, 3
8	, 0.36232	, 276	, 5
8	, 0.43668	, 229	, 6
8	, 0.43668	, 229	, 6
9	, 0.64935	, 154	, 11
9	, 0.65360	, 153	, 11
9	, 0.65360	, 153	, 11
9	, 0.65360	, 153	, 11
9	, 0.65360	, 153	, 11
9	, 0.65360	, 153	, 11
10	, 0.67114	, 149	, 11
10	, 0.67114	, 149	, 11
10	, 0.67114	, 149	, 11
10	, 0.67114	, 149	, 11
10	, 0.67114	, 149	, 11
10	, 0.67568	, 148	, 11
10	, 0.68966	, 145	, 10
11	, 0.37594	, 266	, 5
11	, 0.82645	, 121	, 12
13	, 0.85470	, 117	, 13
16	, 1.12360	, 89	, 17
16	, 2.17021	, 47	, 36
19	, 1.07527	, 93	, 16
22	, 1.17442	, 86	, 17
22	, 1.85185	, 54	, 31
25	, 2.72973	, 37	, 30
27	, 2.10417	, 48	, 32
38	, 2.38095	, 42	, 38
44	, 2.42857	, 42	, 38
47	, 2.72973	, 37	, 42
49	, 5.66667	, 18	, 77
55	, 6.05882	, 17	, 77
59	, 7.06667	, 15	, 102
64	, 4.68182	, 22	, 72
68	, 7.69231	, 13	, 100
80	, 7.92308	, 13	, 105
98	, 23.40000	, 5	, 232
108	, 15.00000	, 7	, 189
127	, 37712.00000	, 1	, 220
127	, 37738.00000	, 1	, 234
127	, 7101.00000	, 1	, 207
673	, 473.00000	, 1	, 1395
674	, 474.00000	, 1	, 1395
