

app  = cjpeg
algo = singlecut
arch = virtex
opt  = -ise-alarm-stop=3600 -ise-archi-max-input=4 -ise-archi-max-output=2
gcc =   -emit-llvm
# calculating candidates
WARNING: no profiling information found, assuming uniform distribution
Selected architecture: P20ArchitectureVirtexFx
Default settings: 
 * CommInBusCLK: 2
 * CommOutBusCLK_: 2
 * CommInBusWidth_: 2
 * CommOutBusWidth_: 1
 * MaxCI: 7
 * MaxInput: 6
 * MaxOutput: 1
- changing value of MaxInput_: 4
- changing value of MaxOutput_: 2
===-------------------------------------------------------------------------===
                      ... Pass execution timing report ...
===-------------------------------------------------------------------------===
  Total Execution Time: 0.4139 seconds (0.4139 wall clock)

   ---User Time---   --System Time--   --User+System--   ---Wall Time---  ---Mem---  --- Name ---
   0.4019 ( 99.2%)   0.0089 (100.0%)   0.4109 ( 99.2%)   0.4110 ( 99.2%)      11784  instruction-set extension (identification & selection)
   0.0019 (  0.4%)   0.0000 (  0.0%)   0.0019 (  0.4%)   0.0017 (  0.4%)        136  Module Verifier
   0.0010 (  0.2%)   0.0000 (  0.0%)   0.0010 (  0.2%)   0.0011 (  0.2%)      10000  Dominator Tree Construction
   0.0000 (  0.0%)   0.0000 (  0.0%)   0.0000 (  0.0%)   0.0000 (  0.0%)          0  Preliminary module verification
   0.4049 (100.0%)   0.0089 (100.0%)   0.4139 (100.0%)   0.4139 (100.0%)      21920  TOTAL

# calculating benchmarking results
WARNING: no profiling information found, assuming uniform distribution
Selected architecture: P20ArchitectureVirtexFx
Default settings: 
 * CommInBusCLK: 2
 * CommOutBusCLK_: 2
 * CommInBusWidth_: 2
 * CommOutBusWidth_: 1
 * MaxCI: 7
 * MaxInput: 6
 * MaxOutput: 1
- changing value of MaxInput_: 4
- changing value of MaxOutput_: 2
DAG_size	, msecs		, it	, candidate_found
2		, 0.02238	, 4469	, 0
2		, 0.02271	, 4404	, 0
2		, 0.02344	, 4267	, 0
2		, 0.02367	, 4225	, 0
2		, 0.02370	, 4219	, 0
2		, 0.02387	, 4190	, 0
2		, 0.02401	, 4165	, 0
2		, 0.02406	, 4156	, 0
2		, 0.02416	, 4139	, 0
2		, 0.02442	, 4095	, 0
2		, 0.02449	, 4084	, 0
2		, 0.02449	, 4083	, 0
2		, 0.02457	, 4070	, 0
2		, 0.02458	, 4068	, 0
2		, 0.02460	, 4065	, 0
2		, 0.02461	, 4064	, 0
2		, 0.02469	, 4051	, 0
2		, 0.02476	, 4038	, 0
2		, 0.02477	, 4037	, 0
2		, 0.02478	, 4035	, 0
2		, 0.02481	, 4030	, 0
2		, 0.02489	, 4018	, 0
2		, 0.02502	, 3997	, 0
2		, 0.02522	, 3965	, 0
2		, 0.02527	, 3957	, 0
2		, 0.02528	, 3955	, 0
2		, 0.02539	, 3938	, 0
3		, 0.02832	, 3531	, 0
3		, 0.02869	, 3486	, 0
3		, 0.02893	, 3457	, 0
3		, 0.02915	, 3430	, 0
3		, 0.02928	, 3415	, 0
3		, 0.02974	, 3363	, 0
3		, 0.03022	, 3309	, 0
3		, 0.03041	, 3288	, 0
3		, 0.03059	, 3269	, 0
3		, 0.03079	, 3248	, 0
3		, 0.03081	, 3246	, 1
3		, 0.03120	, 3205	, 1
3		, 0.03133	, 3192	, 1
3		, 0.03150	, 3175	, 1
3		, 0.03151	, 3174	, 1
3		, 0.03182	, 3143	, 1
3		, 0.03182	, 3143	, 1
3		, 0.03216	, 3109	, 0
3		, 0.03364	, 2973	, 1
3		, 0.03400	, 2941	, 3
3		, 0.03418	, 2926	, 3
3		, 0.03427	, 2918	, 3
3		, 0.03428	, 2917	, 3
3		, 0.03434	, 2912	, 3
3		, 0.03554	, 2814	, 3
4		, 0.03312	, 3019	, 1
4		, 0.03439	, 2908	, 0
4		, 0.03823	, 2616	, 1
4		, 0.03862	, 2589	, 1
4		, 0.03865	, 2587	, 1
4		, 0.04008	, 2495	, 3
4		, 0.04011	, 2493	, 1
4		, 0.04034	, 2479	, 3
4		, 0.04072	, 2456	, 1
4		, 0.04160	, 2404	, 3
5		, 0.04361	, 2293	, 3
5		, 0.04690	, 2132	, 3
5		, 0.04780	, 2092	, 3
5		, 0.06506	, 1537	, 6
5		, 0.06562	, 1524	, 6
5		, 0.06566	, 1523	, 6
5		, 0.06596	, 1516	, 6
5		, 0.06605	, 1514	, 6
5		, 0.06627	, 1509	, 6
5		, 0.06789	, 1473	, 6
5		, 0.06812	, 1468	, 6
6		, 0.04486	, 2229	, 1
6		, 0.05028	, 1989	, 1
6		, 0.05420	, 1845	, 3
6		, 0.05432	, 1841	, 3
6		, 0.05461	, 1831	, 3
6		, 0.05473	, 1827	, 3
6		, 0.05650	, 1770	, 5
7		, 0.06662	, 1501	, 8
7		, 0.06766	, 1478	, 8
7		, 0.06835	, 1463	, 8
7		, 0.06840	, 1462	, 8
7		, 0.06840	, 1462	, 8
7		, 0.06868	, 1456	, 8
7		, 0.06868	, 1456	, 8
7		, 0.06878	, 1454	, 8
7		, 0.06882	, 1453	, 8
7		, 0.06892	, 1451	, 8
7		, 0.06897	, 1450	, 8
7		, 0.06901	, 1449	, 8
7		, 0.06901	, 1449	, 8
7		, 0.06906	, 1448	, 8
7		, 0.06944	, 1440	, 8
7		, 0.06954	, 1438	, 8
7		, 0.06978	, 1433	, 8
7		, 0.06978	, 1433	, 8
7		, 0.07331	, 1364	, 8
7		, 0.07496	, 1334	, 7
7		, 0.16000	, 625	, 49
8		, 0.07112	, 1406	, 3
8		, 0.07599	, 1316	, 8
8		, 0.07605	, 1315	, 8
8		, 0.11074	, 903	, 11
8		, 0.11136	, 898	, 11
9		, 0.05774	, 1732	, 1
9		, 0.05896	, 1696	, 1
9		, 0.06083	, 1644	, 3
9		, 0.06090	, 1642	, 1
9		, 0.09960	, 1004	, 10
9		, 0.10730	, 932	, 20
9		, 0.13661	, 732	, 22
10		, 0.05698	, 1755	, 1
10		, 0.05797	, 1725	, 3
10		, 0.06892	, 1451	, 3
10		, 0.11389	, 878	, 10
10		, 0.11416	, 876	, 10
10		, 0.11442	, 874	, 10
10		, 0.11876	, 842	, 14
10		, 0.13106	, 763	, 27
10		, 0.24938	, 401	, 36
10		, 0.34483	, 290	, 88
11		, 0.13263	, 754	, 10
11		, 0.13423	, 745	, 10
14		, 0.08993	, 1112	, 1
15		, 0.27472	, 364	, 13
15		, 0.41841	, 239	, 72
15		, 0.41841	, 239	, 72
15		, 0.42017	, 238	, 72
34		, 3.48276	, 29	, 290
42		, 11.77780	, 9	, 794
48		, 40.33330	, 3	, 2288
137		, 197.50000	, 2	, 3570
