

app  = aes
algo = multicut
arch = virtex
opt  = -ise-alarm-stop=3600 -ise-archi-max-input=4 -ise-archi-max-output=1
gcc =   -emit-llvm
# calculating candidates
WARNING: no profiling information found, assuming uniform distribution
Selected architecture: P20ArchitectureVirtexFx
Default settings: 
 * CommInBusCLK: 2
 * CommOutBusCLK_: 2
 * CommInBusWidth_: 2
 * CommOutBusWidth_: 1
 * MaxCI: 7
 * MaxInput: 6
 * MaxOutput: 1
- changing value of MaxInput_: 4
# calculating benchmarking results
WARNING: no profiling information found, assuming uniform distribution
Selected architecture: P20ArchitectureVirtexFx
Default settings: 
 * CommInBusCLK: 2
 * CommOutBusCLK_: 2
 * CommInBusWidth_: 2
 * CommOutBusWidth_: 1
 * MaxCI: 7
 * MaxInput: 6
 * MaxOutput: 1
- changing value of MaxInput_: 4
DAG_size	, msecs		, it	, candidate_found
1		, 0.03094	, 3232	, 0
1		, 0.03120	, 3205	, 0
1		, 0.03154	, 3171	, 0
1		, 0.03159	, 3166	, 0
3		, 0.05089	, 1965	, 0
3		, 0.05316	, 1881	, 0
3		, 0.07358	, 1359	, 0
3		, 0.07429	, 1346	, 0
3		, 0.07429	, 1346	, 0
3		, 0.07479	, 1337	, 0
3		, 0.07496	, 1334	, 0
3		, 0.07519	, 1330	, 0
3		, 0.07519	, 1330	, 0
3		, 0.07524	, 1329	, 0
3		, 0.07559	, 1323	, 0
3		, 0.07564	, 1322	, 0
3		, 0.07570	, 1321	, 0
3		, 0.07651	, 1307	, 0
4		, 0.08123	, 1231	, 0
4		, 0.08190	, 1221	, 0
4		, 0.08210	, 1218	, 0
4		, 0.08299	, 1205	, 0
4		, 0.16313	, 613	, 0
5		, 0.08711	, 1148	, 0
5		, 0.21459	, 466	, 0
5		, 0.23148	, 432	, 0
5		, 0.23585	, 424	, 0
5		, 0.23697	, 422	, 0
5		, 0.28011	, 357	, 0
5		, 0.28011	, 357	, 0
5		, 0.28090	, 356	, 0
5		, 0.28090	, 356	, 0
5		, 0.28329	, 353	, 0
5		, 0.28329	, 353	, 0
5		, 0.28329	, 353	, 0
5		, 0.28329	, 353	, 0
5		, 0.28409	, 352	, 0
5		, 0.28736	, 348	, 0
6		, 0.10194	, 981	, 0
6		, 0.10965	, 912	, 0
6		, 0.11062	, 904	, 0
6		, 0.11161	, 896	, 0
6		, 0.11299	, 885	, 0
6		, 0.12092	, 827	, 0
6		, 0.13986	, 715	, 0
6		, 0.14006	, 714	, 0
6		, 0.14006	, 714	, 0
6		, 0.14045	, 712	, 0
6		, 0.14045	, 712	, 0
6		, 0.14104	, 709	, 0
6		, 0.14144	, 707	, 0
6		, 0.14184	, 705	, 0
6		, 0.14225	, 703	, 0
6		, 0.14265	, 701	, 0
6		, 0.17575	, 569	, 0
6		, 0.17762	, 563	, 0
6		, 0.17794	, 562	, 0
6		, 0.17794	, 562	, 0
6		, 0.17889	, 559	, 0
6		, 0.17953	, 557	, 0
6		, 0.21645	, 462	, 0
6		, 0.29325	, 341	, 0
6		, 0.62112	, 161	, 0
6		, 0.62893	, 159	, 0
6		, 0.62893	, 159	, 0
6		, 0.62893	, 159	, 0
6		, 0.62893	, 159	, 0
6		, 0.62893	, 159	, 0
6		, 0.62893	, 159	, 0
6		, 0.62893	, 159	, 0
6		, 0.62893	, 159	, 0
6		, 0.62893	, 159	, 0
6		, 0.62893	, 159	, 0
6		, 0.62893	, 159	, 0
6		, 0.62893	, 159	, 0
6		, 0.62893	, 159	, 0
7		, 0.29762	, 336	, 0
7		, 0.53192	, 188	, 0
7		, 0.53476	, 187	, 0
7		, 0.84034	, 119	, 0
7		, 0.84746	, 118	, 0
7		, 0.84746	, 118	, 0
7		, 0.84746	, 118	, 0
7		, 0.86207	, 116	, 0
7		, 0.86207	, 116	, 0
7		, 0.86207	, 116	, 0
7		, 0.86957	, 115	, 0
8		, 0.30581	, 327	, 0
8		, 0.30675	, 326	, 0
8		, 0.30769	, 325	, 0
8		, 0.30960	, 323	, 0
8		, 0.30960	, 323	, 0
8		, 0.31056	, 322	, 0
8		, 0.31153	, 321	, 0
8		, 0.31250	, 320	, 0
8		, 0.31348	, 319	, 0
8		, 1.07527	, 93	, 0
8		, 1.35135	, 74	, 0
8		, 2.34884	, 43	, 0
9		, 0.27397	, 365	, 0
9		, 0.28011	, 357	, 0
9		, 0.28090	, 356	, 0
9		, 1.92308	, 52	, 0
10		, 0.53192	, 188	, 0
10		, 0.54054	, 185	, 0
10		, 0.86207	, 116	, 0
10		, 2.40476	, 42	, 0
10		, 3.36667	, 30	, 0
11		, 4.29167	, 24	, 0
11		, 4.95238	, 21	, 0
12		, 5.94118	, 17	, 0
12		, 5.94118	, 17	, 0
12		, 5.94118	, 17	, 0
13		, 2.70270	, 37	, 0
14		, 1.53846	, 65	, 0
14		, 7.50000	, 14	, 0
14		, 7.50000	, 14	, 0
14		, 7.57143	, 14	, 0
14		, 9.54545	, 11	, 0
15		, 16.00000	, 7	, 0
17		, 3.96154	, 26	, 0
17		, 6.17647	, 17	, 0
22		, 27.25000	, 4	, 0
24		, 21.40000	, 5	, 0
25		, 21.60000	, 5	, 0
25		, 22.00000	, 5	, 0
28		, 36.33330	, 3	, 0
29		, 29.50000	, 4	, 0
29		, 36.66670	, 3	, 0
29		, 38.00000	, 3	, 0
29		, 38.33330	, 3	, 0
31		, 2.06122	, 49	, 0
31		, 79.00000	, 2	, 0
31		, 79.50000	, 2	, 0
33		, 112.00000	, 2	, 0
33		, 112.50000	, 2	, 0
33		, 113.00000	, 2	, 0
34		, 99.00000	, 2	, 0
34		, 99.50000	, 2	, 0
34		, 99.50000	, 2	, 0
35		, 108.00000	, 2	, 0
35		, 2.32558	, 43	, 0
35		, 2.43902	, 41	, 0
42		, 149.00000	, 2	, 0
54		, 364.00000	, 2	, 0
54		, 48.00000	, 3	, 0
67		, 676.50000	, 2	, 0
68		, 674.00000	, 2	, 0
73		, 912.00000	, 2	, 0
73		, 912.50000	, 2	, 0
73		, 915.00000	, 2	, 0
75		, 7.50000	, 14	, 0
115		, 68.00000	, 2	, 0
126		, 256999.00000	, 1	, 0
131		, 79.00000	, 2	, 0
131		, 81.00000	, 2	, 0
131		, 94.50000	, 2	, 0
133		, 3810.50000	, 2	, 0
176		, 5909.00000	, 2	, 0
286		, 228597.00000	, 1	, 0
302		, 269900.00000	, 1	, 0
1407		, 	, 	, 
