

app  = cjpeg
algo = maxmiso
arch = virtex
opt  = -ise-archi-max-input=4 -ise-archi-max-output=1
gcc =   -emit-llvm
opt =  
# running opt with ISE pass: 
WARNING: no profiling information found, assuming uniform distribution
Selected architecture: P20ArchitectureVirtexFx
Default settings: 
 * CommInBusCLK: 2
 * CommOutBusCLK_: 2
 * CommInBusWidth_: 2
 * CommOutBusWidth_: 1
 * MaxCI: 7
 * MaxInput: 6
 * MaxOutput: 1
- changing value of MaxInput_: 4
Nodes	, msecs		, it	, candidate_nodes
2	, 0.01871	, 5346	, 0
2	, 0.01887	, 5298	, 0
2	, 0.01976	, 5060	, 0
2	, 0.02006	, 4984	, 0
2	, 0.02007	, 4983	, 0
2	, 0.02007	, 4983	, 0
2	, 0.02007	, 4982	, 0
2	, 0.02009	, 4978	, 0
2	, 0.02010	, 4975	, 0
2	, 0.02011	, 4972	, 0
2	, 0.02012	, 4971	, 0
2	, 0.02014	, 4965	, 0
2	, 0.02016	, 4961	, 0
2	, 0.02017	, 4959	, 0
2	, 0.02020	, 4950	, 0
2	, 0.02021	, 4947	, 0
2	, 0.02022	, 4946	, 0
2	, 0.02022	, 4945	, 0
2	, 0.02023	, 4942	, 0
2	, 0.02025	, 4938	, 0
2	, 0.02027	, 4934	, 0
2	, 0.02029	, 4929	, 0
2	, 0.02029	, 4928	, 0
2	, 0.02031	, 4924	, 0
2	, 0.02031	, 4924	, 0
2	, 0.02033	, 4919	, 0
2	, 0.02050	, 4879	, 0
3	, 0.02210	, 4525	, 0
3	, 0.02220	, 4504	, 0
3	, 0.02323	, 4305	, 0
3	, 0.02350	, 4256	, 0
3	, 0.02351	, 4254	, 0
3	, 0.02358	, 4241	, 0
3	, 0.02359	, 4239	, 0
3	, 0.02363	, 4232	, 0
3	, 0.02366	, 4227	, 0
3	, 0.02367	, 4225	, 0
3	, 0.02367	, 4224	, 0
3	, 0.02372	, 4215	, 0
3	, 0.02376	, 4209	, 0
3	, 0.02379	, 4203	, 0
3	, 0.02380	, 4201	, 0
3	, 0.02384	, 4194	, 0
3	, 0.02386	, 4192	, 0
3	, 0.02404	, 4159	, 1
3	, 0.02458	, 4068	, 0
3	, 0.02458	, 4068	, 1
3	, 0.02458	, 4068	, 1
3	, 0.02467	, 4054	, 1
3	, 0.02469	, 4050	, 1
3	, 0.02473	, 4043	, 1
3	, 0.02486	, 4022	, 1
4	, 0.02617	, 3821	, 0
4	, 0.02665	, 3753	, 1
4	, 0.02670	, 3746	, 1
4	, 0.02701	, 3702	, 1
4	, 0.02703	, 3699	, 1
4	, 0.02709	, 3692	, 1
4	, 0.02718	, 3679	, 1
4	, 0.02723	, 3673	, 1
4	, 0.02839	, 3522	, 0
4	, 0.02864	, 3492	, 0
5	, 0.03054	, 3274	, 1
5	, 0.03055	, 3273	, 1
5	, 0.03132	, 3193	, 1
5	, 0.03151	, 3174	, 2
5	, 0.03152	, 3173	, 2
5	, 0.03153	, 3172	, 2
5	, 0.03173	, 3152	, 2
5	, 0.03179	, 3146	, 2
5	, 0.03180	, 3145	, 2
5	, 0.03185	, 3140	, 2
5	, 0.03200	, 3125	, 2
6	, 0.03252	, 3075	, 0
6	, 0.03359	, 2977	, 1
6	, 0.03453	, 2896	, 1
6	, 0.03506	, 2852	, 1
6	, 0.03536	, 2828	, 1
6	, 0.03537	, 2827	, 1
6	, 0.03546	, 2820	, 1
7	, 0.03789	, 2639	, 2
7	, 0.03794	, 2636	, 2
7	, 0.03860	, 2591	, 1
7	, 0.03864	, 2588	, 1
7	, 0.03865	, 2587	, 1
7	, 0.03873	, 2582	, 1
7	, 0.03874	, 2581	, 1
7	, 0.03874	, 2581	, 1
7	, 0.03876	, 2580	, 1
7	, 0.03893	, 2569	, 1
7	, 0.03894	, 2568	, 1
7	, 0.03897	, 2566	, 1
7	, 0.03900	, 2564	, 1
7	, 0.03902	, 2563	, 1
7	, 0.03918	, 2552	, 1
7	, 0.03928	, 2546	, 1
7	, 0.03929	, 2545	, 1
7	, 0.03929	, 2545	, 1
7	, 0.03931	, 2544	, 1
7	, 0.03932	, 2543	, 1
7	, 0.03951	, 2531	, 1
8	, 0.04163	, 2402	, 2
8	, 0.04182	, 2391	, 2
8	, 0.04193	, 2385	, 1
8	, 0.04195	, 2384	, 1
8	, 0.04211	, 2375	, 1
9	, 0.04365	, 2291	, 2
9	, 0.04378	, 2284	, 1
9	, 0.04423	, 2261	, 0
9	, 0.04444	, 2250	, 0
9	, 0.04468	, 2238	, 0
9	, 0.04566	, 2190	, 2
9	, 0.04581	, 2183	, 2
10	, 0.04388	, 2279	, 1
10	, 0.04405	, 2270	, 1
10	, 0.04615	, 2167	, 2
10	, 0.04730	, 2114	, 2
10	, 0.04792	, 2087	, 0
10	, 0.04871	, 2053	, 0
10	, 0.04871	, 2053	, 3
10	, 0.04878	, 2050	, 2
10	, 0.04880	, 2049	, 2
10	, 0.04985	, 2006	, 2
11	, 0.05203	, 1922	, 2
11	, 0.05222	, 1915	, 2
14	, 0.05869	, 1704	, 0
15	, 0.06250	, 1600	, 2
15	, 0.06262	, 1597	, 2
15	, 0.06270	, 1595	, 2
15	, 0.06293	, 1589	, 1
34	, 0.12438	, 804	, 4
42	, 0.15152	, 660	, 6
48	, 0.17513	, 571	, 14
137	, 0.48544	, 206	, 0
