

app  = cjpeg
algo = singlecut
arch = virtex
opt  = -ise-archi-max-input=4 -ise-archi-max-output=1
gcc =   -emit-llvm
opt =  
# running opt with ISE pass: 
WARNING: no profiling information found, assuming uniform distribution
Selected architecture: P20ArchitectureVirtexFx
Default settings: 
 * CommInBusCLK: 2
 * CommOutBusCLK_: 2
 * CommInBusWidth_: 2
 * CommOutBusWidth_: 1
 * MaxCI: 7
 * MaxInput: 6
 * MaxOutput: 1
- changing value of MaxInput_: 4
Nodes	, msecs		, it	, candidate_nodes
2	, 0.02437	, 4104	, 0
2	, 0.02449	, 4084	, 0
2	, 0.02455	, 4073	, 0
2	, 0.02473	, 4044	, 0
2	, 0.02479	, 4034	, 0
2	, 0.02479	, 4034	, 0
2	, 0.02480	, 4033	, 0
2	, 0.02480	, 4032	, 0
2	, 0.02480	, 4032	, 0
2	, 0.02480	, 4032	, 0
2	, 0.02480	, 4032	, 0
2	, 0.02481	, 4031	, 0
2	, 0.02482	, 4029	, 0
2	, 0.02483	, 4028	, 0
2	, 0.02484	, 4026	, 0
2	, 0.02486	, 4023	, 0
2	, 0.02486	, 4022	, 0
2	, 0.02489	, 4018	, 0
2	, 0.02489	, 4018	, 0
2	, 0.02489	, 4017	, 0
2	, 0.02491	, 4014	, 0
2	, 0.02493	, 4012	, 0
2	, 0.02495	, 4008	, 0
2	, 0.02498	, 4004	, 0
2	, 0.02502	, 3996	, 0
2	, 0.02507	, 3989	, 0
2	, 0.02567	, 3896	, 0
3	, 0.02858	, 3499	, 0
3	, 0.02952	, 3387	, 0
3	, 0.02977	, 3359	, 0
3	, 0.02994	, 3340	, 0
3	, 0.02998	, 3336	, 0
3	, 0.03004	, 3329	, 0
3	, 0.03008	, 3324	, 0
3	, 0.03009	, 3323	, 0
3	, 0.03011	, 3321	, 0
3	, 0.03015	, 3317	, 0
3	, 0.03023	, 3308	, 0
3	, 0.03135	, 3190	, 1
3	, 0.03139	, 3186	, 1
3	, 0.03149	, 3176	, 1
3	, 0.03152	, 3173	, 1
3	, 0.03159	, 3166	, 1
3	, 0.03159	, 3166	, 1
3	, 0.03168	, 3157	, 1
3	, 0.03404	, 2938	, 3
3	, 0.03406	, 2936	, 3
3	, 0.03414	, 2929	, 3
3	, 0.03415	, 2928	, 3
3	, 0.03419	, 2925	, 3
3	, 0.03434	, 2912	, 1
3	, 0.03435	, 2911	, 3
4	, 0.03399	, 2942	, 0
4	, 0.03467	, 2884	, 1
4	, 0.03817	, 2620	, 1
4	, 0.03830	, 2611	, 1
4	, 0.03833	, 2609	, 1
4	, 0.03837	, 2606	, 1
4	, 0.04031	, 2481	, 1
4	, 0.04047	, 2471	, 3
4	, 0.04047	, 2471	, 3
4	, 0.04085	, 2448	, 3
5	, 0.04470	, 2237	, 3
5	, 0.04737	, 2111	, 3
5	, 0.04773	, 2095	, 3
5	, 0.05744	, 1741	, 4
5	, 0.05744	, 1741	, 4
5	, 0.05747	, 1740	, 4
5	, 0.05764	, 1735	, 4
5	, 0.05767	, 1734	, 4
5	, 0.05770	, 1733	, 4
5	, 0.05777	, 1731	, 4
5	, 0.05780	, 1730	, 4
6	, 0.04515	, 2215	, 1
6	, 0.04973	, 2011	, 1
6	, 0.05461	, 1831	, 3
6	, 0.05470	, 1828	, 3
6	, 0.05470	, 1828	, 3
6	, 0.05501	, 1818	, 3
6	, 0.05624	, 1778	, 4
7	, 0.06671	, 1499	, 5
7	, 0.06671	, 1499	, 5
7	, 0.06680	, 1497	, 5
7	, 0.06684	, 1496	, 5
7	, 0.06689	, 1495	, 5
7	, 0.06693	, 1494	, 5
7	, 0.06693	, 1494	, 5
7	, 0.06693	, 1494	, 5
7	, 0.06693	, 1494	, 5
7	, 0.06698	, 1493	, 5
7	, 0.06702	, 1492	, 5
7	, 0.06702	, 1492	, 5
7	, 0.06702	, 1492	, 5
7	, 0.06707	, 1491	, 5
7	, 0.06707	, 1491	, 5
7	, 0.06716	, 1489	, 5
7	, 0.06716	, 1489	, 5
7	, 0.06720	, 1488	, 5
7	, 0.06725	, 1487	, 5
7	, 0.06878	, 1454	, 4
7	, 0.09852	, 1015	, 12
8	, 0.06798	, 1471	, 3
8	, 0.07380	, 1355	, 5
8	, 0.07386	, 1354	, 5
8	, 0.08292	, 1206	, 5
8	, 0.08299	, 1205	, 5
9	, 0.05774	, 1732	, 1
9	, 0.05787	, 1728	, 1
9	, 0.06053	, 1652	, 1
9	, 0.06105	, 1638	, 3
9	, 0.08772	, 1140	, 5
9	, 0.09862	, 1014	, 9
9	, 0.10893	, 918	, 8
10	, 0.05848	, 1710	, 1
10	, 0.05875	, 1702	, 3
10	, 0.06789	, 1473	, 2
10	, 0.08666	, 1154	, 4
10	, 0.09794	, 1021	, 5
10	, 0.09794	, 1021	, 5
10	, 0.09960	, 1004	, 6
10	, 0.10071	, 993	, 9
10	, 0.14245	, 702	, 9
10	, 0.17889	, 559	, 23
11	, 0.10823	, 924	, 5
11	, 0.10823	, 924	, 5
14	, 0.08945	, 1118	, 1
15	, 0.20121	, 497	, 14
15	, 0.20121	, 497	, 14
15	, 0.20121	, 497	, 14
15	, 0.21692	, 461	, 7
34	, 0.81301	, 123	, 27
42	, 1.26582	, 79	, 43
48	, 2.48780	, 41	, 70
137	, 8.83333	, 12	, 84
