

app  = blowfish
algo = singlecut
arch = virtex
opt  = -ise-archi-max-input=4 -ise-archi-max-output=1
gcc =   -emit-llvm
opt =  
# running opt with ISE pass: 
WARNING: no profiling information found, assuming uniform distribution
Selected architecture: P20ArchitectureVirtexFx
Default settings: 
 * CommInBusCLK: 2
 * CommOutBusCLK_: 2
 * CommInBusWidth_: 2
 * CommOutBusWidth_: 1
 * MaxCI: 7
 * MaxInput: 6
 * MaxOutput: 1
- changing value of MaxInput_: 4
Nodes	, msecs		, it	, candidate_nodes
3	, 0.02844	, 3516	, 0
3	, 0.02861	, 3495	, 0
3	, 0.03024	, 3307	, 1
3	, 0.03409	, 2933	, 3
5	, 0.03281	, 3048	, 0
7	, 0.08313	, 1203	, 6
7	, 0.08881	, 1126	, 7
7	, 0.08929	, 1120	, 7
7	, 0.09653	, 1036	, 12
7	, 0.09728	, 1028	, 12
8	, 0.05893	, 1697	, 3
8	, 0.08576	, 1166	, 5
8	, 0.10627	, 941	, 7
8	, 0.10707	, 934	, 7
9	, 0.14389	, 695	, 12
9	, 0.14409	, 694	, 12
9	, 0.14409	, 694	, 12
9	, 0.14451	, 692	, 12
9	, 0.14451	, 692	, 12
9	, 0.14451	, 692	, 12
10	, 0.12870	, 777	, 11
10	, 0.15528	, 644	, 12
10	, 0.15552	, 643	, 12
10	, 0.15552	, 643	, 12
10	, 0.15576	, 642	, 12
10	, 0.15576	, 642	, 12
10	, 0.15601	, 641	, 12
11	, 0.10718	, 933	, 5
11	, 0.15898	, 629	, 14
13	, 0.20325	, 492	, 17
16	, 0.32051	, 312	, 24
16	, 0.34014	, 294	, 23
19	, 0.31746	, 315	, 16
22	, 0.37879	, 264	, 18
22	, 0.68966	, 145	, 33
25	, 0.69444	, 144	, 32
27	, 1.17647	, 85	, 51
38	, 1.60317	, 63	, 38
44	, 1.57812	, 64	, 38
47	, 2.04082	, 49	, 42
49	, 11.66670	, 9	, 252
55	, 6.05882	, 17	, 193
59	, 26.00000	, 4	, 425
64	, 3.74074	, 27	, 74
68	, 39.66670	, 3	, 428
80	, 56.50000	, 2	, 431
98	, 52.00000	, 2	, 482
108	, 59.00000	, 2	, 487
127	, 63.50000	, 2	, 496
127	, 72.50000	, 2	, 431
127	, 84.00000	, 2	, 516
673	, 1305.00000	, 1	, 3068
674	, 1315.00000	, 1	, 3068
