

app  = cjpeg
algo = maxmiso
arch = virtex
opt  = -ise-archi-max-input=4 -ise-archi-max-output=2
gcc =   -emit-llvm
opt =  
# running opt with ISE pass: 
WARNING: no profiling information found, assuming uniform distribution
Selected architecture: P20ArchitectureVirtexFx
Default settings: 
 * CommInBusCLK: 2
 * CommOutBusCLK_: 2
 * CommInBusWidth_: 2
 * CommOutBusWidth_: 1
 * MaxCI: 7
 * MaxInput: 6
 * MaxOutput: 1
- changing value of MaxInput_: 4
- changing value of MaxOutput_: 2
Nodes	, msecs		, it	, candidate_nodes
2	, 0.01845	, 5421	, 0
2	, 0.01859	, 5380	, 0
2	, 0.01963	, 5095	, 0
2	, 0.01984	, 5040	, 0
2	, 0.01985	, 5038	, 0
2	, 0.01989	, 5027	, 0
2	, 0.01990	, 5025	, 0
2	, 0.01990	, 5024	, 0
2	, 0.01990	, 5024	, 0
2	, 0.01991	, 5023	, 0
2	, 0.01991	, 5022	, 0
2	, 0.01994	, 5015	, 0
2	, 0.01999	, 5003	, 0
2	, 0.02001	, 4997	, 0
2	, 0.02003	, 4993	, 0
2	, 0.02005	, 4988	, 0
2	, 0.02005	, 4988	, 0
2	, 0.02006	, 4986	, 0
2	, 0.02006	, 4984	, 0
2	, 0.02007	, 4983	, 0
2	, 0.02007	, 4982	, 0
2	, 0.02008	, 4981	, 0
2	, 0.02008	, 4981	, 0
2	, 0.02010	, 4974	, 0
2	, 0.02010	, 4974	, 0
2	, 0.02012	, 4971	, 0
2	, 0.02013	, 4967	, 0
3	, 0.02163	, 4623	, 0
3	, 0.02185	, 4577	, 0
3	, 0.02299	, 4349	, 0
3	, 0.02322	, 4307	, 0
3	, 0.02326	, 4299	, 0
3	, 0.02340	, 4273	, 0
3	, 0.02346	, 4263	, 0
3	, 0.02349	, 4257	, 0
3	, 0.02351	, 4254	, 0
3	, 0.02352	, 4252	, 0
3	, 0.02352	, 4251	, 0
3	, 0.02354	, 4248	, 0
3	, 0.02360	, 4238	, 0
3	, 0.02364	, 4230	, 0
3	, 0.02371	, 4218	, 0
3	, 0.02372	, 4216	, 0
3	, 0.02372	, 4215	, 0
3	, 0.02385	, 4193	, 1
3	, 0.02424	, 4126	, 0
3	, 0.02425	, 4124	, 1
3	, 0.02428	, 4118	, 1
3	, 0.02436	, 4105	, 1
3	, 0.02447	, 4087	, 1
3	, 0.02452	, 4079	, 1
3	, 0.02455	, 4073	, 1
4	, 0.02557	, 3911	, 0
4	, 0.02647	, 3778	, 1
4	, 0.02649	, 3775	, 1
4	, 0.02655	, 3766	, 1
4	, 0.02672	, 3743	, 1
4	, 0.02683	, 3727	, 1
4	, 0.02684	, 3726	, 1
4	, 0.02693	, 3714	, 1
4	, 0.02809	, 3560	, 0
4	, 0.02822	, 3543	, 0
5	, 0.02974	, 3363	, 1
5	, 0.03027	, 3304	, 1
5	, 0.03096	, 3230	, 1
5	, 0.03115	, 3210	, 2
5	, 0.03123	, 3202	, 2
5	, 0.03125	, 3200	, 2
5	, 0.03129	, 3196	, 2
5	, 0.03130	, 3195	, 2
5	, 0.03131	, 3194	, 2
5	, 0.03146	, 3179	, 2
5	, 0.03153	, 3172	, 2
6	, 0.03225	, 3101	, 0
6	, 0.03365	, 2972	, 1
6	, 0.03421	, 2923	, 1
6	, 0.03440	, 2907	, 1
6	, 0.03447	, 2901	, 1
6	, 0.03478	, 2875	, 1
6	, 0.03487	, 2868	, 1
7	, 0.03752	, 2665	, 2
7	, 0.03761	, 2659	, 2
7	, 0.03810	, 2625	, 1
7	, 0.03812	, 2623	, 1
7	, 0.03817	, 2620	, 1
7	, 0.03820	, 2618	, 1
7	, 0.03821	, 2617	, 1
7	, 0.03821	, 2617	, 1
7	, 0.03823	, 2616	, 1
7	, 0.03824	, 2615	, 1
7	, 0.03852	, 2596	, 1
7	, 0.03852	, 2596	, 1
7	, 0.03852	, 2596	, 1
7	, 0.03855	, 2594	, 1
7	, 0.03855	, 2594	, 1
7	, 0.03861	, 2590	, 1
7	, 0.03864	, 2588	, 1
7	, 0.03864	, 2588	, 1
7	, 0.03865	, 2587	, 1
7	, 0.03871	, 2583	, 1
7	, 0.03874	, 2581	, 1
8	, 0.04077	, 2453	, 1
8	, 0.04108	, 2434	, 1
8	, 0.04115	, 2430	, 1
8	, 0.04125	, 2424	, 2
8	, 0.04148	, 2411	, 2
9	, 0.04305	, 2323	, 2
9	, 0.04355	, 2296	, 0
9	, 0.04390	, 2278	, 0
9	, 0.04396	, 2275	, 1
9	, 0.04427	, 2259	, 0
9	, 0.04523	, 2211	, 2
9	, 0.04579	, 2184	, 2
10	, 0.04367	, 2290	, 1
10	, 0.04369	, 2289	, 1
10	, 0.04531	, 2207	, 2
10	, 0.04671	, 2141	, 2
10	, 0.04728	, 2115	, 0
10	, 0.04789	, 2088	, 3
10	, 0.04796	, 2085	, 0
10	, 0.04822	, 2074	, 2
10	, 0.04826	, 2072	, 2
10	, 0.04845	, 2064	, 2
11	, 0.05112	, 1956	, 2
11	, 0.05141	, 1945	, 2
14	, 0.05767	, 1734	, 0
15	, 0.06177	, 1619	, 2
15	, 0.06188	, 1616	, 2
15	, 0.06203	, 1612	, 1
15	, 0.06207	, 1611	, 2
34	, 0.12255	, 816	, 4
42	, 0.14970	, 668	, 6
48	, 0.17212	, 581	, 14
137	, 0.47847	, 209	, 0
