

app  = blowfish
algo = singlecut
arch = virtex
opt  = -ise-archi-max-input=4 -ise-archi-max-output=2
gcc =   -emit-llvm
opt =  
# running opt with ISE pass: 
WARNING: no profiling information found, assuming uniform distribution
Selected architecture: P20ArchitectureVirtexFx
Default settings: 
 * CommInBusCLK: 2
 * CommOutBusCLK_: 2
 * CommInBusWidth_: 2
 * CommOutBusWidth_: 1
 * MaxCI: 7
 * MaxInput: 6
 * MaxOutput: 1
- changing value of MaxInput_: 4
- changing value of MaxOutput_: 2
Nodes	, msecs		, it	, candidate_nodes
3	, 0.02847	, 3513	, 0
3	, 0.02902	, 3446	, 0
3	, 0.03019	, 3312	, 1
3	, 0.03465	, 2886	, 3
5	, 0.03298	, 3032	, 0
7	, 0.09728	, 1028	, 15
7	, 0.09872	, 1013	, 10
7	, 0.09901	, 1010	, 10
7	, 0.16340	, 612	, 49
7	, 0.16584	, 603	, 49
8	, 0.05963	, 1677	, 3
8	, 0.11561	, 865	, 12
8	, 0.11990	, 834	, 13
8	, 0.12048	, 830	, 13
9	, 0.21645	, 462	, 39
9	, 0.21645	, 462	, 39
9	, 0.21692	, 461	, 39
9	, 0.21692	, 461	, 39
9	, 0.21692	, 461	, 39
9	, 0.21692	, 461	, 39
10	, 0.18832	, 531	, 37
10	, 0.24752	, 404	, 46
10	, 0.24752	, 404	, 46
10	, 0.24752	, 404	, 46
10	, 0.24814	, 403	, 46
10	, 0.24814	, 403	, 46
10	, 0.24938	, 401	, 46
11	, 0.14514	, 689	, 12
11	, 0.37175	, 269	, 76
13	, 0.44643	, 224	, 85
16	, 1.20482	, 83	, 161
16	, 1.57812	, 64	, 261
19	, 0.82645	, 121	, 86
22	, 1.21687	, 83	, 113
22	, 5.20000	, 20	, 497
25	, 3.67857	, 28	, 340
27	, 8.41667	, 12	, 545
38	, 14.85710	, 7	, 651
44	, 13.62500	, 8	, 651
47	, 20.60000	, 5	, 810
49	, 174.00000	, 1	, 4365
55	, 149.00000	, 1	, 5104
59	, 614.00000	, 1	, 11653
64	, 62.00000	, 2	, 2501
68	, 859.00000	, 1	, 11649
80	, 880.00000	, 1	, 11561
98	, 1859.00000	, 1	, 25582
108	, 2329.00000	, 1	, 26422
127	, 2855.00000	, 1	, 27434
127	, 3053.00000	, 1	, 26180
127	, 3483.00000	, 1	, 27495
673	, 658876.00000	, 1	, 1752717
674	, 664025.00000	, 1	, 1752721
