

app  = blowfish
algo = union
arch = virtex
opt  = -ise-archi-max-input=4 -ise-archi-max-output=2
gcc =   -emit-llvm
# calculating candidates
# calculating benchmarking results
WARNING: no profiling information found, assuming uniform distribution
Selected architecture: P20ArchitectureVirtexFx
Default settings: 
 * CommInBusCLK: 2
 * CommOutBusCLK_: 2
 * CommInBusWidth_: 2
 * CommOutBusWidth_: 1
 * MaxCI: 7
 * MaxInput: 6
 * MaxOutput: 1
- changing value of MaxInput_: 4
- changing value of MaxOutput_: 2
Nodes	, msecs		, it	, candidate_nodes
3	, 0.04757	, 2102	, 0
3	, 0.04782	, 2091	, 0
3	, 0.11416	, 876	, 1
3	, 0.19646	, 509	, 3
5	, 0.04054	, 2467	, 0
7	, 0.38168	, 262	, 6
7	, 0.44053	, 227	, 7
7	, 0.44248	, 226	, 7
7	, 0.62112	, 161	, 12
7	, 0.62112	, 161	, 12
8	, 0.22173	, 451	, 3
8	, 0.36101	, 277	, 5
8	, 0.45454	, 220	, 7
8	, 0.45662	, 219	, 7
9	, 0.67568	, 148	, 12
9	, 0.67568	, 148	, 12
9	, 0.67568	, 148	, 12
9	, 0.67568	, 148	, 12
9	, 0.67568	, 148	, 12
9	, 0.67568	, 148	, 12
10	, 0.68966	, 145	, 11
10	, 0.68966	, 145	, 12
10	, 0.68966	, 145	, 12
10	, 0.68966	, 145	, 12
10	, 0.68966	, 145	, 12
10	, 0.69444	, 144	, 12
10	, 0.69444	, 144	, 12
11	, 0.37453	, 267	, 5
11	, 0.81967	, 122	, 14
13	, 0.90090	, 111	, 17
16	, 1.24691	, 81	, 24
16	, 2.19565	, 46	, 46
19	, 1.11111	, 90	, 18
22	, 1.20482	, 83	, 20
22	, 1.85185	, 54	, 33
25	, 6.80000	, 15	, 91
27	, 2.65789	, 38	, 55
38	, 2.37209	, 43	, 38
44	, 2.42857	, 42	, 38
47	, 2.72973	, 37	, 42
49	, 45.00000	, 3	, 303
55	, 10.10000	, 10	, 193
59	, 24.00000	, 5	, 429
64	, 4.68182	, 22	, 74
68	, 26.50000	, 4	, 428
80	, 26.75000	, 4	, 431
98	, 45.00000	, 3	, 593
108	, 36.00000	, 3	, 534
127	, 38624.00000	, 1	, 630
127	, 38640.00000	, 1	, 633
127	, 7357.00000	, 1	, 555
673	, 1521.00000	, 1	, 4997
674	, 1522.00000	, 1	, 4997
