

app  = blowfish
algo = maxmiso
arch = virtex
opt  = -ise-archi-max-input=4 -ise-archi-max-output=2
gcc =   -emit-llvm
opt =  
# running opt with ISE pass: 
WARNING: no profiling information found, assuming uniform distribution
Selected architecture: P20ArchitectureVirtexFx
Default settings: 
 * CommInBusCLK: 2
 * CommOutBusCLK_: 2
 * CommInBusWidth_: 2
 * CommOutBusWidth_: 1
 * MaxCI: 7
 * MaxInput: 6
 * MaxOutput: 1
- changing value of MaxInput_: 4
- changing value of MaxOutput_: 2
Nodes	, msecs		, it	, candidate_nodes
3	, 0.02214	, 4516	, 0
3	, 0.02222	, 4501	, 0
3	, 0.02393	, 4178	, 0
3	, 0.02438	, 4101	, 1
5	, 0.02598	, 3849	, 0
7	, 0.03706	, 2698	, 2
7	, 0.03717	, 2690	, 2
7	, 0.03764	, 2657	, 2
7	, 0.03788	, 2640	, 1
7	, 0.03814	, 2622	, 1
8	, 0.03826	, 2614	, 1
8	, 0.03978	, 2514	, 3
8	, 0.04110	, 2433	, 1
8	, 0.04141	, 2415	, 1
9	, 0.04277	, 2338	, 2
9	, 0.04301	, 2325	, 2
9	, 0.04316	, 2317	, 2
9	, 0.04337	, 2306	, 2
9	, 0.04340	, 2304	, 2
9	, 0.04373	, 2287	, 2
10	, 0.04583	, 2182	, 2
10	, 0.04585	, 2181	, 2
10	, 0.04585	, 2181	, 2
10	, 0.04643	, 2154	, 2
10	, 0.04645	, 2153	, 2
10	, 0.04677	, 2138	, 2
10	, 0.04873	, 2052	, 2
11	, 0.04871	, 2053	, 3
11	, 0.05043	, 1983	, 2
13	, 0.05577	, 1793	, 3
16	, 0.06854	, 1459	, 5
16	, 0.06897	, 1450	, 3
19	, 0.07599	, 1316	, 4
22	, 0.08540	, 1171	, 4
22	, 0.08842	, 1131	, 9
25	, 0.09579	, 1044	, 5
27	, 0.09990	, 1001	, 4
38	, 0.13228	, 756	, 6
44	, 0.15060	, 664	, 6
47	, 0.15798	, 633	, 7
49	, 0.16584	, 603	, 8
55	, 0.18484	, 541	, 5
59	, 0.19685	, 508	, 13
64	, 0.21368	, 468	, 15
68	, 0.22321	, 448	, 11
80	, 0.25445	, 393	, 8
98	, 0.31153	, 321	, 22
108	, 0.34130	, 293	, 25
127	, 0.42194	, 237	, 34
127	, 0.42373	, 236	, 21
127	, 0.42735	, 234	, 22
673	, 2.10417	, 48	, 92
674	, 2.12766	, 47	, 92
