

app  = cjpeg
algo = singlecut
arch = virtex
opt  = -ise-archi-max-input=4 -ise-archi-max-output=2
gcc =   -emit-llvm
opt =  
# running opt with ISE pass: 
WARNING: no profiling information found, assuming uniform distribution
Selected architecture: P20ArchitectureVirtexFx
Default settings: 
 * CommInBusCLK: 2
 * CommOutBusCLK_: 2
 * CommInBusWidth_: 2
 * CommOutBusWidth_: 1
 * MaxCI: 7
 * MaxInput: 6
 * MaxOutput: 1
- changing value of MaxInput_: 4
- changing value of MaxOutput_: 2
Nodes	, msecs		, it	, candidate_nodes
2	, 0.02428	, 4118	, 0
2	, 0.02442	, 4095	, 0
2	, 0.02456	, 4072	, 0
2	, 0.02469	, 4050	, 0
2	, 0.02472	, 4046	, 0
2	, 0.02472	, 4046	, 0
2	, 0.02474	, 4042	, 0
2	, 0.02476	, 4039	, 0
2	, 0.02476	, 4039	, 0
2	, 0.02476	, 4039	, 0
2	, 0.02476	, 4038	, 0
2	, 0.02477	, 4037	, 0
2	, 0.02477	, 4037	, 0
2	, 0.02478	, 4036	, 0
2	, 0.02478	, 4036	, 0
2	, 0.02480	, 4032	, 0
2	, 0.02481	, 4031	, 0
2	, 0.02481	, 4031	, 0
2	, 0.02481	, 4031	, 0
2	, 0.02483	, 4028	, 0
2	, 0.02483	, 4027	, 0
2	, 0.02484	, 4026	, 0
2	, 0.02485	, 4024	, 0
2	, 0.02486	, 4023	, 0
2	, 0.02486	, 4023	, 0
2	, 0.02491	, 4014	, 0
2	, 0.02494	, 4009	, 0
3	, 0.02840	, 3521	, 0
3	, 0.02944	, 3397	, 0
3	, 0.02954	, 3385	, 0
3	, 0.02985	, 3350	, 0
3	, 0.02995	, 3339	, 0
3	, 0.02997	, 3337	, 0
3	, 0.03005	, 3328	, 0
3	, 0.03009	, 3323	, 0
3	, 0.03015	, 3317	, 0
3	, 0.03016	, 3316	, 0
3	, 0.03039	, 3291	, 0
3	, 0.03136	, 3189	, 1
3	, 0.03149	, 3176	, 1
3	, 0.03152	, 3173	, 1
3	, 0.03159	, 3166	, 1
3	, 0.03161	, 3164	, 1
3	, 0.03179	, 3146	, 1
3	, 0.03184	, 3141	, 1
3	, 0.03407	, 2935	, 3
3	, 0.03425	, 2920	, 3
3	, 0.03428	, 2917	, 3
3	, 0.03428	, 2917	, 3
3	, 0.03436	, 2910	, 1
3	, 0.03439	, 2908	, 3
3	, 0.03440	, 2907	, 3
4	, 0.03423	, 2921	, 0
4	, 0.03498	, 2859	, 1
4	, 0.03846	, 2600	, 1
4	, 0.03854	, 2595	, 1
4	, 0.03857	, 2593	, 1
4	, 0.03858	, 2592	, 1
4	, 0.04060	, 2463	, 3
4	, 0.04062	, 2462	, 1
4	, 0.04080	, 2451	, 3
4	, 0.04105	, 2436	, 3
5	, 0.04474	, 2235	, 3
5	, 0.04757	, 2102	, 3
5	, 0.04843	, 2065	, 3
5	, 0.06627	, 1509	, 6
5	, 0.06636	, 1507	, 6
5	, 0.06645	, 1505	, 6
5	, 0.06645	, 1505	, 6
5	, 0.06653	, 1503	, 6
5	, 0.06658	, 1502	, 6
5	, 0.06662	, 1501	, 6
5	, 0.06671	, 1499	, 6
6	, 0.04476	, 2234	, 1
6	, 0.04983	, 2007	, 1
6	, 0.05498	, 1819	, 3
6	, 0.05498	, 1819	, 3
6	, 0.05504	, 1817	, 3
6	, 0.05534	, 1807	, 3
6	, 0.05695	, 1756	, 5
7	, 0.06930	, 1443	, 8
7	, 0.06930	, 1443	, 8
7	, 0.06940	, 1441	, 8
7	, 0.06940	, 1441	, 8
7	, 0.06940	, 1441	, 8
7	, 0.06940	, 1441	, 8
7	, 0.06940	, 1441	, 8
7	, 0.06944	, 1440	, 8
7	, 0.06944	, 1440	, 8
7	, 0.06954	, 1438	, 8
7	, 0.06954	, 1438	, 8
7	, 0.06959	, 1437	, 8
7	, 0.06959	, 1437	, 8
7	, 0.06964	, 1436	, 8
7	, 0.06964	, 1436	, 8
7	, 0.06964	, 1436	, 8
7	, 0.06964	, 1436	, 8
7	, 0.06969	, 1435	, 8
7	, 0.06974	, 1434	, 8
7	, 0.07536	, 1327	, 7
7	, 0.16420	, 609	, 49
8	, 0.06835	, 1463	, 3
8	, 0.07628	, 1311	, 8
8	, 0.07645	, 1308	, 8
8	, 0.11186	, 894	, 11
8	, 0.11211	, 892	, 11
9	, 0.05790	, 1727	, 1
9	, 0.05807	, 1722	, 1
9	, 0.06098	, 1640	, 1
9	, 0.06116	, 1635	, 3
9	, 0.10101	, 990	, 10
9	, 0.10799	, 926	, 20
9	, 0.13928	, 718	, 22
10	, 0.05855	, 1708	, 1
10	, 0.05869	, 1704	, 3
10	, 0.06812	, 1468	, 3
10	, 0.11416	, 876	, 10
10	, 0.11521	, 868	, 10
10	, 0.11534	, 867	, 10
10	, 0.12092	, 827	, 14
10	, 0.13369	, 748	, 27
10	, 0.25126	, 398	, 36
10	, 0.35211	, 284	, 88
11	, 0.12920	, 774	, 10
11	, 0.12937	, 773	, 10
14	, 0.08977	, 1114	, 1
15	, 0.27624	, 362	, 13
15	, 0.42735	, 234	, 72
15	, 0.42735	, 234	, 72
15	, 0.42735	, 234	, 72
34	, 3.43333	, 30	, 290
42	, 12.22220	, 9	, 794
48	, 42.00000	, 3	, 2288
137	, 202.00000	, 1	, 3570
