maxmiso	, size	, time	, it	, cand	,	singlecut	, size	, time	, it	, cand	,	union	, size	, time	, it	, cand	,	multicut	, size	, time	, it	, cand	,
			
			
 adpcm		,	,	,	,	,	 adpcm		, 3	, 0.03420	, 2924	, 3	,	 adpcm		, 3	, 0.19570	, 511	, 3	,	 adpcm		,	,	,	,	,
		, 	,	,	,	,			, 3	, 0.03449	, 2899	, 3	,			, 3	, 0.19685	, 508	, 3	,			, 	,	,	,	,
		, 	,	,	,	,			, 3	, 0.03455	, 2894	, 3	,			, 3	, 0.19685	, 508	, 3	,			, 	,	,	,	,
		, 	,	,	,	,			, 4	, 0.03845	, 2601	, 1	,			, 4	, 0.12854	, 778	, 1	,			, 	,	,	,	,
		, 	,	,	,	,			, 5	, 0.05005	, 1998	, 5	,			, 5	, 0.28736	, 348	, 4	,			, 	,	,	,	,
		, 	,	,	,	,			, 5	, 0.06579	, 1520	, 5	,			, 5	, 0.31847	, 314	, 5	,			, 	,	,	,	,
		, 	,	,	,	,			, 5	, 0.06609	, 1513	, 5	,			, 5	, 0.31847	, 314	, 5	,			, 	,	,	,	,
		, 	,	,	,	,			, 5	, 0.06623	, 1510	, 5	,			, 5	, 0.31949	, 313	, 5	,			, 	,	,	,	,
		, 	,	,	,	,			, 5	, 0.06636	, 1507	, 5	,			, 5	, 0.31949	, 313	, 5	,			, 	,	,	,	,
		, 	,	,	,	,			, 5	, 0.06671	, 1499	, 12	,			, 5	, 0.46083	, 217	, 9	,			, 	,	,	,	,
		, 	,	,	,	,			, 6	, 0.06998	, 1429	, 12	,			, 6	, 0.46512	, 215	, 9	,			, 	,	,	,	,
		, 	,	,	,	,			, 6	, 0.07013	, 1426	, 12	,			, 6	, 0.46512	, 215	, 9	,			, 	,	,	,	,
		, 	,	,	,	,			, 7	, 0.11521	, 868	, 18	,			, 7	, 0.55556	, 180	, 9	,			, 	,	,	,	,
		, 	,	,	,	,			, 7	, 0.11534	, 867	, 18	,			, 7	, 0.55556	, 180	, 9	,			, 	,	,	,	,
		, 	,	,	,	,			, 8	, 0.07541	, 1326	, 3	,			, 8	, 0.23310	, 429	, 2	,			, 	,	,	,	,
		, 	,	,	,	,			, 8	, 0.07547	, 1325	, 3	,			, 8	, 0.23474	, 426	, 2	,			, 	,	,	,	,
		, 	,	,	,	,			, 10	, 0.14859	, 673	, 15	,			, 10	, 0.54945	, 182	, 8	,			, 	,	,	,	,
		, 	,	,	,	,			, 11	, 0.09017	, 1109	, 5	,			, 11	, 0.30675	, 326	, 4	,			, 	,	,	,	,
		, 	,	,	,	,			, 11	, 0.33223	, 301	, 40	,			, 11	, 0.88496	, 113	, 16	,			, 	,	,	,	,
		, 	,	,	,	,			, 11	, 0.37037	, 270	, 36	,			, 11	, 0.93458	, 107	, 13	,			, 	,	,	,	,
		, 	,	,	,	,			, 11	, 0.37175	, 269	, 36	,			, 11	, 0.93458	, 107	, 13	,			, 	,	,	,	,
		, 	,	,	,	,			, 12	, 0.10438	, 958	, 9	,			, 12	, 0.40486	, 247	, 5	,			, 	,	,	,	,
		, 	,	,	,	,			, 12	, 0.23310	, 429	, 21	,			, 12	, 0.62893	, 159	, 8	,			, 	,	,	,	,
		, 	,	,	,	,			, 12	, 0.28249	, 354	, 29	,			, 12	, 0.81967	, 122	, 12	,			, 	,	,	,	,
		, 	,	,	,	,			, 14	, 0.23042	, 434	, 16	,			, 14	, 0.62500	, 160	, 8	,			, 	,	,	,	,
		, 	,	,	,	,			, 14	, 0.23923	, 418	, 28	,			, 14	, 0.68027	, 147	, 8	,			, 	,	,	,	,
		, 	,	,	,	,			, 14	, 0.42017	, 238	, 30	,			, 14	, 0.83333	, 120	, 12	,			, 	,	,	,	,
		, 	,	,	,	,			, 17	, 0.52910	, 189	, 41	,			, 17	, 0.88496	, 113	, 10	,			, 	,	,	,	,
		, 	,	,	,	,			, 18	, 0.99010	, 101	, 96	,			, 18	, 1.29870	, 77	, 18	,			, 	,	,	,	,
		, 	,	,	,	,			, 18	, 1.00000	, 100	, 96	,			, 18	, 1.29870	, 77	, 18	,			, 	,	,	,	,
		, 	,	,	,	,			, 20	, 1.26582	, 79	, 98	,			, 20	, 1.40845	, 71	, 19	,			, 	,	,	,	,
		, 	,	,	,	,			, 21	, 0.99010	, 101	, 61	,			, 21	, 1.12360	, 89	, 14	,			, 	,	,	,	,
		, 	,	,	,	,			, 31	, 5.55556	, 18	, 271	,			, 31	, 3.57143	, 28	, 49	,			, 	,	,	,	,
		, 	,	,	,	,			, 38	, 26.25000	, 4	, 931	,			, 38	, 4.59091	, 22	, 74	,			, 	,	,	,	,
		, 	,	,	,	,			, 38	, 26.50000	, 4	, 931	,			, 38	, 4.59091	, 22	, 74	,			, 	,	,	,	,
		, 	,	,	,	,			, 55	, 66.50000	, 2	, 1102	,			, 55	, 57754.00000	, 1	, 99	,			, 	,	,	,	,
			
			
 aes		, 1	, 0.01448	, 6906	, 0	,	 aes		, 1	, 0.01702	, 5875	, 0	,	 aes		,	,	,	,	,	 aes		,	,	,	,	,
		, 1	, 0.01454	, 6878	, 0	,			, 1	, 0.01709	, 5851	, 0	,			, 	,	,	,	,			, 	,	,	,	,
		, 1	, 0.01458	, 6857	, 0	,			, 1	, 0.01710	, 5849	, 0	,			, 	,	,	,	,			, 	,	,	,	,
		, 1	, 0.01462	, 6841	, 0	,			, 1	, 0.01716	, 5828	, 0	,			, 	,	,	,	,			, 	,	,	,	,
		, 3	, 0.02399	, 4168	, 1	,			, 3	, 0.03000	, 3333	, 0	,			, 	,	,	,	,			, 	,	,	,	,
		, 3	, 0.02411	, 4148	, 0	,			, 3	, 0.03021	, 3310	, 1	,			, 	,	,	,	,			, 	,	,	,	,
		, 3	, 0.02424	, 4125	, 0	,			, 3	, 0.03412	, 2931	, 3	,			, 	,	,	,	,			, 	,	,	,	,
		, 3	, 0.02428	, 4118	, 1	,			, 3	, 0.03413	, 2930	, 3	,			, 	,	,	,	,			, 	,	,	,	,
		, 3	, 0.02429	, 4117	, 1	,			, 3	, 0.03414	, 2929	, 3	,			, 	,	,	,	,			, 	,	,	,	,
		, 3	, 0.02430	, 4115	, 1	,			, 3	, 0.03414	, 2929	, 3	,			, 	,	,	,	,			, 	,	,	,	,
		, 3	, 0.02434	, 4108	, 1	,			, 3	, 0.03421	, 2923	, 3	,			, 	,	,	,	,			, 	,	,	,	,
		, 3	, 0.02435	, 4107	, 1	,			, 3	, 0.03438	, 2909	, 3	,			, 	,	,	,	,			, 	,	,	,	,
		, 3	, 0.02435	, 4107	, 1	,			, 3	, 0.03439	, 2908	, 3	,			, 	,	,	,	,			, 	,	,	,	,
		, 3	, 0.02436	, 4105	, 1	,			, 3	, 0.03444	, 2904	, 3	,			, 	,	,	,	,			, 	,	,	,	,
		, 3	, 0.02446	, 4088	, 1	,			, 3	, 0.03448	, 2900	, 3	,			, 	,	,	,	,			, 	,	,	,	,
		, 3	, 0.02447	, 4086	, 1	,			, 3	, 0.03454	, 2895	, 3	,			, 	,	,	,	,			, 	,	,	,	,
		, 3	, 0.02459	, 4066	, 1	,			, 3	, 0.03461	, 2889	, 3	,			, 	,	,	,	,			, 	,	,	,	,
		, 3	, 0.02464	, 4058	, 1	,			, 3	, 0.03464	, 2887	, 3	,			, 	,	,	,	,			, 	,	,	,	,
		, 4	, 0.02684	, 3726	, 0	,			, 4	, 0.03476	, 2877	, 0	,			, 	,	,	,	,			, 	,	,	,	,
		, 4	, 0.02708	, 3693	, 0	,			, 4	, 0.03477	, 2876	, 0	,			, 	,	,	,	,			, 	,	,	,	,
		, 4	, 0.02708	, 3693	, 0	,			, 4	, 0.03478	, 2875	, 0	,			, 	,	,	,	,			, 	,	,	,	,
		, 4	, 0.02720	, 3676	, 1	,			, 4	, 0.03499	, 2858	, 0	,			, 	,	,	,	,			, 	,	,	,	,
		, 4	, 0.02724	, 3671	, 0	,			, 4	, 0.03505	, 2853	, 0	,			, 	,	,	,	,			, 	,	,	,	,
		, 4	, 0.02769	, 3611	, 0	,			, 4	, 0.03512	, 2847	, 0	,			, 	,	,	,	,			, 	,	,	,	,
		, 4	, 0.02774	, 3605	, 0	,			, 4	, 0.03807	, 2627	, 1	,			, 	,	,	,	,			, 	,	,	,	,
		, 4	, 0.02789	, 3586	, 0	,			, 4	, 0.03814	, 2622	, 1	,			, 	,	,	,	,			, 	,	,	,	,
		, 4	, 0.02802	, 3569	, 0	,			, 4	, 0.03817	, 2620	, 1	,			, 	,	,	,	,			, 	,	,	,	,
		, 4	, 0.02804	, 3566	, 0	,			, 4	, 0.03827	, 2613	, 1	,			, 	,	,	,	,			, 	,	,	,	,
		, 4	, 0.02808	, 3561	, 0	,			, 4	, 0.04926	, 2030	, 3	,			, 	,	,	,	,			, 	,	,	,	,
		, 5	, 0.02984	, 3351	, 1	,			, 5	, 0.04205	, 2378	, 3	,			, 	,	,	,	,			, 	,	,	,	,
		, 5	, 0.02998	, 3336	, 1	,			, 5	, 0.05388	, 1856	, 2	,			, 	,	,	,	,			, 	,	,	,	,
		, 5	, 0.03004	, 3329	, 1	,			, 5	, 0.06553	, 1526	, 5	,			, 	,	,	,	,			, 	,	,	,	,
		, 5	, 0.03004	, 3329	, 1	,			, 5	, 0.06570	, 1522	, 5	,			, 	,	,	,	,			, 	,	,	,	,
		, 5	, 0.03010	, 3322	, 1	,			, 5	, 0.06570	, 1522	, 5	,			, 	,	,	,	,			, 	,	,	,	,
		, 5	, 0.03014	, 3318	, 1	,			, 5	, 0.06579	, 1520	, 12	,			, 	,	,	,	,			, 	,	,	,	,
		, 5	, 0.03014	, 3318	, 1	,			, 5	, 0.06592	, 1517	, 5	,			, 	,	,	,	,			, 	,	,	,	,
		, 5	, 0.03027	, 3304	, 1	,			, 5	, 0.06596	, 1516	, 5	,			, 	,	,	,	,			, 	,	,	,	,
		, 5	, 0.03043	, 3286	, 1	,			, 5	, 0.06601	, 1515	, 5	,			, 	,	,	,	,			, 	,	,	,	,
		, 5	, 0.03048	, 3281	, 1	,			, 5	, 0.06601	, 1515	, 5	,			, 	,	,	,	,			, 	,	,	,	,
		, 5	, 0.03059	, 3269	, 1	,			, 5	, 0.06601	, 1515	, 5	,			, 	,	,	,	,			, 	,	,	,	,
		, 5	, 0.03089	, 3237	, 1	,			, 5	, 0.06605	, 1514	, 5	,			, 	,	,	,	,			, 	,	,	,	,
		, 5	, 0.03095	, 3231	, 1	,			, 5	, 0.06807	, 1469	, 6	,			, 	,	,	,	,			, 	,	,	,	,
		, 5	, 0.03115	, 3210	, 1	,			, 5	, 0.06812	, 1468	, 6	,			, 	,	,	,	,			, 	,	,	,	,
		, 5	, 0.03196	, 3129	, 2	,			, 5	, 0.06854	, 1459	, 11	,			, 	,	,	,	,			, 	,	,	,	,
		, 6	, 0.03221	, 3105	, 1	,			, 6	, 0.04625	, 2162	, 3	,			, 	,	,	,	,			, 	,	,	,	,
		, 6	, 0.03224	, 3102	, 1	,			, 6	, 0.04751	, 2105	, 1	,			, 	,	,	,	,			, 	,	,	,	,
		, 6	, 0.03249	, 3078	, 1	,			, 6	, 0.04751	, 2105	, 3	,			, 	,	,	,	,			, 	,	,	,	,
		, 6	, 0.03253	, 3074	, 1	,			, 6	, 0.04755	, 2103	, 1	,			, 	,	,	,	,			, 	,	,	,	,
		, 6	, 0.03257	, 3070	, 1	,			, 6	, 0.04762	, 2100	, 1	,			, 	,	,	,	,			, 	,	,	,	,
		, 6	, 0.03257	, 3070	, 1	,			, 6	, 0.04929	, 2029	, 1	,			, 	,	,	,	,			, 	,	,	,	,
		, 6	, 0.03258	, 3069	, 0	,			, 6	, 0.05669	, 1764	, 3	,			, 	,	,	,	,			, 	,	,	,	,
		, 6	, 0.03261	, 3067	, 1	,			, 6	, 0.05682	, 1760	, 3	,			, 	,	,	,	,			, 	,	,	,	,
		, 6	, 0.03262	, 3066	, 1	,			, 6	, 0.05682	, 1760	, 3	,			, 	,	,	,	,			, 	,	,	,	,
		, 6	, 0.03263	, 3065	, 1	,			, 6	, 0.05685	, 1759	, 3	,			, 	,	,	,	,			, 	,	,	,	,
		, 6	, 0.03266	, 3062	, 1	,			, 6	, 0.05685	, 1759	, 3	,			, 	,	,	,	,			, 	,	,	,	,
		, 6	, 0.03266	, 3062	, 1	,			, 6	, 0.05692	, 1757	, 3	,			, 	,	,	,	,			, 	,	,	,	,
		, 6	, 0.03267	, 3061	, 1	,			, 6	, 0.05698	, 1755	, 3	,			, 	,	,	,	,			, 	,	,	,	,
		, 6	, 0.03269	, 3059	, 1	,			, 6	, 0.05705	, 1753	, 3	,			, 	,	,	,	,			, 	,	,	,	,
		, 6	, 0.03289	, 3040	, 1	,			, 6	, 0.05714	, 1750	, 3	,			, 	,	,	,	,			, 	,	,	,	,
		, 6	, 0.03308	, 3023	, 1	,			, 6	, 0.05714	, 1750	, 3	,			, 	,	,	,	,			, 	,	,	,	,
		, 6	, 0.03310	, 3021	, 1	,			, 6	, 0.06289	, 1590	, 10	,			, 	,	,	,	,			, 	,	,	,	,
		, 6	, 0.03318	, 3014	, 1	,			, 6	, 0.06289	, 1590	, 10	,			, 	,	,	,	,			, 	,	,	,	,
		, 6	, 0.03318	, 3014	, 1	,			, 6	, 0.06309	, 1585	, 10	,			, 	,	,	,	,			, 	,	,	,	,
		, 6	, 0.03324	, 3008	, 1	,			, 6	, 0.06317	, 1583	, 10	,			, 	,	,	,	,			, 	,	,	,	,
		, 6	, 0.03348	, 2987	, 1	,			, 6	, 0.06317	, 1583	, 10	,			, 	,	,	,	,			, 	,	,	,	,
		, 6	, 0.03349	, 2986	, 1	,			, 6	, 0.06317	, 1583	, 10	,			, 	,	,	,	,			, 	,	,	,	,
		, 6	, 0.03461	, 2889	, 0	,			, 6	, 0.06859	, 1458	, 3	,			, 	,	,	,	,			, 	,	,	,	,
		, 6	, 0.03490	, 2865	, 1	,			, 6	, 0.07102	, 1408	, 10	,			, 	,	,	,	,			, 	,	,	,	,
		, 6	, 0.03546	, 2820	, 0	,			, 6	, 0.07102	, 1408	, 10	,			, 	,	,	,	,			, 	,	,	,	,
		, 6	, 0.03554	, 2814	, 0	,			, 6	, 0.10132	, 987	, 22	,			, 	,	,	,	,			, 	,	,	,	,
		, 6	, 0.03555	, 2813	, 0	,			, 6	, 0.10142	, 986	, 22	,			, 	,	,	,	,			, 	,	,	,	,
		, 6	, 0.03556	, 2812	, 1	,			, 6	, 0.10152	, 985	, 22	,			, 	,	,	,	,			, 	,	,	,	,
		, 6	, 0.03565	, 2805	, 0	,			, 6	, 0.10163	, 984	, 22	,			, 	,	,	,	,			, 	,	,	,	,
		, 6	, 0.03569	, 2802	, 1	,			, 6	, 0.10163	, 984	, 22	,			, 	,	,	,	,			, 	,	,	,	,
		, 6	, 0.03575	, 2797	, 1	,			, 6	, 0.10163	, 984	, 22	,			, 	,	,	,	,			, 	,	,	,	,
		, 6	, 0.03584	, 2790	, 1	,			, 6	, 0.10163	, 984	, 22	,			, 	,	,	,	,			, 	,	,	,	,
		, 6	, 0.03589	, 2786	, 0	,			, 6	, 0.10173	, 983	, 22	,			, 	,	,	,	,			, 	,	,	,	,
		, 6	, 0.03589	, 2786	, 1	,			, 6	, 0.10173	, 983	, 22	,			, 	,	,	,	,			, 	,	,	,	,
		, 6	, 0.03589	, 2786	, 1	,			, 6	, 0.10183	, 982	, 22	,			, 	,	,	,	,			, 	,	,	,	,
		, 6	, 0.03591	, 2785	, 1	,			, 6	, 0.10183	, 982	, 22	,			, 	,	,	,	,			, 	,	,	,	,
		, 6	, 0.03591	, 2785	, 1	,			, 6	, 0.10194	, 981	, 22	,			, 	,	,	,	,			, 	,	,	,	,
		, 6	, 0.03598	, 2779	, 0	,			, 6	, 0.10214	, 979	, 22	,			, 	,	,	,	,			, 	,	,	,	,
		, 6	, 0.03610	, 2770	, 1	,			, 6	, 0.10214	, 979	, 22	,			, 	,	,	,	,			, 	,	,	,	,
		, 7	, 0.03613	, 2768	, 1	,			, 7	, 0.07342	, 1362	, 12	,			, 	,	,	,	,			, 	,	,	,	,
		, 7	, 0.03656	, 2735	, 1	,			, 7	, 0.11876	, 842	, 8	,			, 	,	,	,	,			, 	,	,	,	,
		, 7	, 0.03667	, 2727	, 1	,			, 7	, 0.11891	, 841	, 8	,			, 	,	,	,	,			, 	,	,	,	,
		, 7	, 0.03675	, 2721	, 1	,			, 7	, 0.12422	, 805	, 16	,			, 	,	,	,	,			, 	,	,	,	,
		, 7	, 0.03693	, 2708	, 1	,			, 7	, 0.12422	, 805	, 16	,			, 	,	,	,	,			, 	,	,	,	,
		, 7	, 0.03802	, 2630	, 2	,			, 7	, 0.12422	, 805	, 16	,			, 	,	,	,	,			, 	,	,	,	,
		, 7	, 0.03828	, 2612	, 2	,			, 7	, 0.12484	, 801	, 16	,			, 	,	,	,	,			, 	,	,	,	,
		, 7	, 0.03833	, 2609	, 2	,			, 7	, 0.17301	, 578	, 36	,			, 	,	,	,	,			, 	,	,	,	,
		, 7	, 0.03855	, 2594	, 2	,			, 7	, 0.17301	, 578	, 36	,			, 	,	,	,	,			, 	,	,	,	,
		, 7	, 0.03858	, 2592	, 2	,			, 7	, 0.17301	, 578	, 36	,			, 	,	,	,	,			, 	,	,	,	,
		, 7	, 0.03858	, 2592	, 2	,			, 7	, 0.17331	, 577	, 36	,			, 	,	,	,	,			, 	,	,	,	,
		, 8	, 0.03848	, 2599	, 1	,			, 8	, 0.07880	, 1269	, 11	,			, 	,	,	,	,			, 	,	,	,	,
		, 8	, 0.03849	, 2598	, 1	,			, 8	, 0.07893	, 1267	, 11	,			, 	,	,	,	,			, 	,	,	,	,
		, 8	, 0.03884	, 2575	, 1	,			, 8	, 0.07905	, 1265	, 11	,			, 	,	,	,	,			, 	,	,	,	,
		, 8	, 0.03894	, 2568	, 1	,			, 8	, 0.07905	, 1265	, 11	,			, 	,	,	,	,			, 	,	,	,	,
		, 8	, 0.03939	, 2539	, 1	,			, 8	, 0.07937	, 1260	, 11	,			, 	,	,	,	,			, 	,	,	,	,
		, 8	, 0.03946	, 2534	, 1	,			, 8	, 0.07943	, 1259	, 11	,			, 	,	,	,	,			, 	,	,	,	,
		, 8	, 0.03954	, 2529	, 1	,			, 8	, 0.08006	, 1249	, 6	,			, 	,	,	,	,			, 	,	,	,	,
		, 8	, 0.03954	, 2529	, 1	,			, 8	, 0.08006	, 1249	, 6	,			, 	,	,	,	,			, 	,	,	,	,
		, 8	, 0.03973	, 2517	, 1	,			, 8	, 0.08006	, 1249	, 6	,			, 	,	,	,	,			, 	,	,	,	,
		, 8	, 0.03995	, 2503	, 1	,			, 8	, 0.15649	, 639	, 13	,			, 	,	,	,	,			, 	,	,	,	,
		, 8	, 0.04044	, 2473	, 1	,			, 8	, 0.22124	, 452	, 27	,			, 	,	,	,	,			, 	,	,	,	,
		, 8	, 0.04115	, 2430	, 2	,			, 8	, 0.25974	, 385	, 46	,			, 	,	,	,	,			, 	,	,	,	,
		, 9	, 0.04390	, 2278	, 1	,			, 9	, 0.09158	, 1092	, 12	,			, 	,	,	,	,			, 	,	,	,	,
		, 9	, 0.04606	, 2171	, 1	,			, 9	, 0.09191	, 1088	, 12	,			, 	,	,	,	,			, 	,	,	,	,
		, 9	, 0.04608	, 2170	, 1	,			, 9	, 0.09234	, 1083	, 12	,			, 	,	,	,	,			, 	,	,	,	,
		, 9	, 0.04699	, 2128	, 1	,			, 9	, 0.18182	, 550	, 18	,			, 	,	,	,	,			, 	,	,	,	,
		, 10	, 0.04645	, 2153	, 1	,			, 10	, 0.10941	, 914	, 7	,			, 	,	,	,	,			, 	,	,	,	,
		, 10	, 0.04897	, 2042	, 1	,			, 10	, 0.10965	, 912	, 7	,			, 	,	,	,	,			, 	,	,	,	,
		, 10	, 0.04902	, 2040	, 3	,			, 10	, 0.12755	, 784	, 9	,			, 	,	,	,	,			, 	,	,	,	,
		, 10	, 0.05008	, 1997	, 3	,			, 10	, 0.33670	, 297	, 71	,			, 	,	,	,	,			, 	,	,	,	,
		, 10	, 0.05053	, 1979	, 3	,			, 10	, 0.40984	, 244	, 60	,			, 	,	,	,	,			, 	,	,	,	,
		, 11	, 0.05066	, 1974	, 3	,			, 11	, 0.54348	, 184	, 64	,			, 	,	,	,	,			, 	,	,	,	,
		, 11	, 0.05092	, 1964	, 2	,			, 11	, 0.81967	, 122	, 121	,			, 	,	,	,	,			, 	,	,	,	,
		, 12	, 0.05328	, 1877	, 2	,			, 12	, 0.59524	, 168	, 95	,			, 	,	,	,	,			, 	,	,	,	,
		, 12	, 0.05339	, 1873	, 2	,			, 12	, 0.59524	, 168	, 95	,			, 	,	,	,	,			, 	,	,	,	,
		, 12	, 0.05350	, 1869	, 2	,			, 12	, 0.59524	, 168	, 95	,			, 	,	,	,	,			, 	,	,	,	,
		, 13	, 0.05546	, 1803	, 2	,			, 13	, 0.44444	, 225	, 79	,			, 	,	,	,	,			, 	,	,	,	,
		, 14	, 0.06010	, 1664	, 3	,			, 14	, 0.28571	, 350	, 37	,			, 	,	,	,	,			, 	,	,	,	,
		, 14	, 0.06075	, 1646	, 4	,			, 14	, 1.29870	, 77	, 159	,			, 	,	,	,	,			, 	,	,	,	,
		, 14	, 0.06109	, 1637	, 4	,			, 14	, 1.29870	, 77	, 159	,			, 	,	,	,	,			, 	,	,	,	,
		, 14	, 0.06146	, 1627	, 4	,			, 14	, 1.29870	, 77	, 159	,			, 	,	,	,	,			, 	,	,	,	,
		, 14	, 0.06398	, 1563	, 2	,			, 14	, 1.32895	, 76	, 163	,			, 	,	,	,	,			, 	,	,	,	,
		, 15	, 0.06553	, 1526	, 3	,			, 15	, 0.99010	, 101	, 39	,			, 	,	,	,	,			, 	,	,	,	,
		, 17	, 0.07143	, 1400	, 2	,			, 17	, 0.34014	, 294	, 18	,			, 	,	,	,	,			, 	,	,	,	,
		, 17	, 0.07348	, 1361	, 2	,			, 17	, 0.73529	, 136	, 53	,			, 	,	,	,	,			, 	,	,	,	,
		, 22	, 0.09174	, 1090	, 8	,			, 22	, 4.43478	, 23	, 145	,			, 	,	,	,	,			, 	,	,	,	,
		, 24	, 0.09699	, 1031	, 4	,			, 24	, 2.24444	, 45	, 70	,			, 	,	,	,	,			, 	,	,	,	,
		, 25	, 0.09930	, 1007	, 4	,			, 25	, 2.32558	, 43	, 70	,			, 	,	,	,	,			, 	,	,	,	,
		, 25	, 0.09970	, 1003	, 4	,			, 25	, 2.34884	, 43	, 70	,			, 	,	,	,	,			, 	,	,	,	,
		, 28	, 0.10834	, 923	, 5	,			, 28	, 3.09091	, 33	, 112	,			, 	,	,	,	,			, 	,	,	,	,
		, 29	, 0.11013	, 908	, 5	,			, 29	, 3.15625	, 32	, 112	,			, 	,	,	,	,			, 	,	,	,	,
		, 29	, 0.11099	, 901	, 5	,			, 29	, 3.22581	, 31	, 112	,			, 	,	,	,	,			, 	,	,	,	,
		, 29	, 0.11325	, 883	, 5	,			, 29	, 4.47826	, 23	, 180	,			, 	,	,	,	,			, 	,	,	,	,
		, 29	, 0.11561	, 865	, 6	,			, 29	, 5.05000	, 20	, 383	,			, 	,	,	,	,			, 	,	,	,	,
		, 31	, 0.11161	, 896	, 1	,			, 31	, 0.31646	, 316	, 11	,			, 	,	,	,	,			, 	,	,	,	,
		, 31	, 0.12034	, 831	, 15	,			, 31	, 14.71430	, 7	, 885	,			, 	,	,	,	,			, 	,	,	,	,
		, 31	, 0.12063	, 829	, 15	,			, 31	, 14.71430	, 7	, 885	,			, 	,	,	,	,			, 	,	,	,	,
		, 33	, 0.12563	, 796	, 11	,			, 33	, 17.66670	, 6	, 300	,			, 	,	,	,	,			, 	,	,	,	,
		, 33	, 0.12563	, 796	, 11	,			, 33	, 17.66670	, 6	, 300	,			, 	,	,	,	,			, 	,	,	,	,
		, 33	, 0.12626	, 792	, 11	,			, 33	, 17.66670	, 6	, 300	,			, 	,	,	,	,			, 	,	,	,	,
		, 34	, 0.12987	, 770	, 16	,			, 34	, 17.16670	, 6	, 978	,			, 	,	,	,	,			, 	,	,	,	,
		, 34	, 0.13021	, 768	, 16	,			, 34	, 17.33330	, 6	, 978	,			, 	,	,	,	,			, 	,	,	,	,
		, 34	, 0.13038	, 767	, 16	,			, 34	, 17.33330	, 6	, 978	,			, 	,	,	,	,			, 	,	,	,	,
		, 35	, 0.12165	, 822	, 1	,			, 35	, 0.36101	, 277	, 11	,			, 	,	,	,	,			, 	,	,	,	,
		, 35	, 0.12210	, 819	, 1	,			, 35	, 0.37175	, 269	, 11	,			, 	,	,	,	,			, 	,	,	,	,
		, 35	, 0.13532	, 739	, 15	,			, 35	, 19.83330	, 6	, 1030	,			, 	,	,	,	,			, 	,	,	,	,
		, 42	, 0.15015	, 666	, 5	,			, 42	, 15.00000	, 7	, 213	,			, 	,	,	,	,			, 	,	,	,	,
		, 54	, 0.18349	, 545	, 1	,			, 54	, 1.55385	, 65	, 33	,			, 	,	,	,	,			, 	,	,	,	,
		, 54	, 0.21008	, 476	, 17	,			, 54	, 62.00000	, 2	, 1315	,			, 	,	,	,	,			, 	,	,	,	,
		, 67	, 0.22075	, 453	, 13	,			, 67	, 90.00000	, 2	, 1191	,			, 	,	,	,	,			, 	,	,	,	,
		, 68	, 0.23202	, 431	, 20	,			, 68	, 93.50000	, 2	, 1031	,			, 	,	,	,	,			, 	,	,	,	,
		, 73	, 0.28169	, 355	, 17	,			, 73	, 136.00000	, 1	, 1750	,			, 	,	,	,	,			, 	,	,	,	,
		, 73	, 0.28169	, 355	, 17	,			, 73	, 136.00000	, 1	, 1750	,			, 	,	,	,	,			, 	,	,	,	,
		, 73	, 0.28329	, 353	, 17	,			, 73	, 136.00000	, 1	, 1750	,			, 	,	,	,	,			, 	,	,	,	,
		, 75	, 0.24155	, 414	, 1	,			, 75	, 0.87719	, 114	, 11	,			, 	,	,	,	,			, 	,	,	,	,
		, 91	, 0.30030	, 333	, 27	,			, 91	, 258.00000	, 1	, 4699	,			, 	,	,	,	,			, 	,	,	,	,
		, 91	, 0.30212	, 331	, 27	,			, 91	, 258.00000	, 1	, 4699	,			, 	,	,	,	,			, 	,	,	,	,
		, 115	, 0.37313	, 268	, 1	,			, 115	, 2.61538	, 39	, 35	,			, 	,	,	,	,			, 	,	,	,	,
		, 126	, 0.40486	, 247	, 23	,			, 126	, 1317.00000	, 1	, 9363	,			, 	,	,	,	,			, 	,	,	,	,
		, 131	, 0.42194	, 237	, 1	,			, 131	, 3.09091	, 33	, 35	,			, 	,	,	,	,			, 	,	,	,	,
		, 131	, 0.42194	, 237	, 1	,			, 131	, 3.15625	, 32	, 35	,			, 	,	,	,	,			, 	,	,	,	,
		, 131	, 0.42373	, 236	, 1	,			, 131	, 3.36667	, 30	, 35	,			, 	,	,	,	,			, 	,	,	,	,
		, 132	, 0.42017	, 238	, 25	,			, 132	, 1506.00000	, 1	, 10438	,			, 	,	,	,	,			, 	,	,	,	,
		, 133	, 0.44843	, 223	, 16	,			, 133	, 383.00000	, 1	, 2092	,			, 	,	,	,	,			, 	,	,	,	,
		, 176	, 0.61728	, 162	, 36	,			, 176	, 638.00000	, 1	, 5080	,			, 	,	,	,	,			, 	,	,	,	,
		, 286	, 0.89286	, 112	, 48	,			, 286	, 9514.00000	, 1	, 42712	,			, 	,	,	,	,			, 	,	,	,	,
		, 302	, 0.95238	, 105	, 48	,			, 302	, 11129.00000	, 1	, 51344	,			, 	,	,	,	,			, 	,	,	,	,
		, 311	, 0.98039	, 102	, 48	,			, 311	, 11412.00000	, 1	, 51348	,			, 	,	,	,	,			, 	,	,	,	,
		, 311	, 0.99010	, 101	, 48	,			, 311	, 11879.00000	, 1	, 51348	,			, 	,	,	,	,			, 	,	,	,	,
		, 691	, 2.22222	, 45	, 115	,			, 691	, 144145.00000	, 1	, 281995	,			, 	,	,	,	,			, 	,	,	,	,
		, 721	, 2.34884	, 43	, 123	,			, 721	, 163959.00000	, 1	, 310546	,			, 	,	,	,	,			, 	,	,	,	,
		, 970	, 3.18750	, 32	, 166	,			, 970	, 414229.00000	, 1	, 562153	,			, 	,	,	,	,			, 	,	,	,	,
		, 1079	, 3.48276	, 29	, 179	,			, 1079	, 561763.00000	, 1	, 669956	,			, 	,	,	,	,			, 	,	,	,	,
		, 1154	, 3.92308	, 26	, 198	,			, 1154	, 616075.00000	, 1	, 719346	,			, 	,	,	,	,			, 	,	,	,	,
		, 1407	, 4.59091	, 22	, 240	,			, 1407	, 1267360.00000	, 1	, 1063576	,			, 	,	,	,	,			, 	,	,	,	,
		, 1524	, 4.90476	, 21	, 239	,			, 1524	, 1553880.00000	, 1	, 1270581	,			, 	,	,	,	,			, 	,	,	,	,
		, 1619	, 5.52632	, 19	, 286	,			, 1619	, 1697610.00000	, 1	, 1388291	,			, 	,	,	,	,			, 	,	,	,	,
			
			
 blowfish		, 3	, 0.02244	, 4457	, 0	,	 blowfish		, 3	, 0.02814	, 3554	, 0	,	 blowfish		, 3	, 0.04776	, 2094	, 0	,	 blowfish		,	,	,	,	,
		, 3	, 0.02262	, 4420	, 0	,			, 3	, 0.02838	, 3523	, 0	,			, 3	, 0.04810	, 2079	, 0	,			, 	,	,	,	,
		, 3	, 0.02395	, 4176	, 0	,			, 3	, 0.02984	, 3351	, 1	,			, 3	, 0.11574	, 864	, 1	,			, 	,	,	,	,
		, 3	, 0.02444	, 4091	, 1	,			, 3	, 0.03377	, 2961	, 3	,			, 3	, 0.19570	, 511	, 3	,			, 	,	,	,	,
		, 5	, 0.02649	, 3775	, 0	,			, 5	, 0.03262	, 3066	, 0	,			, 5	, 0.04029	, 2482	, 0	,			, 	,	,	,	,
		, 7	, 0.03751	, 2666	, 2	,			, 7	, 0.09662	, 1035	, 14	,			, 7	, 0.38023	, 263	, 6	,			, 	,	,	,	,
		, 7	, 0.03768	, 2654	, 2	,			, 7	, 0.09814	, 1019	, 8	,			, 7	, 0.42017	, 238	, 6	,			, 	,	,	,	,
		, 7	, 0.03831	, 2610	, 1	,			, 7	, 0.09843	, 1016	, 8	,			, 7	, 0.42194	, 237	, 6	,			, 	,	,	,	,
		, 7	, 0.03834	, 2608	, 1	,			, 7	, 0.16051	, 623	, 33	,			, 7	, 0.61728	, 162	, 10	,			, 	,	,	,	,
		, 7	, 0.03836	, 2607	, 2	,			, 7	, 0.16051	, 623	, 33	,			, 7	, 0.61728	, 162	, 10	,			, 	,	,	,	,
		, 8	, 0.03805	, 2628	, 1	,			, 8	, 0.05841	, 1712	, 3	,			, 8	, 0.22173	, 451	, 3	,			, 	,	,	,	,
		, 8	, 0.04014	, 2491	, 3	,			, 8	, 0.08643	, 1157	, 7	,			, 8	, 0.36232	, 276	, 5	,			, 	,	,	,	,
		, 8	, 0.04112	, 2432	, 1	,			, 8	, 0.11001	, 909	, 8	,			, 8	, 0.43668	, 229	, 6	,			, 	,	,	,	,
		, 8	, 0.04115	, 2430	, 1	,			, 8	, 0.11038	, 906	, 8	,			, 8	, 0.43668	, 229	, 6	,			, 	,	,	,	,
		, 9	, 0.04338	, 2305	, 2	,			, 9	, 0.20161	, 496	, 25	,			, 9	, 0.64935	, 154	, 11	,			, 	,	,	,	,
		, 9	, 0.04350	, 2299	, 2	,			, 9	, 0.20202	, 495	, 25	,			, 9	, 0.65360	, 153	, 11	,			, 	,	,	,	,
		, 9	, 0.04353	, 2297	, 2	,			, 9	, 0.20202	, 495	, 25	,			, 9	, 0.65360	, 153	, 11	,			, 	,	,	,	,
		, 9	, 0.04357	, 2295	, 2	,			, 9	, 0.20243	, 494	, 25	,			, 9	, 0.65360	, 153	, 11	,			, 	,	,	,	,
		, 9	, 0.04359	, 2294	, 2	,			, 9	, 0.20243	, 494	, 25	,			, 9	, 0.65360	, 153	, 11	,			, 	,	,	,	,
		, 9	, 0.04378	, 2284	, 2	,			, 9	, 0.20243	, 494	, 25	,			, 9	, 0.65360	, 153	, 11	,			, 	,	,	,	,
		, 10	, 0.04632	, 2159	, 2	,			, 10	, 0.18587	, 538	, 33	,			, 10	, 0.67114	, 149	, 11	,			, 	,	,	,	,
		, 10	, 0.04634	, 2158	, 2	,			, 10	, 0.20576	, 486	, 24	,			, 10	, 0.67114	, 149	, 11	,			, 	,	,	,	,
		, 10	, 0.04634	, 2158	, 2	,			, 10	, 0.20576	, 486	, 24	,			, 10	, 0.67114	, 149	, 11	,			, 	,	,	,	,
		, 10	, 0.04636	, 2157	, 2	,			, 10	, 0.20576	, 486	, 24	,			, 10	, 0.67114	, 149	, 11	,			, 	,	,	,	,
		, 10	, 0.04638	, 2156	, 2	,			, 10	, 0.20619	, 485	, 24	,			, 10	, 0.67114	, 149	, 11	,			, 	,	,	,	,
		, 10	, 0.04643	, 2154	, 2	,			, 10	, 0.20619	, 485	, 24	,			, 10	, 0.67568	, 148	, 11	,			, 	,	,	,	,
		, 10	, 0.04951	, 2020	, 2	,			, 10	, 0.20619	, 485	, 24	,			, 10	, 0.68966	, 145	, 10	,			, 	,	,	,	,
		, 11	, 0.04941	, 2024	, 3	,			, 11	, 0.10776	, 928	, 7	,			, 11	, 0.37594	, 266	, 5	,			, 	,	,	,	,
		, 11	, 0.05081	, 1968	, 2	,			, 11	, 0.34965	, 286	, 56	,			, 11	, 0.82645	, 121	, 12	,			, 	,	,	,	,
		, 13	, 0.05647	, 1771	, 3	,			, 13	, 0.36765	, 272	, 50	,			, 13	, 0.85470	, 117	, 13	,			, 	,	,	,	,
		, 16	, 0.06840	, 1462	, 3	,			, 16	, 1.14943	, 87	, 97	,			, 16	, 1.12360	, 89	, 17	,			, 	,	,	,	,
		, 16	, 0.06930	, 1443	, 5	,			, 16	, 1.56250	, 64	, 204	,			, 16	, 2.17021	, 47	, 36	,			, 	,	,	,	,
		, 19	, 0.07581	, 1319	, 4	,			, 19	, 0.59524	, 168	, 45	,			, 19	, 1.07527	, 93	, 16	,			, 	,	,	,	,
		, 22	, 0.08554	, 1169	, 4	,			, 22	, 0.83333	, 120	, 60	,			, 22	, 1.17442	, 86	, 17	,			, 	,	,	,	,
		, 22	, 0.08929	, 1120	, 9	,			, 22	, 4.90476	, 21	, 362	,			, 22	, 1.85185	, 54	, 31	,			, 	,	,	,	,
		, 25	, 0.09506	, 1052	, 5	,			, 25	, 2.56410	, 39	, 151	,			, 25	, 2.72973	, 37	, 30	,			, 	,	,	,	,
		, 27	, 0.09960	, 1004	, 4	,			, 27	, 5.20000	, 20	, 229	,			, 27	, 2.10417	, 48	, 32	,			, 	,	,	,	,
		, 38	, 0.13263	, 754	, 6	,			, 38	, 13.62500	, 8	, 447	,			, 38	, 2.38095	, 42	, 38	,			, 	,	,	,	,
		, 44	, 0.15152	, 660	, 6	,			, 44	, 13.25000	, 8	, 387	,			, 44	, 2.42857	, 42	, 38	,			, 	,	,	,	,
		, 47	, 0.15924	, 628	, 7	,			, 47	, 18.83330	, 6	, 562	,			, 47	, 2.72973	, 37	, 42	,			, 	,	,	,	,
		, 49	, 0.16750	, 597	, 8	,			, 49	, 53.50000	, 2	, 767	,			, 49	, 5.66667	, 18	, 77	,			, 	,	,	,	,
		, 55	, 0.18450	, 542	, 5	,			, 55	, 48.33330	, 3	, 1181	,			, 55	, 6.05882	, 17	, 77	,			, 	,	,	,	,
		, 59	, 0.19531	, 512	, 13	,			, 59	, 153.00000	, 1	, 2098	,			, 59	, 7.06667	, 15	, 102	,			, 	,	,	,	,
		, 64	, 0.21142	, 473	, 15	,			, 64	, 54.00000	, 2	, 1621	,			, 64	, 4.68182	, 22	, 72	,			, 	,	,	,	,
		, 68	, 0.22075	, 453	, 11	,			, 68	, 165.00000	, 1	, 2059	,			, 68	, 7.69231	, 13	, 100	,			, 	,	,	,	,
		, 80	, 0.25641	, 390	, 8	,			, 80	, 190.00000	, 1	, 2087	,			, 80	, 7.92308	, 13	, 105	,			, 	,	,	,	,
		, 98	, 0.31250	, 320	, 22	,			, 98	, 463.00000	, 1	, 5729	,			, 98	, 23.40000	, 5	, 232	,			, 	,	,	,	,
		, 108	, 0.34247	, 292	, 25	,			, 108	, 663.00000	, 1	, 6278	,			, 108	, 15.00000	, 7	, 189	,			, 	,	,	,	,
		, 127	, 0.41841	, 239	, 34	,			, 127	, 772.00000	, 1	, 7075	,			, 127	, 37712.00000	, 1	, 220	,			, 	,	,	,	,
		, 127	, 0.42194	, 237	, 22	,			, 127	, 933.00000	, 1	, 5902	,			, 127	, 37738.00000	, 1	, 234	,			, 	,	,	,	,
		, 127	, 0.42373	, 236	, 21	,			, 127	, 934.00000	, 1	, 5783	,			, 127	, 7101.00000	, 1	, 207	,			, 	,	,	,	,
		, 673	, 2.10417	, 48	, 92	,			, 673	, 238972.00000	, 1	, 376363	,			, 673	, 473.00000	, 1	, 1395	,			, 	,	,	,	,
		, 674	, 2.12766	, 47	, 92	,			, 674	, 236535.00000	, 1	, 376363	,			, 674	, 474.00000	, 1	, 1395	,			, 	,	,	,	,
			
			
 cjpeg		, 2	, 0.01844	, 5423	, 0	,	 cjpeg		, 2	, 0.02465	, 4057	, 0	,	 cjpeg		, 2	, 0.03858	, 2592	, 0	,	 cjpeg		, 2	, 0.04299	, 2326	, 0	,
		, 2	, 0.01857	, 5384	, 0	,			, 2	, 0.02471	, 4047	, 0	,			, 2	, 0.03860	, 2591	, 0	,			, 2	, 0.04323	, 2313	, 0	,
		, 2	, 0.01944	, 5144	, 0	,			, 2	, 0.02475	, 4040	, 0	,			, 2	, 0.03861	, 2590	, 0	,			, 2	, 0.04329	, 2310	, 0	,
		, 2	, 0.01986	, 5034	, 0	,			, 2	, 0.02491	, 4014	, 0	,			, 2	, 0.03880	, 2577	, 0	,			, 2	, 0.04337	, 2306	, 0	,
		, 2	, 0.01987	, 5032	, 0	,			, 2	, 0.02498	, 4003	, 0	,			, 2	, 0.03887	, 2573	, 0	,			, 2	, 0.04338	, 2305	, 0	,
		, 2	, 0.01990	, 5026	, 0	,			, 2	, 0.02499	, 4002	, 0	,			, 2	, 0.03887	, 2573	, 0	,			, 2	, 0.04338	, 2305	, 0	,
		, 2	, 0.01994	, 5014	, 0	,			, 2	, 0.02501	, 3998	, 0	,			, 2	, 0.03890	, 2571	, 0	,			, 2	, 0.04350	, 2299	, 0	,
		, 2	, 0.01995	, 5013	, 0	,			, 2	, 0.02503	, 3995	, 0	,			, 2	, 0.03891	, 2570	, 0	,			, 2	, 0.04350	, 2299	, 0	,
		, 2	, 0.01995	, 5013	, 0	,			, 2	, 0.02504	, 3994	, 0	,			, 2	, 0.03891	, 2570	, 0	,			, 2	, 0.04352	, 2298	, 0	,
		, 2	, 0.01996	, 5009	, 0	,			, 2	, 0.02505	, 3992	, 0	,			, 2	, 0.03893	, 2569	, 0	,			, 2	, 0.04352	, 2298	, 0	,
		, 2	, 0.01996	, 5009	, 0	,			, 2	, 0.02506	, 3990	, 0	,			, 2	, 0.03893	, 2569	, 0	,			, 2	, 0.04353	, 2297	, 0	,
		, 2	, 0.01997	, 5008	, 0	,			, 2	, 0.02507	, 3989	, 0	,			, 2	, 0.03894	, 2568	, 0	,			, 2	, 0.04353	, 2297	, 0	,
		, 2	, 0.01997	, 5007	, 0	,			, 2	, 0.02508	, 3987	, 0	,			, 2	, 0.03896	, 2567	, 0	,			, 2	, 0.04353	, 2297	, 0	,
		, 2	, 0.01999	, 5003	, 0	,			, 2	, 0.02509	, 3986	, 0	,			, 2	, 0.03896	, 2567	, 0	,			, 2	, 0.04359	, 2294	, 0	,
		, 2	, 0.02000	, 5001	, 0	,			, 2	, 0.02511	, 3982	, 0	,			, 2	, 0.03896	, 2567	, 0	,			, 2	, 0.04359	, 2294	, 0	,
		, 2	, 0.02000	, 4999	, 0	,			, 2	, 0.02513	, 3979	, 0	,			, 2	, 0.03899	, 2565	, 0	,			, 2	, 0.04365	, 2291	, 0	,
		, 2	, 0.02002	, 4996	, 0	,			, 2	, 0.02514	, 3978	, 0	,			, 2	, 0.03899	, 2565	, 0	,			, 2	, 0.04367	, 2290	, 0	,
		, 2	, 0.02004	, 4989	, 0	,			, 2	, 0.02516	, 3975	, 0	,			, 2	, 0.03900	, 2564	, 0	,			, 2	, 0.04367	, 2290	, 0	,
		, 2	, 0.02006	, 4986	, 0	,			, 2	, 0.02516	, 3975	, 0	,			, 2	, 0.03900	, 2564	, 0	,			, 2	, 0.04371	, 2288	, 0	,
		, 2	, 0.02010	, 4976	, 0	,			, 2	, 0.02517	, 3973	, 0	,			, 2	, 0.03900	, 2564	, 0	,			, 2	, 0.04371	, 2288	, 0	,
		, 2	, 0.02010	, 4975	, 0	,			, 2	, 0.02521	, 3966	, 0	,			, 2	, 0.03900	, 2564	, 0	,			, 2	, 0.04371	, 2288	, 0	,
		, 2	, 0.02011	, 4973	, 0	,			, 2	, 0.02524	, 3962	, 0	,			, 2	, 0.03902	, 2563	, 0	,			, 2	, 0.04373	, 2287	, 0	,
		, 2	, 0.02012	, 4970	, 0	,			, 2	, 0.02524	, 3962	, 0	,			, 2	, 0.03903	, 2562	, 0	,			, 2	, 0.04378	, 2284	, 0	,
		, 2	, 0.02013	, 4968	, 0	,			, 2	, 0.02525	, 3960	, 0	,			, 2	, 0.03908	, 2559	, 0	,			, 2	, 0.04390	, 2278	, 0	,
		, 2	, 0.02014	, 4964	, 0	,			, 2	, 0.02526	, 3959	, 0	,			, 2	, 0.03908	, 2559	, 0	,			, 2	, 0.04411	, 2267	, 0	,
		, 2	, 0.02014	, 4964	, 0	,			, 2	, 0.02530	, 3953	, 0	,			, 2	, 0.03909	, 2558	, 0	,			, 2	, 0.04437	, 2254	, 0	,
		, 2	, 0.02015	, 4962	, 0	,			, 2	, 0.02531	, 3951	, 0	,			, 2	, 0.03923	, 2549	, 0	,			, 2	, 0.04470	, 2237	, 0	,
		, 3	, 0.02193	, 4561	, 0	,			, 3	, 0.02896	, 3453	, 0	,			, 3	, 0.04407	, 2269	, 0	,			, 3	, 0.05105	, 1959	, 0	,
		, 3	, 0.02212	, 4520	, 0	,			, 3	, 0.02983	, 3352	, 0	,			, 3	, 0.04847	, 2063	, 0	,			, 3	, 0.05181	, 1930	, 0	,
		, 3	, 0.02276	, 4394	, 0	,			, 3	, 0.02989	, 3346	, 0	,			, 3	, 0.04866	, 2055	, 0	,			, 3	, 0.05189	, 1927	, 0	,
		, 3	, 0.02330	, 4292	, 0	,			, 3	, 0.03007	, 3326	, 0	,			, 3	, 0.04936	, 2026	, 0	,			, 3	, 0.05252	, 1904	, 0	,
		, 3	, 0.02334	, 4285	, 0	,			, 3	, 0.03024	, 3307	, 0	,			, 3	, 0.04938	, 2025	, 0	,			, 3	, 0.05260	, 1901	, 0	,
		, 3	, 0.02339	, 4276	, 0	,			, 3	, 0.03027	, 3304	, 0	,			, 3	, 0.04943	, 2023	, 0	,			, 3	, 0.05269	, 1898	, 0	,
		, 3	, 0.02339	, 4276	, 0	,			, 3	, 0.03028	, 3303	, 0	,			, 3	, 0.04946	, 2022	, 0	,			, 3	, 0.05302	, 1886	, 0	,
		, 3	, 0.02342	, 4269	, 0	,			, 3	, 0.03033	, 3297	, 0	,			, 3	, 0.04948	, 2021	, 0	,			, 3	, 0.05308	, 1884	, 0	,
		, 3	, 0.02347	, 4261	, 0	,			, 3	, 0.03034	, 3296	, 0	,			, 3	, 0.04948	, 2021	, 0	,			, 3	, 0.05311	, 1883	, 0	,
		, 3	, 0.02347	, 4260	, 0	,			, 3	, 0.03034	, 3296	, 0	,			, 3	, 0.04958	, 2017	, 0	,			, 3	, 0.05311	, 1883	, 0	,
		, 3	, 0.02350	, 4256	, 0	,			, 3	, 0.03056	, 3272	, 0	,			, 3	, 0.04970	, 2012	, 0	,			, 3	, 0.05325	, 1878	, 0	,
		, 3	, 0.02351	, 4253	, 0	,			, 3	, 0.03151	, 3174	, 1	,			, 3	, 0.10753	, 930	, 1	,			, 3	, 0.06180	, 1618	, 0	,
		, 3	, 0.02356	, 4244	, 0	,			, 3	, 0.03163	, 3162	, 1	,			, 3	, 0.11416	, 876	, 1	,			, 3	, 0.06188	, 1616	, 0	,
		, 3	, 0.02361	, 4235	, 0	,			, 3	, 0.03167	, 3158	, 1	,			, 3	, 0.11429	, 875	, 1	,			, 3	, 0.06192	, 1615	, 0	,
		, 3	, 0.02369	, 4222	, 0	,			, 3	, 0.03176	, 3149	, 1	,			, 3	, 0.11442	, 874	, 1	,			, 3	, 0.06192	, 1615	, 0	,
		, 3	, 0.02370	, 4220	, 0	,			, 3	, 0.03181	, 3144	, 1	,			, 3	, 0.11442	, 874	, 1	,			, 3	, 0.06207	, 1611	, 0	,
		, 3	, 0.02370	, 4219	, 0	,			, 3	, 0.03181	, 3144	, 1	,			, 3	, 0.11455	, 873	, 1	,			, 3	, 0.06234	, 1604	, 0	,
		, 3	, 0.02396	, 4173	, 1	,			, 3	, 0.03191	, 3134	, 1	,			, 3	, 0.11455	, 873	, 1	,			, 3	, 0.06277	, 1593	, 0	,
		, 3	, 0.02429	, 4117	, 0	,			, 3	, 0.03440	, 2907	, 3	,			, 3	, 0.11481	, 871	, 1	,			, 3	, 0.07418	, 1348	, 0	,
		, 3	, 0.02438	, 4102	, 1	,			, 3	, 0.03453	, 2896	, 3	,			, 3	, 0.19531	, 512	, 3	,			, 3	, 0.07424	, 1347	, 0	,
		, 3	, 0.02438	, 4102	, 1	,			, 3	, 0.03454	, 2895	, 3	,			, 3	, 0.19570	, 511	, 3	,			, 3	, 0.07440	, 1344	, 0	,
		, 3	, 0.02446	, 4088	, 1	,			, 3	, 0.03461	, 2889	, 1	,			, 3	, 0.19570	, 511	, 3	,			, 3	, 0.07446	, 1343	, 0	,
		, 3	, 0.02452	, 4079	, 1	,			, 3	, 0.03461	, 2889	, 3	,			, 3	, 0.19570	, 511	, 3	,			, 3	, 0.07457	, 1341	, 0	,
		, 3	, 0.02452	, 4078	, 1	,			, 3	, 0.03465	, 2886	, 3	,			, 3	, 0.19570	, 511	, 3	,			, 3	, 0.07457	, 1341	, 0	,
		, 3	, 0.02455	, 4073	, 1	,			, 3	, 0.03500	, 2857	, 3	,			, 3	, 0.19608	, 510	, 3	,			, 3	, 0.07463	, 1340	, 0	,
		, 4	, 0.02548	, 3924	, 0	,			, 4	, 0.03454	, 2895	, 0	,			, 4	, 0.06135	, 1630	, 0	,			, 4	, 0.06028	, 1659	, 0	,
		, 4	, 0.02643	, 3783	, 1	,			, 4	, 0.03527	, 2835	, 1	,			, 4	, 0.12151	, 823	, 1	,			, 4	, 0.06135	, 1630	, 0	,
		, 4	, 0.02656	, 3765	, 1	,			, 4	, 0.03884	, 2575	, 1	,			, 4	, 0.12392	, 807	, 1	,			, 4	, 0.08170	, 1224	, 0	,
		, 4	, 0.02660	, 3760	, 1	,			, 4	, 0.03884	, 2575	, 1	,			, 4	, 0.12953	, 772	, 1	,			, 4	, 0.08177	, 1223	, 0	,
		, 4	, 0.02664	, 3754	, 1	,			, 4	, 0.03893	, 2569	, 1	,			, 4	, 0.12970	, 771	, 1	,			, 4	, 0.08183	, 1222	, 0	,
		, 4	, 0.02682	, 3729	, 1	,			, 4	, 0.03894	, 2568	, 1	,			, 4	, 0.12987	, 770	, 1	,			, 4	, 0.08197	, 1220	, 0	,
		, 4	, 0.02685	, 3724	, 1	,			, 4	, 0.04090	, 2445	, 1	,			, 4	, 0.13038	, 767	, 1	,			, 4	, 0.09390	, 1065	, 0	,
		, 4	, 0.02697	, 3708	, 1	,			, 4	, 0.04119	, 2428	, 3	,			, 4	, 0.21053	, 475	, 3	,			, 4	, 0.09407	, 1063	, 0	,
		, 4	, 0.02793	, 3581	, 0	,			, 4	, 0.04120	, 2427	, 3	,			, 4	, 0.21053	, 475	, 3	,			, 4	, 0.09443	, 1059	, 0	,
		, 4	, 0.02804	, 3566	, 0	,			, 4	, 0.04122	, 2426	, 3	,			, 4	, 0.21097	, 474	, 3	,			, 4	, 0.09588	, 1043	, 0	,
		, 5	, 0.03010	, 3322	, 1	,			, 5	, 0.04531	, 2207	, 3	,			, 5	, 0.21552	, 464	, 3	,			, 5	, 0.10204	, 980	, 0	,
		, 5	, 0.03040	, 3290	, 1	,			, 5	, 0.04766	, 2098	, 3	,			, 5	, 0.22222	, 450	, 3	,			, 5	, 0.10638	, 940	, 0	,
		, 5	, 0.03073	, 3254	, 1	,			, 5	, 0.04866	, 2055	, 3	,			, 5	, 0.23529	, 425	, 3	,			, 5	, 0.11507	, 869	, 0	,
		, 5	, 0.03116	, 3209	, 2	,			, 5	, 0.06680	, 1497	, 5	,			, 5	, 0.36364	, 275	, 5	,			, 5	, 0.28329	, 353	, 0	,
		, 5	, 0.03126	, 3199	, 2	,			, 5	, 0.06689	, 1495	, 5	,			, 5	, 0.36496	, 274	, 5	,			, 5	, 0.28409	, 352	, 0	,
		, 5	, 0.03127	, 3198	, 2	,			, 5	, 0.06689	, 1495	, 5	,			, 5	, 0.36496	, 274	, 5	,			, 5	, 0.28409	, 352	, 0	,
		, 5	, 0.03145	, 3180	, 2	,			, 5	, 0.06693	, 1494	, 5	,			, 5	, 0.36496	, 274	, 5	,			, 5	, 0.28409	, 352	, 0	,
		, 5	, 0.03146	, 3179	, 2	,			, 5	, 0.06693	, 1494	, 5	,			, 5	, 0.36496	, 274	, 5	,			, 5	, 0.28409	, 352	, 0	,
		, 5	, 0.03148	, 3177	, 2	,			, 5	, 0.06711	, 1490	, 5	,			, 5	, 0.36496	, 274	, 5	,			, 5	, 0.28409	, 352	, 0	,
		, 5	, 0.03151	, 3174	, 2	,			, 5	, 0.06711	, 1490	, 5	,			, 5	, 0.36496	, 274	, 5	,			, 5	, 0.28490	, 351	, 0	,
		, 5	, 0.03154	, 3171	, 2	,			, 5	, 0.06720	, 1488	, 5	,			, 5	, 0.36765	, 272	, 5	,			, 5	, 0.28490	, 351	, 0	,
		, 6	, 0.03249	, 3078	, 0	,			, 6	, 0.04548	, 2199	, 1	,			, 6	, 0.14347	, 697	, 1	,			, 6	, 0.08613	, 1161	, 0	,
		, 6	, 0.03346	, 2989	, 1	,			, 6	, 0.05013	, 1995	, 1	,			, 6	, 0.15552	, 643	, 1	,			, 6	, 0.10881	, 919	, 0	,
		, 6	, 0.03434	, 2912	, 1	,			, 6	, 0.05528	, 1809	, 3	,			, 6	, 0.23310	, 429	, 3	,			, 6	, 0.13405	, 746	, 0	,
		, 6	, 0.03466	, 2885	, 1	,			, 6	, 0.05531	, 1808	, 3	,			, 6	, 0.23310	, 429	, 3	,			, 6	, 0.13423	, 745	, 0	,
		, 6	, 0.03479	, 2874	, 1	,			, 6	, 0.05534	, 1807	, 3	,			, 6	, 0.23310	, 429	, 3	,			, 6	, 0.13423	, 745	, 0	,
		, 6	, 0.03504	, 2854	, 1	,			, 6	, 0.05574	, 1794	, 3	,			, 6	, 0.23419	, 427	, 3	,			, 6	, 0.13514	, 740	, 0	,
		, 6	, 0.03509	, 2850	, 1	,			, 6	, 0.05767	, 1734	, 5	,			, 6	, 0.29674	, 337	, 4	,			, 6	, 0.15649	, 639	, 0	,
		, 7	, 0.03751	, 2666	, 2	,			, 7	, 0.06878	, 1454	, 5	,			, 7	, 0.31746	, 315	, 4	,			, 7	, 0.22026	, 454	, 0	,
		, 7	, 0.03765	, 2656	, 2	,			, 7	, 0.06969	, 1435	, 8	,			, 7	, 0.36900	, 271	, 5	,			, 7	, 0.24752	, 404	, 0	,
		, 7	, 0.03826	, 2614	, 1	,			, 7	, 0.06978	, 1433	, 8	,			, 7	, 0.37037	, 270	, 5	,			, 7	, 0.24814	, 403	, 0	,
		, 7	, 0.03831	, 2610	, 1	,			, 7	, 0.06978	, 1433	, 8	,			, 7	, 0.37037	, 270	, 5	,			, 7	, 0.24814	, 403	, 0	,
		, 7	, 0.03837	, 2606	, 1	,			, 7	, 0.06983	, 1432	, 8	,			, 7	, 0.37037	, 270	, 5	,			, 7	, 0.24814	, 403	, 0	,
		, 7	, 0.03840	, 2604	, 1	,			, 7	, 0.06993	, 1430	, 8	,			, 7	, 0.37037	, 270	, 5	,			, 7	, 0.24876	, 402	, 0	,
		, 7	, 0.03842	, 2603	, 1	,			, 7	, 0.06993	, 1430	, 8	,			, 7	, 0.37037	, 270	, 5	,			, 7	, 0.24876	, 402	, 0	,
		, 7	, 0.03845	, 2601	, 1	,			, 7	, 0.06998	, 1429	, 8	,			, 7	, 0.37037	, 270	, 5	,			, 7	, 0.24876	, 402	, 0	,
		, 7	, 0.03846	, 2600	, 1	,			, 7	, 0.06998	, 1429	, 8	,			, 7	, 0.37037	, 270	, 5	,			, 7	, 0.24876	, 402	, 0	,
		, 7	, 0.03846	, 2600	, 1	,			, 7	, 0.07003	, 1428	, 8	,			, 7	, 0.37037	, 270	, 5	,			, 7	, 0.24876	, 402	, 0	,
		, 7	, 0.03851	, 2597	, 1	,			, 7	, 0.07003	, 1428	, 8	,			, 7	, 0.37037	, 270	, 5	,			, 7	, 0.24876	, 402	, 0	,
		, 7	, 0.03854	, 2595	, 1	,			, 7	, 0.07003	, 1428	, 8	,			, 7	, 0.37037	, 270	, 5	,			, 7	, 0.24876	, 402	, 0	,
		, 7	, 0.03857	, 2593	, 1	,			, 7	, 0.07008	, 1427	, 8	,			, 7	, 0.37037	, 270	, 5	,			, 7	, 0.24876	, 402	, 0	,
		, 7	, 0.03880	, 2577	, 1	,			, 7	, 0.07008	, 1427	, 8	,			, 7	, 0.37037	, 270	, 5	,			, 7	, 0.24876	, 402	, 0	,
		, 7	, 0.03880	, 2577	, 1	,			, 7	, 0.07013	, 1426	, 8	,			, 7	, 0.37037	, 270	, 5	,			, 7	, 0.24876	, 402	, 0	,
		, 7	, 0.03882	, 2576	, 1	,			, 7	, 0.07027	, 1423	, 8	,			, 7	, 0.37037	, 270	, 5	,			, 7	, 0.24876	, 402	, 0	,
		, 7	, 0.03884	, 2575	, 1	,			, 7	, 0.07032	, 1422	, 8	,			, 7	, 0.37175	, 269	, 5	,			, 7	, 0.24876	, 402	, 0	,
		, 7	, 0.03888	, 2572	, 1	,			, 7	, 0.07037	, 1421	, 8	,			, 7	, 0.37175	, 269	, 5	,			, 7	, 0.24876	, 402	, 0	,
		, 7	, 0.03890	, 2571	, 1	,			, 7	, 0.07037	, 1421	, 8	,			, 7	, 0.37175	, 269	, 5	,			, 7	, 0.24876	, 402	, 0	,
		, 7	, 0.03890	, 2571	, 1	,			, 7	, 0.07042	, 1420	, 8	,			, 7	, 0.37313	, 268	, 5	,			, 7	, 0.25000	, 400	, 0	,
		, 7	, 0.03891	, 2570	, 1	,			, 7	, 0.16077	, 622	, 33	,			, 7	, 0.61728	, 162	, 10	,			, 7	, 1.87037	, 54	, 0	,
		, 8	, 0.04114	, 2431	, 1	,			, 8	, 0.06873	, 1455	, 3	,			, 8	, 0.25381	, 394	, 3	,			, 8	, 0.17361	, 576	, 0	,
		, 8	, 0.04120	, 2427	, 2	,			, 8	, 0.07663	, 1305	, 8	,			, 8	, 0.38314	, 261	, 5	,			, 8	, 0.26810	, 373	, 0	,
		, 8	, 0.04127	, 2423	, 2	,			, 8	, 0.07669	, 1304	, 8	,			, 8	, 0.38314	, 261	, 5	,			, 8	, 0.26882	, 372	, 0	,
		, 8	, 0.04168	, 2399	, 1	,			, 8	, 0.11223	, 891	, 10	,			, 8	, 0.45872	, 218	, 6	,			, 8	, 0.74074	, 135	, 0	,
		, 8	, 0.04170	, 2398	, 1	,			, 8	, 0.11236	, 890	, 10	,			, 8	, 0.45872	, 218	, 6	,			, 8	, 0.74074	, 135	, 0	,
		, 9	, 0.04296	, 2328	, 2	,			, 9	, 0.05838	, 1713	, 1	,			, 9	, 0.18018	, 555	, 1	,			, 9	, 0.10384	, 963	, 0	,
		, 9	, 0.04371	, 2288	, 0	,			, 9	, 0.05872	, 1703	, 1	,			, 9	, 0.18282	, 547	, 1	,			, 9	, 0.10406	, 961	, 0	,
		, 9	, 0.04373	, 2287	, 0	,			, 9	, 0.06143	, 1628	, 3	,			, 9	, 0.18315	, 546	, 1	,			, 9	, 0.12376	, 808	, 0	,
		, 9	, 0.04386	, 2280	, 0	,			, 9	, 0.06177	, 1619	, 1	,			, 9	, 0.25773	, 388	, 3	,			, 9	, 0.12453	, 803	, 0	,
		, 9	, 0.04431	, 2257	, 1	,			, 9	, 0.09141	, 1094	, 8	,			, 9	, 0.40161	, 249	, 5	,			, 9	, 0.35461	, 282	, 0	,
		, 9	, 0.04539	, 2203	, 2	,			, 9	, 0.10905	, 917	, 18	,			, 9	, 0.54945	, 182	, 8	,			, 9	, 0.64935	, 154	, 0	,
		, 9	, 0.04587	, 2180	, 2	,			, 9	, 0.14065	, 711	, 22	,			, 9	, 0.57471	, 174	, 8	,			, 9	, 1.33333	, 75	, 0	,
		, 10	, 0.04399	, 2273	, 1	,			, 10	, 0.05848	, 1710	, 1	,			, 10	, 0.14084	, 710	, 1	,			, 10	, 0.12019	, 832	, 0	,
		, 10	, 0.04405	, 2270	, 1	,			, 10	, 0.05886	, 1699	, 3	,			, 10	, 0.22883	, 437	, 3	,			, 10	, 0.12063	, 829	, 0	,
		, 10	, 0.04560	, 2193	, 2	,			, 10	, 0.06873	, 1455	, 3	,			, 10	, 0.25381	, 394	, 2	,			, 10	, 0.14389	, 695	, 0	,
		, 10	, 0.04677	, 2138	, 2	,			, 10	, 0.10341	, 967	, 8	,			, 10	, 0.37736	, 265	, 4	,			, 10	, 0.44248	, 226	, 0	,
		, 10	, 0.04744	, 2108	, 0	,			, 10	, 0.10352	, 966	, 8	,			, 10	, 0.41494	, 241	, 5	,			, 10	, 0.44248	, 226	, 0	,
		, 10	, 0.04782	, 2091	, 3	,			, 10	, 0.10953	, 913	, 12	,			, 10	, 0.41494	, 241	, 5	,			, 10	, 0.55866	, 179	, 0	,
		, 10	, 0.04812	, 2078	, 0	,			, 10	, 0.11481	, 871	, 10	,			, 10	, 0.47847	, 209	, 6	,			, 10	, 0.74074	, 135	, 0	,
		, 10	, 0.04829	, 2071	, 2	,			, 10	, 0.13210	, 757	, 19	,			, 10	, 0.56497	, 177	, 9	,			, 10	, 0.83333	, 120	, 0	,
		, 10	, 0.04845	, 2064	, 2	,			, 10	, 0.25063	, 399	, 34	,			, 10	, 0.57143	, 175	, 8	,			, 10	, 3.12500	, 32	, 0	,
		, 10	, 0.04869	, 2054	, 2	,			, 10	, 0.32787	, 305	, 59	,			, 10	, 0.98039	, 102	, 17	,			, 10	, 9.18182	, 11	, 0	,
		, 11	, 0.05139	, 1946	, 2	,			, 11	, 0.11574	, 864	, 8	,			, 11	, 0.42553	, 235	, 5	,			, 11	, 0.53476	, 187	, 0	,
		, 11	, 0.05147	, 1943	, 2	,			, 11	, 0.11601	, 862	, 8	,			, 11	, 0.42735	, 234	, 5	,			, 11	, 0.53476	, 187	, 0	,
		, 14	, 0.05821	, 1718	, 0	,			, 14	, 0.08969	, 1115	, 1	,			, 14	, 0.23810	, 420	, 1	,			, 14	, 0.19157	, 522	, 0	,
		, 15	, 0.06200	, 1613	, 2	,			, 15	, 0.25575	, 391	, 9	,			, 15	, 0.52356	, 191	, 6	,			, 15	, 10.00000	, 10	, 0	,
		, 15	, 0.06200	, 1613	, 2	,			, 15	, 0.38314	, 261	, 48	,			, 15	, 0.88496	, 113	, 12	,			, 15	, 10.00000	, 10	, 0	,
		, 15	, 0.06231	, 1605	, 1	,			, 15	, 0.38314	, 261	, 48	,			, 15	, 0.88496	, 113	, 12	,			, 15	, 10.00000	, 10	, 0	,
		, 15	, 0.06238	, 1603	, 2	,			, 15	, 0.38314	, 261	, 48	,			, 15	, 0.89286	, 112	, 12	,			, 15	, 2.10417	, 48	, 0	,
		, 34	, 0.12285	, 814	, 4	,			, 34	, 2.72973	, 37	, 188	,			, 34	, 1.78571	, 56	, 23	,			, 34	, 408.00000	, 1	, 0	,
		, 42	, 0.15038	, 665	, 6	,			, 42	, 11.00000	, 10	, 527	,			, 42	, 2.75676	, 37	, 37	,			, 42	, 7643.00000	, 1	, 0	,
		, 48	, 0.17391	, 575	, 14	,			, 48	, 40.33330	, 3	, 1626	,			, 48	, 4.08000	, 25	, 62	,			, 48	, 97603.00000	, 1	, 0	,
		, 137	, 0.49020	, 204	, 0	,			, 137	, 202.00000	, 1	, 3570	,			, 137	, 9.36364	, 11	, 84	,			, 137	, 1001200.00000	, 1	, 0	,
			
			
 fft		, 2	, 0.02129	, 4696	, 0	,	 fft		, 2	, 0.02706	, 3696	, 1	,	 fft		, 2	, 0.05473	, 1827	, 0	,	 fft		, 2	, 0.05488	, 1822	, 0	,
		, 3	, 0.02383	, 4196	, 1	,			, 3	, 0.03416	, 2927	, 1	,			, 3	, 0.10741	, 931	, 1	,			, 3	, 0.07391	, 1353	, 0	,
		, 3	, 0.02392	, 4181	, 1	,			, 3	, 0.03416	, 2927	, 3	,			, 3	, 0.10764	, 929	, 1	,			, 3	, 0.07429	, 1346	, 0	,
		, 3	, 0.02427	, 4121	, 1	,			, 3	, 0.03421	, 2923	, 1	,			, 3	, 0.19493	, 513	, 3	,			, 3	, 0.07440	, 1344	, 0	,
		, 3	, 0.02452	, 4079	, 1	,			, 3	, 0.03427	, 2918	, 3	,			, 3	, 0.19493	, 513	, 3	,			, 3	, 0.07457	, 1341	, 0	,
		, 3	, 0.02461	, 4064	, 0	,			, 3	, 0.03434	, 2912	, 3	,			, 3	, 0.19493	, 513	, 3	,			, 3	, 0.07508	, 1332	, 0	,
		, 3	, 0.02461	, 4064	, 1	,			, 3	, 0.03451	, 2898	, 3	,			, 3	, 0.19570	, 511	, 3	,			, 3	, 0.07508	, 1332	, 0	,
		, 3	, 0.02467	, 4053	, 1	,			, 3	, 0.03451	, 2898	, 3	,			, 3	, 0.19570	, 511	, 3	,			, 3	, 0.07553	, 1324	, 0	,
		, 3	, 0.02476	, 4038	, 0	,			, 3	, 0.03470	, 2882	, 3	,			, 3	, 0.19608	, 510	, 3	,			, 3	, 0.07593	, 1317	, 0	,
		, 4	, 0.02950	, 3390	, 1	,			, 4	, 0.05097	, 1962	, 7	,			, 4	, 0.26810	, 373	, 4	,			, 4	, 0.16949	, 590	, 0	,
		, 5	, 0.03011	, 3321	, 1	,			, 5	, 0.03948	, 2533	, 1	,			, 5	, 0.13423	, 745	, 1	,			, 5	, 0.07013	, 1426	, 0	,
		, 5	, 0.03056	, 3272	, 1	,			, 5	, 0.06557	, 1525	, 5	,			, 5	, 0.31847	, 314	, 5	,			, 5	, 0.28329	, 353	, 0	,
		, 5	, 0.03108	, 3217	, 2	,			, 5	, 0.06566	, 1523	, 5	,			, 5	, 0.31949	, 313	, 5	,			, 5	, 0.28329	, 353	, 0	,
		, 5	, 0.03130	, 3195	, 2	,			, 5	, 0.06627	, 1509	, 12	,			, 5	, 0.36496	, 274	, 5	,			, 5	, 0.28490	, 351	, 0	,
		, 5	, 0.03241	, 3085	, 0	,			, 5	, 0.06636	, 1507	, 5	,			, 5	, 0.51282	, 195	, 9	,			, 5	, 0.28490	, 351	, 0	,
		, 5	, 0.03258	, 3069	, 1	,			, 5	, 0.08460	, 1182	, 22	,			, 5	, 0.76336	, 131	, 15	,			, 5	, 0.59880	, 167	, 0	,
		, 6	, 0.03584	, 2790	, 1	,			, 6	, 0.08826	, 1133	, 8	,			, 6	, 0.54054	, 185	, 6	,			, 6	, 0.46512	, 215	, 0	,
		, 6	, 0.03631	, 2754	, 1	,			, 6	, 0.08857	, 1129	, 8	,			, 6	, 0.54054	, 185	, 6	,			, 6	, 0.46512	, 215	, 0	,
		, 7	, 0.03646	, 2743	, 1	,			, 7	, 0.05593	, 1788	, 3	,			, 7	, 0.21645	, 462	, 2	,			, 7	, 0.12903	, 775	, 0	,
		, 7	, 0.03851	, 2597	, 2	,			, 7	, 0.05637	, 1774	, 3	,			, 7	, 0.21692	, 461	, 2	,			, 7	, 0.12937	, 773	, 0	,
		, 7	, 0.03855	, 2594	, 3	,			, 7	, 0.12987	, 770	, 26	,			, 7	, 0.63291	, 158	, 12	,			, 7	, 1.33333	, 75	, 0	,
		, 7	, 0.03894	, 2568	, 0	,			, 7	, 0.14389	, 695	, 16	,			, 7	, 0.63694	, 157	, 12	,			, 7	, 1.48529	, 68	, 0	,
		, 7	, 0.03967	, 2521	, 0	,			, 7	, 0.17361	, 576	, 36	,			, 7	, 1.03093	, 97	, 15	,			, 7	, 1.94231	, 52	, 0	,
		, 8	, 0.04107	, 2435	, 3	,			, 8	, 0.07541	, 1326	, 10	,			, 8	, 0.35842	, 279	, 4	,			, 8	, 0.28090	, 356	, 0	,
		, 8	, 0.04120	, 2427	, 2	,			, 8	, 0.09542	, 1048	, 7	,			, 8	, 0.44843	, 223	, 6	,			, 8	, 0.56497	, 177	, 0	,
		, 8	, 0.04151	, 2409	, 1	,			, 8	, 0.09560	, 1046	, 7	,			, 8	, 0.44843	, 223	, 6	,			, 8	, 0.56497	, 177	, 0	,
		, 8	, 0.04189	, 2387	, 1	,			, 8	, 0.13141	, 761	, 15	,			, 8	, 0.53476	, 187	, 8	,			, 8	, 1.13636	, 88	, 0	,
		, 8	, 0.04257	, 2349	, 0	,			, 8	, 0.13193	, 758	, 15	,			, 8	, 0.53476	, 187	, 8	,			, 8	, 1.14943	, 87	, 0	,
		, 8	, 0.04261	, 2347	, 2	,			, 8	, 0.14065	, 711	, 15	,			, 8	, 0.53763	, 186	, 8	,			, 8	, 1.31169	, 77	, 0	,
		, 9	, 0.04284	, 2334	, 2	,			, 9	, 0.30395	, 329	, 50	,			, 9	, 0.86207	, 116	, 18	,			, 9	, 6.11765	, 17	, 0	,
		, 11	, 0.05155	, 1940	, 3	,			, 11	, 0.15898	, 629	, 10	,			, 11	, 0.57471	, 174	, 7	,			, 11	, 1.40845	, 71	, 0	,
		, 12	, 0.05400	, 1852	, 4	,			, 12	, 0.29762	, 336	, 42	,			, 12	, 0.92593	, 108	, 14	,			, 12	, 10.80000	, 10	, 0	,
		, 12	, 0.05510	, 1815	, 2	,			, 12	, 0.47393	, 211	, 74	,			, 12	, 0.92593	, 108	, 18	,			, 12	, 15.85710	, 7	, 0	,
		, 12	, 0.05647	, 1771	, 3	,			, 12	, 0.51282	, 195	, 47	,			, 12	, 1.38356	, 73	, 20	,			, 12	, 16.28570	, 7	, 0	,
		, 12	, 0.05685	, 1759	, 3	,			, 12	, 0.51282	, 195	, 47	,			, 12	, 1.38889	, 72	, 20	,			, 12	, 7.21429	, 14	, 0	,
		, 13	, 0.05498	, 1819	, 1	,			, 13	, 1.29870	, 77	, 125	,			, 13	, 1.83636	, 55	, 30	,			, 13	, 103.00000	, 1	, 0	,
		, 14	, 0.06139	, 1629	, 4	,			, 14	, 0.52083	, 192	, 59	,			, 14	, 1.06383	, 94	, 17	,			, 14	, 19.00000	, 6	, 0	,
		, 15	, 0.06297	, 1588	, 3	,			, 15	, 0.64935	, 154	, 62	,			, 15	, 1.25000	, 80	, 21	,			, 15	, 23.40000	, 5	, 0	,
		, 16	, 0.06242	, 1602	, 1	,			, 16	, 0.14327	, 698	, 9	,			, 16	, 0.55556	, 180	, 6	,			, 16	, 0.58823	, 170	, 0	,
		, 16	, 0.06285	, 1591	, 1	,			, 16	, 0.14389	, 695	, 9	,			, 16	, 0.55556	, 180	, 6	,			, 16	, 0.59172	, 169	, 0	,
		, 19	, 0.07740	, 1292	, 5	,			, 19	, 1.69492	, 59	, 61	,			, 19	, 1.58730	, 63	, 23	,			, 19	, 240.00000	, 1	, 0	,
		, 38	, 0.13532	, 739	, 7	,			, 38	, 8.83333	, 12	, 194	,			, 38	, 6.25000	, 16	, 42	,			, 38	, 3260.00000	, 1	, 0	,
		, 52	, 0.18215	, 549	, 10	,			, 52	, 21.20000	, 5	, 248	,			, 52	, 5.83333	, 18	, 52	,			, 52	, 22150.00000	, 1	, 0	,
			
			
 md5		, 2	, 0.02071	, 4828	, 1	,	 md5		, 2	, 0.02692	, 3715	, 1	,	 md5		, 2	, 0.09921	, 1008	, 1	,	 md5		,	,	,	,	,
		, 3	, 0.02435	, 4107	, 0	,			, 3	, 0.03046	, 3283	, 1	,			, 3	, 0.11521	, 868	, 1	,			, 	,	,	,	,
		, 3	, 0.02462	, 4061	, 1	,			, 3	, 0.03433	, 2913	, 3	,			, 3	, 0.19531	, 512	, 3	,			, 	,	,	,	,
		, 3	, 0.02464	, 4058	, 1	,			, 3	, 0.03454	, 2895	, 3	,			, 3	, 0.19570	, 511	, 3	,			, 	,	,	,	,
		, 4	, 0.02661	, 3758	, 1	,			, 4	, 0.03737	, 2676	, 3	,			, 4	, 0.20080	, 498	, 3	,			, 	,	,	,	,
		, 4	, 0.02669	, 3747	, 1	,			, 4	, 0.03854	, 2595	, 3	,			, 4	, 0.20161	, 496	, 3	,			, 	,	,	,	,
		, 4	, 0.02764	, 3618	, 1	,			, 4	, 0.04505	, 2220	, 6	,			, 4	, 0.31847	, 314	, 5	,			, 	,	,	,	,
		, 5	, 0.02995	, 3339	, 1	,			, 5	, 0.04926	, 2030	, 3	,			, 5	, 0.23148	, 432	, 3	,			, 	,	,	,	,
		, 5	, 0.03030	, 3300	, 1	,			, 5	, 0.04936	, 2026	, 3	,			, 5	, 0.23202	, 431	, 3	,			, 	,	,	,	,
		, 6	, 0.03277	, 3052	, 1	,			, 6	, 0.10173	, 983	, 22	,			, 6	, 0.68493	, 146	, 15	,			, 	,	,	,	,
		, 7	, 0.03687	, 2712	, 2	,			, 7	, 0.07358	, 1359	, 9	,			, 7	, 0.37879	, 264	, 5	,			, 	,	,	,	,
		, 7	, 0.03750	, 2667	, 2	,			, 7	, 0.13793	, 725	, 26	,			, 7	, 0.95238	, 105	, 19	,			, 	,	,	,	,
		, 7	, 0.03864	, 2588	, 3	,			, 7	, 0.14599	, 685	, 33	,			, 7	, 1.04167	, 96	, 15	,			, 	,	,	,	,
		, 10	, 0.04651	, 2150	, 1	,			, 10	, 0.12579	, 795	, 18	,			, 10	, 0.58139	, 172	, 8	,			, 	,	,	,	,
		, 10	, 0.04704	, 2126	, 1	,			, 10	, 0.15152	, 660	, 18	,			, 10	, 0.59880	, 167	, 8	,			, 	,	,	,	,
		, 10	, 0.04926	, 2030	, 1	,			, 10	, 0.15601	, 641	, 27	,			, 10	, 0.59880	, 167	, 8	,			, 	,	,	,	,
		, 11	, 0.04985	, 2006	, 2	,			, 11	, 0.40816	, 245	, 46	,			, 11	, 0.86207	, 116	, 15	,			, 	,	,	,	,
		, 12	, 0.05488	, 1822	, 2	,			, 12	, 0.17575	, 569	, 18	,			, 12	, 0.67568	, 148	, 9	,			, 	,	,	,	,
		, 12	, 0.05571	, 1795	, 3	,			, 12	, 0.30864	, 324	, 22	,			, 12	, 0.69930	, 143	, 10	,			, 	,	,	,	,
		, 12	, 0.05583	, 1791	, 3	,			, 12	, 0.41841	, 239	, 50	,			, 12	, 1.01010	, 99	, 16	,			, 	,	,	,	,
		, 13	, 0.05612	, 1782	, 2	,			, 13	, 0.27778	, 360	, 17	,			, 13	, 0.69930	, 143	, 8	,			, 	,	,	,	,
		, 13	, 0.05845	, 1711	, 2	,			, 13	, 0.93458	, 107	, 74	,			, 13	, 1.12360	, 89	, 20	,			, 	,	,	,	,
		, 15	, 0.06435	, 1554	, 4	,			, 15	, 1.13636	, 88	, 132	,			, 15	, 1.31579	, 76	, 22	,			, 	,	,	,	,
		, 17	, 0.06993	, 1430	, 2	,			, 17	, 0.79365	, 126	, 46	,			, 17	, 1.09890	, 91	, 15	,			, 	,	,	,	,
		, 19	, 0.07794	, 1283	, 3	,			, 19	, 1.49254	, 67	, 101	,			, 19	, 1.66667	, 60	, 20	,	
		, 20	, 0.07949	, 1258	, 3	,			, 20	, 3.44828	, 29	, 228	,			, 20	, 3.51724	, 29	, 49	,	
		, 21	, 0.07962	, 1256	, 5	,			, 21	, 3.09091	, 33	, 217	,			, 21	, 2.02000	, 50	, 33	,	 sha		,	,	,	,	,
		, 27	, 0.10020	, 998	, 6	,			, 27	, 7.14286	, 14	, 455	,			, 27	, 2.31818	, 44	, 35	,			, 	,	,	,	,
		, 37	, 0.13123	, 762	, 6	,			, 37	, 19.50000	, 6	, 933	,			, 37	, 3.48276	, 29	, 48	,			, 	,	,	,	,
		, 39	, 0.13333	, 750	, 8	,			, 39	, 31.75000	, 4	, 676	,			, 39	, 6.31250	, 16	, 74	,			, 	,	,	,	,
		, 55	, 0.19231	, 520	, 9	,			, 55	, 58.50000	, 2	, 2065	,			, 55	, 11.66670	, 9	, 139	,			, 	,	,	,	,
		, 87	, 0.28409	, 352	, 21	,			, 87	, 338.00000	, 1	, 6045	,			, 87	, 18.83330	, 6	, 201	,			, 	,	,	,	,
		, 959	, 2.91429	, 35	, 81	,			, 959	, 1386430.00000	, 1	, 458096	,			, 959	, 471.00000	, 1	, 2111	,			, 	,	,	,	,
					, 	,	,	,	,
					, 	,	,	,	,
 sha		, 3	, 0.02402	, 4164	, 0	,	 sha		, 3	, 0.02950	, 3390	, 0	,	 sha		, 3	, 0.04871	, 2053	, 0	,			, 	,	,	,	,
		, 6	, 0.03339	, 2995	, 0	,			, 6	, 0.04272	, 2341	, 1	,			, 6	, 0.14368	, 696	, 1	,			, 	,	,	,	,
		, 7	, 0.03704	, 2700	, 2	,			, 7	, 0.14620	, 684	, 33	,			, 7	, 0.96154	, 104	, 19	,			, 	,	,	,	,
		, 8	, 0.04054	, 2467	, 2	,			, 8	, 0.07911	, 1264	, 5	,			, 8	, 0.39370	, 254	, 5	,			, 	,	,	,	,
		, 8	, 0.04129	, 2422	, 2	,			, 8	, 0.07949	, 1258	, 12	,			, 8	, 0.54945	, 182	, 9	,			, 	,	,	,	,
		, 8	, 0.04297	, 2327	, 1	,			, 8	, 0.09794	, 1021	, 18	,			, 8	, 0.55866	, 179	, 8	,			, 	,	,	,	,
		, 9	, 0.04579	, 2184	, 0	,			, 9	, 0.06519	, 1534	, 6	,			, 9	, 0.30030	, 333	, 3	,			, 	,	,	,	,
		, 10	, 0.04843	, 2065	, 1	,			, 10	, 0.10267	, 974	, 12	,			, 10	, 0.47393	, 211	, 6	,			, 	,	,	,	,
		, 10	, 0.04866	, 2055	, 2	,			, 10	, 0.13569	, 737	, 16	,			, 10	, 0.48077	, 208	, 6	,			, 	,	,	,	,
		, 10	, 0.04921	, 2032	, 1	,			, 10	, 0.13587	, 736	, 16	,			, 10	, 0.48077	, 208	, 6	,			, 	,	,	,	,
		, 10	, 0.04985	, 2006	, 1	,			, 10	, 0.14472	, 691	, 18	,			, 10	, 0.52910	, 189	, 7	,			, 	,	,	,	,
		, 10	, 0.04995	, 2002	, 1	,			, 10	, 0.24096	, 415	, 31	,			, 10	, 0.82645	, 121	, 13	,			, 	,	,	,	,
		, 11	, 0.04968	, 2013	, 2	,			, 11	, 0.20619	, 485	, 24	,			, 11	, 0.64103	, 156	, 8	,			, 	,	,	,	,
		, 11	, 0.05086	, 1966	, 1	,			, 11	, 0.40650	, 246	, 46	,			, 11	, 0.86957	, 115	, 15	,			, 	,	,	,	,
		, 12	, 0.05590	, 1789	, 1	,			, 12	, 0.09901	, 1010	, 8	,			, 12	, 0.42735	, 234	, 5	,			, 	,	,	,	,
		, 15	, 0.06246	, 1601	, 2	,			, 15	, 0.58823	, 170	, 60	,			, 15	, 1.00000	, 100	, 14	,			, 	,	,	,	,
		, 16	, 0.06566	, 1523	, 0	,			, 16	, 0.11751	, 851	, 3	,			, 16	, 0.32362	, 309	, 2	,			, 	,	,	,	,
		, 19	, 0.07710	, 1297	, 4	,			, 19	, 1.20482	, 83	, 130	,			, 19	, 1.35135	, 74	, 22	,			, 	,	,	,	,
		, 24	, 0.08764	, 1141	, 6	,			, 24	, 1.53030	, 66	, 145	,			, 24	, 2.34884	, 43	, 32	,			, 	,	,	,	,
		, 24	, 0.08772	, 1140	, 6	,			, 24	, 1.53846	, 65	, 145	,			, 24	, 2.34884	, 43	, 32	,			, 	,	,	,	,
		, 24	, 0.08787	, 1138	, 6	,			, 24	, 1.53846	, 65	, 145	,			, 24	, 2.34884	, 43	, 32	,			, 	,	,	,	,
		, 24	, 0.08795	, 1137	, 6	,			, 24	, 1.55385	, 65	, 145	,			, 24	, 2.37209	, 43	, 32	,			, 	,	,	,	,
		, 24	, 0.09372	, 1067	, 6	,			, 24	, 5.00000	, 20	, 385	,			, 24	, 3.81481	, 27	, 50	,			, 	,	,	,	,
		, 25	, 0.09337	, 1071	, 0	,			, 25	, 0.26178	, 382	, 5	,			, 25	, 0.62112	, 161	, 5	,			, 	,	,	,	,
		, 26	, 0.09452	, 1058	, 5	,			, 26	, 7.00000	, 15	, 450	,			, 26	, 2.34884	, 43	, 35	,			, 	,	,	,	,
		, 29	, 0.10661	, 938	, 5	,			, 29	, 7.92308	, 13	, 486	,			, 29	, 2.52500	, 40	, 36	,			, 	,	,	,	,
		, 32	, 0.11338	, 882	, 8	,			, 32	, 8.33333	, 12	, 391	,			, 32	, 2.70270	, 37	, 38	,			, 	,	,	,	,
		, 33	, 0.11655	, 858	, 5	,			, 33	, 12.00000	, 9	, 469	,			, 33	, 3.51724	, 29	, 56	,			, 	,	,	,	,
		, 33	, 0.11655	, 858	, 5	,			, 33	, 12.00000	, 9	, 469	,			, 33	, 3.57143	, 28	, 56	,			, 	,	,	,	,
		, 34	, 0.11820	, 846	, 5	,			, 34	, 12.33330	, 9	, 491	,			, 34	, 3.57143	, 28	, 57	,			, 	,	,	,	,
		, 35	, 0.12225	, 818	, 5	,			, 35	, 14.85710	, 7	, 490	,			, 35	, 3.77778	, 27	, 58	,			, 	,	,	,	,
		, 41	, 0.14368	, 696	, 7	,			, 41	, 27.00000	, 4	, 1116	,			, 41	, 3.77778	, 27	, 52	,			, 	,	,	,	,
		, 48	, 0.16529	, 605	, 9	,			, 48	, 46.33330	, 3	, 1735	,			, 48	, 18.00000	, 6	, 148	,			, 	,	,	,	,
		, 53	, 0.18416	, 543	, 9	,			, 53	, 58.00000	, 2	, 1970	,			, 53	, 4.95238	, 21	, 72	,			, 	,	,	,	,
		, 147	, 0.46296	, 216	, 33	,			, 147	, 1206.00000	, 1	, 14219	,			, 147	, 2017.00000	, 1	, 307	,	
			
			 sor		,	,	,	,	,
 sor		, 2	, 0.02076	, 4818	, 1	,	 sor		, 2	, 0.02687	, 3721	, 1	,	 sor		, 2	, 0.05485	, 1823	, 0	,			, 	,	,	,	,
		, 2	, 0.02134	, 4686	, 0	,			, 2	, 0.02715	, 3683	, 3	,			, 2	, 0.18484	, 541	, 3	,			, 	,	,	,	,
		, 3	, 0.02479	, 4034	, 0	,			, 3	, 0.03486	, 2869	, 1	,			, 3	, 0.10753	, 930	, 1	,			, 	,	,	,	,
		, 3	, 0.02482	, 4029	, 1	,			, 3	, 0.03494	, 2862	, 3	,			, 3	, 0.19646	, 509	, 3	,			, 	,	,	,	,
		, 4	, 0.02729	, 3665	, 1	,			, 4	, 0.03810	, 2625	, 3	,			, 4	, 0.20202	, 495	, 3	,			, 	,	,	,	,
		, 5	, 0.02984	, 3351	, 1	,			, 5	, 0.06662	, 1501	, 12	,			, 5	, 0.36630	, 273	, 5	,			, 	,	,	,	,
		, 5	, 0.02992	, 3342	, 1	,			, 5	, 0.06680	, 1497	, 12	,			, 5	, 0.46296	, 216	, 9	,			, 	,	,	,	,
		, 5	, 0.03162	, 3163	, 2	,			, 5	, 0.06689	, 1495	, 12	,			, 5	, 0.46296	, 216	, 9	,			, 	,	,	,	,
		, 5	, 0.03164	, 3161	, 2	,			, 5	, 0.06689	, 1495	, 5	,			, 5	, 0.51814	, 193	, 9	,			, 	,	,	,	,
		, 8	, 0.04223	, 2368	, 3	,			, 8	, 0.19841	, 504	, 29	,			, 8	, 0.54645	, 183	, 9	,			, 	,	,	,	,
		, 10	, 0.04602	, 2173	, 2	,			, 10	, 0.22573	, 443	, 44	,			, 10	, 0.75758	, 132	, 11	,			, 	,	,	,	,
		, 10	, 0.04810	, 2079	, 3	,			, 10	, 0.24630	, 406	, 36	,			, 10	, 0.95238	, 105	, 17	,			, 	,	,	,	,
		, 14	, 0.05727	, 1746	, 1	,			, 14	, 0.40816	, 245	, 46	,			, 14	, 0.98039	, 102	, 16	,			, 	,	,	,	,
		, 14	, 0.06024	, 1660	, 3	,			, 14	, 1.21951	, 82	, 101	,			, 14	, 1.74138	, 58	, 29	,			, 	,	,	,	,
		, 15	, 0.06238	, 1603	, 4	,			, 15	, 0.62893	, 159	, 47	,			, 15	, 0.98039	, 102	, 14	,			, 	,	,	,	,
		, 15	, 0.06361	, 1572	, 3	,			, 15	, 0.65360	, 153	, 60	,			, 15	, 1.14943	, 87	, 14	,			, 	,	,	,	,
		, 29	, 0.10661	, 938	, 3	,			, 29	, 2.43902	, 41	, 55	,			, 29	, 2.19565	, 46	, 23	,			, 	,	,	,	,
		, 29	, 0.10718	, 933	, 4	,			, 29	, 3.57143	, 28	, 157	,			, 29	, 2.70270	, 37	, 35	,	
			
			 whetstone		,	,	,	,	,
 whetstone		, 3	, 0.02320	, 4311	, 0	,	 whetstone		, 3	, 0.02959	, 3379	, 0	,	 whetstone		, 3	, 0.04850	, 2062	, 0	,			, 	,	,	,	,
		, 3	, 0.02320	, 4311	, 0	,			, 3	, 0.03037	, 3293	, 1	,			, 3	, 0.11389	, 878	, 1	,			, 	,	,	,	,
		, 3	, 0.02322	, 4306	, 0	,			, 3	, 0.03155	, 3170	, 1	,			, 3	, 0.11442	, 874	, 1	,			, 	,	,	,	,
		, 3	, 0.02407	, 4154	, 0	,			, 3	, 0.03216	, 3109	, 1	,			, 3	, 0.11494	, 870	, 1	,			, 	,	,	,	,
		, 4	, 0.02353	, 4249	, 0	,			, 4	, 0.02935	, 3407	, 0	,			, 4	, 0.03498	, 2859	, 0	,			, 	,	,	,	,
		, 4	, 0.02647	, 3778	, 1	,			, 4	, 0.03517	, 2843	, 0	,			, 4	, 0.05914	, 1691	, 0	,			, 	,	,	,	,
		, 4	, 0.02728	, 3666	, 0	,			, 4	, 0.03695	, 2706	, 1	,			, 4	, 0.12579	, 795	, 1	,			, 	,	,	,	,
		, 4	, 0.02834	, 3528	, 0	,			, 4	, 0.04120	, 2427	, 3	,			, 4	, 0.21053	, 475	, 3	,			, 	,	,	,	,
		, 5	, 0.02921	, 3423	, 1	,			, 5	, 0.04263	, 2346	, 3	,			, 5	, 0.11820	, 846	, 1	,			, 	,	,	,	,
		, 5	, 0.03009	, 3323	, 1	,			, 5	, 0.04403	, 2271	, 1	,			, 5	, 0.20619	, 485	, 3	,			, 	,	,	,	,
		, 5	, 0.03066	, 3262	, 1	,			, 5	, 0.04850	, 2062	, 3	,			, 5	, 0.22124	, 452	, 3	,			, 	,	,	,	,
		, 6	, 0.03336	, 2998	, 0	,			, 6	, 0.05556	, 1800	, 3	,			, 6	, 0.20619	, 485	, 2	,			, 	,	,	,	,
		, 6	, 0.03449	, 2899	, 1	,			, 6	, 0.05869	, 1704	, 5	,			, 6	, 0.28090	, 356	, 4	,			, 	,	,	,	,
		, 6	, 0.03498	, 2859	, 1	,			, 6	, 0.06046	, 1654	, 7	,			, 6	, 0.30581	, 327	, 4	,			, 	,	,	,	,
		, 7	, 0.03486	, 2869	, 1	,			, 7	, 0.05402	, 1851	, 3	,			, 7	, 0.21459	, 466	, 3	,			, 	,	,	,	,
		, 7	, 0.03671	, 2724	, 2	,			, 7	, 0.13316	, 751	, 19	,			, 7	, 0.48544	, 206	, 8	,			, 	,	,	,	,
		, 7	, 0.03675	, 2721	, 2	,			, 7	, 0.13387	, 747	, 19	,			, 7	, 0.48780	, 205	, 8	,			, 	,	,	,	,
		, 7	, 0.03676	, 2720	, 2	,			, 7	, 0.13405	, 746	, 19	,			, 7	, 0.48780	, 205	, 8	,			, 	,	,	,	,
		, 7	, 0.03701	, 2702	, 2	,			, 7	, 0.13423	, 745	, 19	,			, 7	, 0.48780	, 205	, 8	,			, 	,	,	,	,
		, 8	, 0.03894	, 2568	, 0	,			, 8	, 0.06689	, 1495	, 6	,			, 8	, 0.29325	, 341	, 3	,			, 	,	,	,	,
		, 8	, 0.04264	, 2345	, 0	,			, 8	, 0.07825	, 1278	, 10	,			, 8	, 0.36496	, 274	, 4	,			, 	,	,	,	,
		, 9	, 0.04243	, 2357	, 2	,			, 9	, 0.09251	, 1081	, 6	,			, 9	, 0.29851	, 335	, 3	,			, 	,	,	,	,
		, 9	, 0.04425	, 2260	, 0	,			, 9	, 0.16103	, 621	, 19	,			, 9	, 0.50000	, 200	, 8	,			, 	,	,	,	,
		, 10	, 0.04854	, 2060	, 3	,			, 10	, 0.10941	, 914	, 12	,			, 10	, 0.48544	, 206	, 6	,			, 	,	,	,	,
		, 10	, 0.04897	, 2042	, 2	,			, 10	, 0.15337	, 652	, 16	,			, 10	, 0.54945	, 182	, 7	,			, 	,	,	,	,
		, 10	, 0.04948	, 2021	, 1	,			, 10	, 0.27855	, 359	, 36	,			, 10	, 0.66667	, 150	, 11	,			, 	,	,	,	,
		, 12	, 0.05203	, 1922	, 0	,			, 12	, 0.13210	, 757	, 10	,			, 12	, 0.38910	, 257	, 4	,			, 	,	,	,	,
		, 12	, 0.05525	, 1810	, 4	,			, 12	, 0.42735	, 234	, 73	,			, 12	, 0.80645	, 124	, 13	,			, 	,	,	,	,
		, 14	, 0.06079	, 1645	, 1	,			, 14	, 0.40650	, 246	, 6	,			, 14	, 0.67114	, 149	, 6	,			, 	,	,	,	,
		, 14	, 0.06219	, 1608	, 2	,			, 14	, 0.70922	, 141	, 79	,			, 14	, 1.55385	, 65	, 30	,			, 	,	,	,	,
		, 15	, 0.06234	, 1604	, 0	,			, 15	, 0.21552	, 464	, 15	,			, 15	, 0.48780	, 205	, 5	,			, 	,	,	,	,
		, 15	, 0.06506	, 1537	, 0	,			, 15	, 0.35587	, 281	, 28	,			, 15	, 0.60976	, 164	, 7	,			, 	,	,	,	,
		, 18	, 0.07541	, 1326	, 0	,			, 18	, 0.46729	, 214	, 45	,			, 18	, 0.76923	, 130	, 9	,			, 	,	,	,	,
		, 19	, 0.07675	, 1303	, 3	,			, 19	, 0.22624	, 442	, 15	,			, 19	, 0.76336	, 131	, 6	,			, 	,	,	,	,
		, 24	, 0.09852	, 1015	, 0	,			, 24	, 0.97087	, 103	, 78	,			, 24	, 1.02041	, 98	, 12	,			, 	,	,	,	,
		, 29	, 0.10695	, 935	, 6	,			, 29	, 10.00000	, 10	, 217	,			, 29	, 4.20833	, 24	, 43	,			, 	,	,	,	,
		, 31	, 0.11299	, 885	, 6	,			, 31	, 11.88890	, 9	, 232	,			, 31	, 4.16667	, 24	, 42	,			, 	,	,	,	,
		, 39	, 0.13774	, 726	, 6	,			, 39	, 29.50000	, 4	, 1141	,			, 39	, 2.56410	, 39	, 25	,			, 	,	,	,	,
		, 39	, 0.14225	, 703	, 18	,			, 39	, 7.21429	, 14	, 61	,			, 39	, 4.76190	, 21	, 81	,	
