maxmiso	, size	, time	, it	, cand	,	singlecut	, size	, time	, it	, cand	,	union	, size	, time	, it	, cand	,	multicut	, size	, time	, it	, cand	,
			
			
 adpcm		, 3	, 0.02436	, 4105	, 1	,	 adpcm		, 3	, 0.03440	, 2907	, 3	,	 adpcm		, 3	, 0.19570	, 511	, 3	,	 adpcm		,	,	,	,	,
		, 3	, 0.02438	, 4101	, 1	,			, 3	, 0.03446	, 2902	, 3	,			, 3	, 0.19685	, 508	, 3	,			, 	,	,	,	,
		, 3	, 0.02459	, 4067	, 1	,			, 3	, 0.03475	, 2878	, 3	,			, 3	, 0.19920	, 502	, 3	,			, 	,	,	,	,
		, 4	, 0.02685	, 3724	, 0	,			, 4	, 0.03802	, 2630	, 1	,			, 4	, 0.12804	, 781	, 1	,			, 	,	,	,	,
		, 5	, 0.02996	, 3338	, 1	,			, 5	, 0.04990	, 2004	, 5	,			, 5	, 0.28653	, 349	, 4	,			, 	,	,	,	,
		, 5	, 0.03004	, 3329	, 1	,			, 5	, 0.06570	, 1522	, 6	,			, 5	, 0.33557	, 298	, 6	,			, 	,	,	,	,
		, 5	, 0.03011	, 3321	, 1	,			, 5	, 0.06575	, 1521	, 6	,			, 5	, 0.33670	, 297	, 6	,			, 	,	,	,	,
		, 5	, 0.03015	, 3317	, 1	,			, 5	, 0.06579	, 1520	, 6	,			, 5	, 0.33670	, 297	, 6	,			, 	,	,	,	,
		, 5	, 0.03017	, 3315	, 1	,			, 5	, 0.06583	, 1519	, 6	,			, 5	, 0.33784	, 296	, 6	,			, 	,	,	,	,
		, 5	, 0.03161	, 3164	, 1	,			, 5	, 0.06631	, 1508	, 13	,			, 5	, 0.48077	, 208	, 10	,			, 	,	,	,	,
		, 6	, 0.03265	, 3063	, 1	,			, 6	, 0.06988	, 1431	, 13	,			, 6	, 0.48077	, 208	, 10	,			, 	,	,	,	,
		, 6	, 0.03268	, 3060	, 1	,			, 6	, 0.07082	, 1412	, 13	,			, 6	, 0.48309	, 207	, 10	,			, 	,	,	,	,
		, 7	, 0.03762	, 2658	, 2	,			, 7	, 0.11534	, 867	, 22	,			, 7	, 0.55556	, 180	, 9	,			, 	,	,	,	,
		, 7	, 0.03782	, 2644	, 2	,			, 7	, 0.11547	, 866	, 22	,			, 7	, 0.55866	, 179	, 9	,			, 	,	,	,	,
		, 8	, 0.03903	, 2562	, 0	,			, 8	, 0.07564	, 1322	, 3	,			, 8	, 0.23419	, 427	, 2	,			, 	,	,	,	,
		, 8	, 0.03956	, 2528	, 0	,			, 8	, 0.07581	, 1319	, 3	,			, 8	, 0.23585	, 424	, 2	,			, 	,	,	,	,
		, 10	, 0.04710	, 2123	, 3	,			, 10	, 0.16393	, 610	, 21	,			, 10	, 0.56818	, 176	, 9	,			, 	,	,	,	,
		, 11	, 0.04721	, 2118	, 2	,			, 11	, 0.10309	, 970	, 7	,			, 11	, 0.30675	, 326	, 4	,			, 	,	,	,	,
		, 11	, 0.04973	, 2011	, 2	,			, 11	, 0.42017	, 238	, 74	,			, 11	, 0.97087	, 103	, 20	,			, 	,	,	,	,
		, 11	, 0.05020	, 1992	, 2	,			, 11	, 0.47847	, 209	, 83	,			, 11	, 1.75439	, 57	, 37	,			, 	,	,	,	,
		, 11	, 0.05023	, 1991	, 2	,			, 11	, 0.47847	, 209	, 83	,			, 11	, 1.77193	, 57	, 37	,			, 	,	,	,	,
		, 12	, 0.05030	, 1988	, 2	,			, 12	, 0.12121	, 825	, 14	,			, 12	, 0.40486	, 247	, 6	,			, 	,	,	,	,
		, 12	, 0.05339	, 1873	, 3	,			, 12	, 0.23364	, 428	, 24	,			, 12	, 0.64935	, 154	, 9	,			, 	,	,	,	,
		, 12	, 0.05405	, 1850	, 1	,			, 12	, 0.31446	, 318	, 43	,			, 12	, 0.84746	, 118	, 14	,			, 	,	,	,	,
		, 14	, 0.05886	, 1699	, 3	,			, 14	, 0.30212	, 331	, 27	,			, 14	, 0.62500	, 160	, 8	,			, 	,	,	,	,
		, 14	, 0.05903	, 1694	, 3	,			, 14	, 0.30212	, 331	, 42	,			, 14	, 0.70422	, 142	, 10	,			, 	,	,	,	,
		, 14	, 0.06289	, 1590	, 1	,			, 14	, 0.44248	, 226	, 32	,			, 14	, 0.85470	, 117	, 14	,			, 	,	,	,	,
		, 17	, 0.07331	, 1364	, 1	,			, 17	, 0.52910	, 189	, 50	,			, 17	, 0.90909	, 110	, 12	,			, 	,	,	,	,
		, 18	, 0.07502	, 1333	, 4	,			, 18	, 1.16279	, 86	, 156	,			, 18	, 1.33333	, 75	, 22	,			, 	,	,	,	,
		, 18	, 0.07524	, 1329	, 4	,			, 18	, 1.16279	, 86	, 156	,			, 18	, 1.33333	, 75	, 22	,			, 	,	,	,	,
		, 20	, 0.08333	, 1200	, 3	,			, 20	, 1.44928	, 69	, 127	,			, 20	, 1.88679	, 53	, 27	,			, 	,	,	,	,
		, 21	, 0.08425	, 1187	, 1	,			, 21	, 1.69492	, 59	, 132	,			, 21	, 1.42857	, 70	, 25	,			, 	,	,	,	,
		, 31	, 0.11223	, 891	, 5	,			, 31	, 12.22220	, 9	, 853	,			, 31	, 8.07692	, 13	, 147	,			, 	,	,	,	,
		, 38	, 0.13055	, 766	, 6	,			, 38	, 55.50000	, 2	, 3342	,			, 38	, 8.07692	, 13	, 166	,			, 	,	,	,	,
		, 38	, 0.13141	, 761	, 6	,			, 38	, 55.50000	, 2	, 3342	,			, 38	, 8.00000	, 13	, 166	,			, 	,	,	,	,
		, 55	, 0.20121	, 497	, 14	,			, 55	, 112.00000	, 1	, 2907	,			, 55	, 5664350.00000	, 1	, 304	,			, 	,	,	,	,
			
			
 aes		,	,	,	,	,	 aes		, 1	, 0.01717	, 5825	, 0	,	 aes	 aes		,	,	,	,	,
		, 	,	,	,	,			, 1	, 0.01721	, 5809	, 0	,				, 	,	,	,	,
		, 	,	,	,	,			, 1	, 0.01724	, 5802	, 0	,	 blowfish		, 3	, 0.04757	, 2102	, 0	,			, 	,	,	,	,
		, 	,	,	,	,			, 1	, 0.01726	, 5794	, 0	,			, 3	, 0.04782	, 2091	, 0	,			, 	,	,	,	,
		, 	,	,	,	,			, 3	, 0.02999	, 3335	, 1	,			, 3	, 0.11416	, 876	, 1	,			, 	,	,	,	,
		, 	,	,	,	,			, 3	, 0.03012	, 3320	, 0	,			, 3	, 0.19646	, 509	, 3	,			, 	,	,	,	,
		, 	,	,	,	,			, 3	, 0.03434	, 2912	, 3	,			, 5	, 0.04054	, 2467	, 0	,			, 	,	,	,	,
		, 	,	,	,	,			, 3	, 0.03435	, 2911	, 3	,			, 7	, 0.38168	, 262	, 6	,			, 	,	,	,	,
		, 	,	,	,	,			, 3	, 0.03436	, 2910	, 3	,			, 7	, 0.44053	, 227	, 7	,			, 	,	,	,	,
		, 	,	,	,	,			, 3	, 0.03446	, 2902	, 3	,			, 7	, 0.44248	, 226	, 7	,			, 	,	,	,	,
		, 	,	,	,	,			, 3	, 0.03446	, 2902	, 3	,			, 7	, 0.62112	, 161	, 12	,			, 	,	,	,	,
		, 	,	,	,	,			, 3	, 0.03447	, 2901	, 3	,			, 7	, 0.62112	, 161	, 12	,			, 	,	,	,	,
		, 	,	,	,	,			, 3	, 0.03448	, 2900	, 3	,			, 8	, 0.22173	, 451	, 3	,			, 	,	,	,	,
		, 	,	,	,	,			, 3	, 0.03448	, 2900	, 3	,			, 8	, 0.36101	, 277	, 5	,			, 	,	,	,	,
		, 	,	,	,	,			, 3	, 0.03453	, 2896	, 3	,			, 8	, 0.45454	, 220	, 7	,			, 	,	,	,	,
		, 	,	,	,	,			, 3	, 0.03455	, 2894	, 3	,			, 8	, 0.45662	, 219	, 7	,			, 	,	,	,	,
		, 	,	,	,	,			, 3	, 0.03455	, 2894	, 3	,			, 9	, 0.67568	, 148	, 12	,			, 	,	,	,	,
		, 	,	,	,	,			, 3	, 0.03457	, 2893	, 3	,			, 9	, 0.67568	, 148	, 12	,			, 	,	,	,	,
		, 	,	,	,	,			, 4	, 0.0346861	, 2883	, 	,			, 9	, 0.67568	, 148	, 12	,			, 	,	,	,	,
		, 	,	,	,	,			, 4	, 0.0346861	, 2883	, 	,			, 9	, 0.67568	, 148	, 12	,			, 	,	,	,	,
		, 	,	,	,	,			, 4	, 0.0347102	, 2881	, 	,			, 9	, 0.67568	, 148	, 12	,			, 	,	,	,	,
		, 	,	,	,	,			, 4	, 0.0351494	, 2845	, 	,			, 9	, 0.67568	, 148	, 12	,			, 	,	,	,	,
		, 	,	,	,	,			, 4	, 0.0351741	, 2843	, 	,			, 10	, 0.68966	, 145	, 11	,			, 	,	,	,	,
		, 	,	,	,	,			, 4	, 0.0351989	, 2841	, 	,			, 10	, 0.68966	, 145	, 12	,			, 	,	,	,	,
		, 	,	,	,	,			, 4	, 0.03821	, 2617	, 1	,			, 10	, 0.68966	, 145	, 12	,			, 	,	,	,	,
		, 	,	,	,	,			, 4	, 0.03831	, 2610	, 1	,			, 10	, 0.68966	, 145	, 12	,			, 	,	,	,	,
		, 	,	,	,	,			, 4	, 0.03833	, 2609	, 1	,			, 10	, 0.68966	, 145	, 12	,			, 	,	,	,	,
		, 	,	,	,	,			, 4	, 0.03843	, 2602	, 1	,			, 10	, 0.69444	, 144	, 12	,			, 	,	,	,	,
		, 	,	,	,	,			, 4	, 0.04997	, 2001	, 3	,			, 10	, 0.69444	, 144	, 12	,			, 	,	,	,	,
		, 	,	,	,	,			, 5	, 0.04198	, 2382	, 3	,			, 11	, 0.37453	, 267	, 5	,			, 	,	,	,	,
		, 	,	,	,	,			, 5	, 0.06046	, 1654	, 3	,			, 11	, 0.81967	, 122	, 14	,			, 	,	,	,	,
		, 	,	,	,	,			, 5	, 0.06658	, 1502	, 13	,			, 13	, 0.90090	, 111	, 17	,			, 	,	,	,	,
		, 	,	,	,	,			, 5	, 0.06676	, 1498	, 6	,			, 16	, 1.24691	, 81	, 24	,			, 	,	,	,	,
		, 	,	,	,	,			, 5	, 0.06680	, 1497	, 6	,			, 16	, 2.19565	, 46	, 46	,			, 	,	,	,	,
		, 	,	,	,	,			, 5	, 0.06680	, 1497	, 6	,			, 19	, 1.11111	, 90	, 18	,			, 	,	,	,	,
		, 	,	,	,	,			, 5	, 0.06689	, 1495	, 6	,			, 22	, 1.20482	, 83	, 20	,			, 	,	,	,	,
		, 	,	,	,	,			, 5	, 0.06702	, 1492	, 6	,			, 22	, 1.85185	, 54	, 33	,			, 	,	,	,	,
		, 	,	,	,	,			, 5	, 0.06707	, 1491	, 6	,			, 25	, 6.80000	, 15	, 91	,			, 	,	,	,	,
		, 	,	,	,	,			, 5	, 0.06711	, 1490	, 6	,			, 27	, 2.65789	, 38	, 55	,			, 	,	,	,	,
		, 	,	,	,	,			, 5	, 0.06716	, 1489	, 6	,			, 38	, 2.37209	, 43	, 38	,			, 	,	,	,	,
		, 	,	,	,	,			, 5	, 0.06725	, 1487	, 6	,			, 44	, 2.42857	, 42	, 38	,			, 	,	,	,	,
		, 	,	,	,	,			, 5	, 0.06897	, 1450	, 7	,			, 47	, 2.72973	, 37	, 42	,			, 	,	,	,	,
		, 	,	,	,	,			, 5	, 0.06916	, 1446	, 13	,			, 49	, 45.00000	, 3	, 303	,			, 	,	,	,	,
		, 	,	,	,	,			, 5	, 0.06916	, 1446	, 7	,			, 55	, 10.10000	, 10	, 193	,			, 	,	,	,	,
		, 	,	,	,	,			, 6	, 0.04630	, 2160	, 3	,			, 59	, 24.00000	, 5	, 429	,			, 	,	,	,	,
		, 	,	,	,	,			, 6	, 0.04760	, 2101	, 3	,			, 64	, 4.68182	, 22	, 74	,			, 	,	,	,	,
		, 	,	,	,	,			, 6	, 0.04764	, 2099	, 1	,			, 68	, 26.50000	, 4	, 428	,			, 	,	,	,	,
		, 	,	,	,	,			, 6	, 0.04771	, 2096	, 1	,			, 80	, 26.75000	, 4	, 431	,			, 	,	,	,	,
		, 	,	,	,	,			, 6	, 0.04776	, 2094	, 1	,			, 98	, 45.00000	, 3	, 593	,			, 	,	,	,	,
		, 	,	,	,	,			, 6	, 0.04912	, 2036	, 1	,			, 108	, 36.00000	, 3	, 534	,			, 	,	,	,	,
		, 	,	,	,	,			, 6	, 0.05701	, 1754	, 3	,			, 127	, 38624.00000	, 1	, 630	,			, 	,	,	,	,
		, 	,	,	,	,			, 6	, 0.05711	, 1751	, 3	,			, 127	, 38640.00000	, 1	, 633	,			, 	,	,	,	,
		, 	,	,	,	,			, 6	, 0.05724	, 1747	, 3	,			, 127	, 7357.00000	, 1	, 555	,			, 	,	,	,	,
		, 	,	,	,	,			, 6	, 0.05741	, 1742	, 3	,			, 673	, 1521.00000	, 1	, 4997	,			, 	,	,	,	,
		, 	,	,	,	,			, 6	, 0.05744	, 1741	, 3	,			, 674	, 1522.00000	, 1	, 4997	,			, 	,	,	,	,
		, 	,	,	,	,			, 6	, 0.05764	, 1735	, 3	,				, 	,	,	,	,
		, 	,	,	,	,			, 6	, 0.05767	, 1734	, 3	,				, 	,	,	,	,
		, 	,	,	,	,			, 6	, 0.05770	, 1733	, 3	,	 cjpeg		, 2	, 0.03754	, 2664	, 0	,			, 	,	,	,	,
		, 	,	,	,	,			, 6	, 0.05777	, 1731	, 3	,			, 2	, 0.03765	, 2656	, 0	,			, 	,	,	,	,
		, 	,	,	,	,			, 6	, 0.05784	, 1729	, 3	,			, 2	, 0.03765	, 2656	, 0	,			, 	,	,	,	,
		, 	,	,	,	,			, 6	, 0.06345	, 1576	, 10	,			, 2	, 0.03804	, 2629	, 0	,			, 	,	,	,	,
		, 	,	,	,	,			, 6	, 0.06357	, 1573	, 10	,			, 2	, 0.03807	, 2627	, 0	,			, 	,	,	,	,
		, 	,	,	,	,			, 6	, 0.06361	, 1572	, 10	,			, 2	, 0.03807	, 2627	, 0	,			, 	,	,	,	,
		, 	,	,	,	,			, 6	, 0.06373	, 1569	, 10	,			, 2	, 0.03808	, 2626	, 0	,			, 	,	,	,	,
		, 	,	,	,	,			, 6	, 0.06382	, 1567	, 10	,			, 2	, 0.03808	, 2626	, 0	,			, 	,	,	,	,
		, 	,	,	,	,			, 6	, 0.06402	, 1562	, 10	,			, 2	, 0.03808	, 2626	, 0	,			, 	,	,	,	,
		, 	,	,	,	,			, 6	, 0.06944	, 1440	, 3	,			, 2	, 0.03811	, 2624	, 0	,			, 	,	,	,	,
		, 	,	,	,	,			, 6	, 0.0719424	, 1390	, 	,			, 2	, 0.03812	, 2623	, 0	,			, 	,	,	,	,
		, 	,	,	,	,			, 6	, 0.07215	, 1386	, 12	,			, 2	, 0.03812	, 2623	, 0	,			, 	,	,	,	,
		, 	,	,	,	,			, 6	, 0.10299	, 971	, 24	,			, 2	, 0.03812	, 2623	, 0	,			, 	,	,	,	,
		, 	,	,	,	,			, 6	, 0.10309	, 970	, 24	,			, 2	, 0.03814	, 2622	, 0	,			, 	,	,	,	,
		, 	,	,	,	,			, 6	, 0.10309	, 970	, 24	,			, 2	, 0.03814	, 2622	, 0	,			, 	,	,	,	,
		, 	,	,	,	,			, 6	, 0.10320	, 969	, 24	,			, 2	, 0.03815	, 2621	, 0	,			, 	,	,	,	,
		, 	,	,	,	,			, 6	, 0.10320	, 969	, 24	,			, 2	, 0.03817	, 2620	, 0	,			, 	,	,	,	,
		, 	,	,	,	,			, 6	, 0.10331	, 968	, 24	,			, 2	, 0.03818	, 2619	, 0	,			, 	,	,	,	,
		, 	,	,	,	,			, 6	, 0.10331	, 968	, 24	,			, 2	, 0.03818	, 2619	, 0	,			, 	,	,	,	,
		, 	,	,	,	,			, 6	, 0.10352	, 966	, 24	,			, 2	, 0.03821	, 2617	, 0	,			, 	,	,	,	,
		, 	,	,	,	,			, 6	, 0.10363	, 965	, 24	,			, 2	, 0.03821	, 2617	, 0	,			, 	,	,	,	,
		, 	,	,	,	,			, 6	, 0.10363	, 965	, 24	,			, 2	, 0.03823	, 2616	, 0	,			, 	,	,	,	,
		, 	,	,	,	,			, 6	, 0.10363	, 965	, 24	,			, 2	, 0.03823	, 2616	, 0	,			, 	,	,	,	,
		, 	,	,	,	,			, 6	, 0.10373	, 964	, 24	,			, 2	, 0.03824	, 2615	, 0	,			, 	,	,	,	,
		, 	,	,	,	,			, 6	, 0.10373	, 964	, 24	,			, 2	, 0.03828	, 2612	, 0	,			, 	,	,	,	,
		, 	,	,	,	,			, 6	, 0.10384	, 963	, 24	,			, 2	, 0.03828	, 2612	, 0	,			, 	,	,	,	,
		, 	,	,	,	,			, 7	, 0.07429	, 1346	, 13	,			, 2	, 0.03830	, 2611	, 0	,			, 	,	,	,	,
		, 	,	,	,	,			, 7	, 0.12920	, 774	, 11	,			, 3	, 0.04272	, 2341	, 0	,			, 	,	,	,	,
		, 	,	,	,	,			, 7	, 0.12920	, 774	, 11	,			, 3	, 0.04794	, 2086	, 0	,			, 	,	,	,	,
		, 	,	,	,	,			, 7	, 0.13477	, 742	, 24	,			, 3	, 0.04796	, 2085	, 0	,			, 	,	,	,	,
		, 	,	,	,	,			, 7	, 0.13514	, 740	, 24	,			, 3	, 0.04861	, 2057	, 0	,			, 	,	,	,	,
		, 	,	,	,	,			, 7	, 0.13514	, 740	, 24	,			, 3	, 0.04864	, 2056	, 0	,			, 	,	,	,	,
		, 	,	,	,	,			, 7	, 0.13532	, 739	, 24	,			, 3	, 0.04871	, 2053	, 0	,			, 	,	,	,	,
		, 	,	,	,	,			, 7	, 0.17575	, 569	, 46	,			, 3	, 0.04871	, 2053	, 0	,			, 	,	,	,	,
		, 	,	,	,	,			, 7	, 0.17637	, 567	, 46	,			, 3	, 0.04876	, 2051	, 0	,			, 	,	,	,	,
		, 	,	,	,	,			, 7	, 0.17637	, 567	, 46	,			, 3	, 0.04878	, 2050	, 0	,			, 	,	,	,	,
		, 	,	,	,	,			, 7	, 0.17668	, 566	, 46	,			, 3	, 0.04897	, 2042	, 0	,			, 	,	,	,	,
		, 	,	,	,	,			, 8	, 0.07955	, 1257	, 13	,			, 3	, 0.04904	, 2039	, 0	,			, 	,	,	,	,
		, 	,	,	,	,			, 8	, 0.07955	, 1257	, 13	,			, 3	, 0.10787	, 927	, 1	,			, 	,	,	,	,
		, 	,	,	,	,			, 8	, 0.07955	, 1257	, 13	,			, 3	, 0.11364	, 880	, 1	,			, 	,	,	,	,
		, 	,	,	,	,			, 8	, 0.07994	, 1251	, 13	,			, 3	, 0.11377	, 879	, 1	,			, 	,	,	,	,
		, 	,	,	,	,			, 8	, 0.07994	, 1251	, 13	,			, 3	, 0.11389	, 878	, 1	,			, 	,	,	,	,
		, 	,	,	,	,			, 8	, 0.08013	, 1248	, 13	,			, 3	, 0.11389	, 878	, 1	,			, 	,	,	,	,
		, 	,	,	,	,			, 8	, 0.08032	, 1245	, 7	,			, 3	, 0.11389	, 878	, 1	,			, 	,	,	,	,
		, 	,	,	,	,			, 8	, 0.08052	, 1242	, 7	,			, 3	, 0.11416	, 876	, 1	,			, 	,	,	,	,
		, 	,	,	,	,			, 8	, 0.08130	, 1230	, 7	,			, 3	, 0.11429	, 875	, 1	,			, 	,	,	,	,
		, 	,	,	,	,			, 8	, 0.19417	, 515	, 22	,			, 3	, 0.19608	, 510	, 3	,			, 	,	,	,	,
		, 	,	,	,	,			, 8	, 0.23810	, 420	, 37	,			, 3	, 0.19608	, 510	, 3	,			, 	,	,	,	,
		, 	,	,	,	,			, 8	, 0.26178	, 382	, 59	,			, 3	, 0.19608	, 510	, 3	,			, 	,	,	,	,
		, 	,	,	,	,			, 9	, 0.09174	, 1090	, 12	,			, 3	, 0.19608	, 510	, 3	,			, 	,	,	,	,
		, 	,	,	,	,			, 9	, 0.09225	, 1084	, 12	,			, 3	, 0.19608	, 510	, 3	,			, 	,	,	,	,
		, 	,	,	,	,			, 9	, 0.09276	, 1078	, 12	,			, 3	, 0.19646	, 509	, 3	,			, 	,	,	,	,
		, 	,	,	,	,			, 9	, 0.22222	, 450	, 35	,			, 4	, 0.06064	, 1649	, 0	,			, 	,	,	,	,
		, 	,	,	,	,			, 10	, 0.12107	, 826	, 8	,			, 4	, 0.12077	, 828	, 1	,			, 	,	,	,	,
		, 	,	,	,	,			, 10	, 0.12136	, 824	, 8	,			, 4	, 0.12422	, 805	, 1	,			, 	,	,	,	,
		, 	,	,	,	,			, 10	, 0.19685	, 508	, 19	,			, 4	, 0.12903	, 775	, 1	,			, 	,	,	,	,
		, 	,	,	,	,			, 10	, 0.36765	, 272	, 105	,			, 4	, 0.12953	, 772	, 1	,			, 	,	,	,	,
		, 	,	,	,	,			, 10	, 0.42553	, 235	, 82	,			, 4	, 0.12970	, 771	, 1	,			, 	,	,	,	,
		, 	,	,	,	,			, 11	, 0.59880	, 167	, 125	,			, 4	, 0.13004	, 769	, 1	,			, 	,	,	,	,
		, 	,	,	,	,			, 11	, 0.84034	, 119	, 145	,			, 4	, 0.21053	, 475	, 3	,			, 	,	,	,	,
		, 	,	,	,	,			, 12	, 0.66667	, 150	, 148	,			, 4	, 0.21097	, 474	, 3	,			, 	,	,	,	,
		, 	,	,	,	,			, 12	, 0.66667	, 150	, 148	,			, 4	, 0.21186	, 472	, 3	,			, 	,	,	,	,
		, 	,	,	,	,			, 12	, 0.66667	, 150	, 148	,			, 5	, 0.21552	, 464	, 3	,			, 	,	,	,	,
		, 	,	,	,	,			, 13	, 0.48077	, 208	, 125	,			, 5	, 0.22173	, 451	, 3	,			, 	,	,	,	,
		, 	,	,	,	,			, 14	, 0.28902	, 346	, 41	,			, 5	, 0.23474	, 426	, 3	,			, 	,	,	,	,
		, 	,	,	,	,			, 14	, 1.40278	, 72	, 267	,			, 5	, 0.38314	, 261	, 6	,			, 	,	,	,	,
		, 	,	,	,	,			, 14	, 1.44928	, 69	, 205	,			, 5	, 0.38314	, 261	, 6	,			, 	,	,	,	,
		, 	,	,	,	,			, 14	, 1.44928	, 69	, 205	,			, 5	, 0.38461	, 260	, 6	,			, 	,	,	,	,
		, 	,	,	,	,			, 14	, 1.44928	, 69	, 205	,			, 5	, 0.38461	, 260	, 6	,			, 	,	,	,	,
		, 	,	,	,	,			, 15	, 2.42857	, 42	, 168	,			, 5	, 0.38461	, 260	, 6	,			, 	,	,	,	,
		, 	,	,	,	,			, 17	, 0.73529	, 136	, 44	,			, 5	, 0.38461	, 260	, 6	,			, 	,	,	,	,
		, 	,	,	,	,			, 17	, 1.00000	, 100	, 84	,			, 5	, 0.38461	, 260	, 6	,			, 	,	,	,	,
		, 	,	,	,	,			, 22	, 5.00000	, 20	, 270	,			, 5	, 0.38461	, 260	, 6	,			, 	,	,	,	,
		, 	,	,	,	,			, 24	, 3.81481	, 27	, 177	,			, 6	, 0.14245	, 702	, 1	,			, 	,	,	,	,
		, 	,	,	,	,			, 25	, 3.88462	, 26	, 177	,			, 6	, 0.15480	, 646	, 1	,			, 	,	,	,	,
		, 	,	,	,	,			, 25	, 3.92308	, 26	, 177	,			, 6	, 0.23202	, 431	, 3	,			, 	,	,	,	,
		, 	,	,	,	,			, 28	, 6.43750	, 16	, 292	,			, 6	, 0.23256	, 430	, 3	,			, 	,	,	,	,
		, 	,	,	,	,			, 29	, 5.15000	, 20	, 481	,			, 6	, 0.23256	, 430	, 3	,			, 	,	,	,	,
		, 	,	,	,	,			, 29	, 6.50000	, 16	, 292	,			, 6	, 0.23364	, 428	, 3	,			, 	,	,	,	,
		, 	,	,	,	,			, 29	, 6.66667	, 15	, 292	,			, 6	, 0.29498	, 339	, 4	,			, 	,	,	,	,
		, 	,	,	,	,			, 29	, 6.93333	, 15	, 424	,			, 7	, 0.31847	, 314	, 4	,			, 	,	,	,	,
		, 	,	,	,	,			, 31	, 0.50000	, 200	, 25	,			, 7	, 0.36900	, 271	, 5	,			, 	,	,	,	,
		, 	,	,	,	,			, 31	, 15.00000	, 7	, 990	,			, 7	, 0.36900	, 271	, 5	,			, 	,	,	,	,
		, 	,	,	,	,			, 31	, 15.00000	, 7	, 990	,			, 7	, 0.36900	, 271	, 5	,			, 	,	,	,	,
		, 	,	,	,	,			, 33	, 21.80000	, 5	, 753	,			, 7	, 0.36900	, 271	, 5	,			, 	,	,	,	,
		, 	,	,	,	,			, 33	, 21.80000	, 5	, 753	,			, 7	, 0.36900	, 271	, 5	,			, 	,	,	,	,
		, 	,	,	,	,			, 33	, 21.80000	, 5	, 753	,			, 7	, 0.36900	, 271	, 5	,			, 	,	,	,	,
		, 	,	,	,	,			, 34	, 18.50000	, 6	, 1128	,			, 7	, 0.36900	, 271	, 5	,			, 	,	,	,	,
		, 	,	,	,	,			, 34	, 18.50000	, 6	, 1128	,			, 7	, 0.36900	, 271	, 5	,			, 	,	,	,	,
		, 	,	,	,	,			, 34	, 18.50000	, 6	, 1128	,			, 7	, 0.37037	, 270	, 5	,			, 	,	,	,	,
		, 	,	,	,	,			, 35	, 0.56180	, 178	, 25	,			, 7	, 0.37037	, 270	, 5	,			, 	,	,	,	,
		, 	,	,	,	,			, 35	, 0.58823	, 170	, 25	,			, 7	, 0.37037	, 270	, 5	,			, 	,	,	,	,
		, 	,	,	,	,			, 35	, 20.20000	, 5	, 1177	,			, 7	, 0.37037	, 270	, 5	,			, 	,	,	,	,
		, 	,	,	,	,			, 42	, 26.50000	, 4	, 641	,			, 7	, 0.37037	, 270	, 5	,			, 	,	,	,	,
		, 	,	,	,	,			, 54	, 69.00000	, 2	, 2086	,			, 7	, 0.37037	, 270	, 5	,			, 	,	,	,	,
		, 	,	,	,	,			, 54	, 9.45455	, 11	, 168	,			, 7	, 0.37037	, 270	, 5	,			, 	,	,	,	,
		, 	,	,	,	,			, 67	, 128.00000	, 1	, 2886	,			, 7	, 0.37037	, 270	, 5	,			, 	,	,	,	,
		, 	,	,	,	,			, 68	, 128.00000	, 1	, 2771	,			, 7	, 0.37037	, 270	, 5	,			, 	,	,	,	,
		, 	,	,	,	,			, 73	, 179.00000	, 1	, 3616	,			, 7	, 0.37037	, 270	, 5	,			, 	,	,	,	,
		, 	,	,	,	,			, 73	, 179.00000	, 1	, 3616	,			, 7	, 0.37175	, 269	, 5	,			, 	,	,	,	,
		, 	,	,	,	,			, 73	, 179.00000	, 1	, 3616	,			, 7	, 0.62112	, 161	, 12	,			, 	,	,	,	,
		, 	,	,	,	,			, 75	, 1.65574	, 61	, 25	,			, 8	, 0.25381	, 394	, 3	,			, 	,	,	,	,
		, 	,	,	,	,			, 91	, 269	, 1	, 	,			, 8	, 0.38314	, 261	, 5	,			, 	,	,	,	,
		, 	,	,	,	,			, 91	, 270	, 1	, 	,			, 8	, 0.38461	, 260	, 5	,			, 	,	,	,	,
		, 	,	,	,	,			, 115	, 13.25000	, 8	, 187	,			, 8	, 0.47619	, 210	, 7	,			, 	,	,	,	,
		, 	,	,	,	,			, 126	, 6963.00000	, 1	, 57694	,			, 8	, 0.47847	, 209	, 7	,			, 	,	,	,	,
		, 	,	,	,	,			, 131	, 15.57140	, 7	, 187	,			, 9	, 0.17986	, 556	, 1	,			, 	,	,	,	,
		, 	,	,	,	,			, 131	, 16.00000	, 7	, 187	,			, 9	, 0.18248	, 548	, 1	,			, 	,	,	,	,
		, 	,	,	,	,			, 131	, 18.50000	, 6	, 187	,			, 9	, 0.18282	, 547	, 1	,			, 	,	,	,	,
		, 	,	,	,	,			, 132	, 7827	, 1	, 	,			, 9	, 0.25773	, 388	, 3	,			, 	,	,	,	,
		, 	,	,	,	,			, 133	, 726.00000	, 1	, 5591	,			, 9	, 0.40000	, 250	, 5	,			, 	,	,	,	,
		, 	,	,	,	,			, 176	, 1141.00000	, 1	, 11315	,			, 9	, 0.55249	, 181	, 8	,			, 	,	,	,	,
		, 	,	,	,	,			, 286	, 28982.00000	, 1	, 173100	,			, 9	, 0.57471	, 174	, 9	,			, 	,	,	,	,
		, 	,	,	,	,			, 302	, 34056.00000	, 1	, 200652	,			, 10	, 0.13967	, 716	, 1	,			, 	,	,	,	,
		, 	,	,	,	,			, 311	, 37063	, 1	, 	,			, 10	, 0.22936	, 436	, 3	,			, 	,	,	,	,
		, 	,	,	,	,			, 311	, 37419	, 1	, 	,			, 10	, 0.25189	, 397	, 2	,			, 	,	,	,	,
		, 	,	,	,	,			, 691	, 459418	, 1	, 	,			, 10	, 0.37594	, 266	, 4	,			, 	,	,	,	,
		, 	,	,	,	,			, 721	, 588805	, 1	, 	,			, 10	, 0.41494	, 241	, 5	,			, 	,	,	,	,
		, 	,	,	,	,			, 970	, 1.51017e+06	, 1	, 	,			, 10	, 0.41494	, 241	, 5	,			, 	,	,	,	,
		, 	,	,	,	,			, 1079	, 1.67467e+06	, 1	, 	,			, 10	, 0.47619	, 210	, 6	,			, 	,	,	,	,
		, 	,	,	,	,			, 1154	, 1.91203e+06	, 1	, 	,			, 10	, 0.57143	, 175	, 9	,			, 	,	,	,	,
		, 	,	,	,	,			, 1407	, 3623740.00000	, 1	, 4269660	,			, 10	, 0.57471	, 174	, 9	,			, 	,	,	,	,
		, 	,	,	,	,			, 1524	, 4.66216e+06	, 1	, 	,			, 10	, 1.06383	, 94	, 23	,			, 	,	,	,	,
		, 	,	,	,	,			, 1619	, 5.05455e+06	, 1	, 	,			, 11	, 0.42553	, 235	, 5	,			, 	,	,	,	,
				, 11	, 0.42553	, 235	, 5	,	
				, 14	, 0.23474	, 426	, 1	,	
 blowfish		, 3	, 0.02214	, 4516	, 0	,	 blowfish		, 3	, 0.02847	, 3513	, 0	,			, 15	, 0.52083	, 192	, 7	,	 blowfish		,	,	,	,	,
		, 3	, 0.02222	, 4501	, 0	,			, 3	, 0.02902	, 3446	, 0	,			, 15	, 0.88496	, 113	, 14	,			, 	,	,	,	,
		, 3	, 0.02393	, 4178	, 0	,			, 3	, 0.03019	, 3312	, 1	,			, 15	, 0.88496	, 113	, 14	,			, 	,	,	,	,
		, 3	, 0.02438	, 4101	, 1	,			, 3	, 0.03465	, 2886	, 3	,			, 15	, 0.88496	, 113	, 14	,			, 	,	,	,	,
		, 5	, 0.02598	, 3849	, 0	,			, 5	, 0.03298	, 3032	, 0	,			, 34	, 1.78571	, 56	, 27	,			, 	,	,	,	,
		, 7	, 0.03706	, 2698	, 2	,			, 7	, 0.09728	, 1028	, 15	,			, 42	, 2.75676	, 37	, 43	,			, 	,	,	,	,
		, 7	, 0.03717	, 2690	, 2	,			, 7	, 0.09872	, 1013	, 10	,			, 48	, 4.12000	, 25	, 70	,			, 	,	,	,	,
		, 7	, 0.03764	, 2657	, 2	,			, 7	, 0.09901	, 1010	, 10	,			, 137	, 9.36364	, 11	, 84	,			, 	,	,	,	,
		, 7	, 0.03788	, 2640	, 1	,			, 7	, 0.16340	, 612	, 49	,				, 	,	,	,	,
		, 7	, 0.03814	, 2622	, 1	,			, 7	, 0.16584	, 603	, 49	,				, 	,	,	,	,
		, 8	, 0.03826	, 2614	, 1	,			, 8	, 0.05963	, 1677	, 3	,	 fft		, 2	, 0.05507	, 1816	, 0	,			, 	,	,	,	,
		, 8	, 0.03978	, 2514	, 3	,			, 8	, 0.11561	, 865	, 12	,			, 3	, 0.10707	, 934	, 1	,			, 	,	,	,	,
		, 8	, 0.04110	, 2433	, 1	,			, 8	, 0.11990	, 834	, 13	,			, 3	, 0.10730	, 932	, 1	,			, 	,	,	,	,
		, 8	, 0.04141	, 2415	, 1	,			, 8	, 0.12048	, 830	, 13	,			, 3	, 0.19493	, 513	, 3	,			, 	,	,	,	,
		, 9	, 0.04277	, 2338	, 2	,			, 9	, 0.21645	, 462	, 39	,			, 3	, 0.19493	, 513	, 3	,			, 	,	,	,	,
		, 9	, 0.04301	, 2325	, 2	,			, 9	, 0.21645	, 462	, 39	,			, 3	, 0.19531	, 512	, 3	,			, 	,	,	,	,
		, 9	, 0.04316	, 2317	, 2	,			, 9	, 0.21692	, 461	, 39	,			, 3	, 0.19570	, 511	, 3	,			, 	,	,	,	,
		, 9	, 0.04337	, 2306	, 2	,			, 9	, 0.21692	, 461	, 39	,			, 3	, 0.19608	, 510	, 3	,			, 	,	,	,	,
		, 9	, 0.04340	, 2304	, 2	,			, 9	, 0.21692	, 461	, 39	,			, 3	, 0.19608	, 510	, 3	,			, 	,	,	,	,
		, 9	, 0.04373	, 2287	, 2	,			, 9	, 0.21692	, 461	, 39	,			, 4	, 0.26954	, 371	, 4	,			, 	,	,	,	,
		, 10	, 0.04583	, 2182	, 2	,			, 10	, 0.18832	, 531	, 37	,			, 5	, 0.13405	, 746	, 1	,			, 	,	,	,	,
		, 10	, 0.04585	, 2181	, 2	,			, 10	, 0.24752	, 404	, 46	,			, 5	, 0.33557	, 298	, 6	,			, 	,	,	,	,
		, 10	, 0.04585	, 2181	, 2	,			, 10	, 0.24752	, 404	, 46	,			, 5	, 0.33670	, 297	, 6	,			, 	,	,	,	,
		, 10	, 0.04643	, 2154	, 2	,			, 10	, 0.24752	, 404	, 46	,			, 5	, 0.38314	, 261	, 6	,			, 	,	,	,	,
		, 10	, 0.04645	, 2153	, 2	,			, 10	, 0.24814	, 403	, 46	,			, 5	, 0.53476	, 187	, 10	,			, 	,	,	,	,
		, 10	, 0.04677	, 2138	, 2	,			, 10	, 0.24814	, 403	, 46	,			, 5	, 0.78740	, 127	, 17	,			, 	,	,	,	,
		, 10	, 0.04873	, 2052	, 2	,			, 10	, 0.24938	, 401	, 46	,			, 6	, 0.61350	, 163	, 8	,			, 	,	,	,	,
		, 11	, 0.04871	, 2053	, 3	,			, 11	, 0.14514	, 689	, 12	,			, 6	, 0.61350	, 163	, 8	,			, 	,	,	,	,
		, 11	, 0.05043	, 1983	, 2	,			, 11	, 0.37175	, 269	, 76	,			, 7	, 0.21598	, 463	, 2	,			, 	,	,	,	,
		, 13	, 0.05577	, 1793	, 3	,			, 13	, 0.44643	, 224	, 85	,			, 7	, 0.21645	, 462	, 2	,			, 	,	,	,	,
		, 16	, 0.06854	, 1459	, 5	,			, 16	, 1.20482	, 83	, 161	,			, 7	, 0.64935	, 154	, 13	,			, 	,	,	,	,
		, 16	, 0.06897	, 1450	, 3	,			, 16	, 1.57812	, 64	, 261	,			, 7	, 0.74074	, 135	, 17	,			, 	,	,	,	,
		, 19	, 0.07599	, 1316	, 4	,			, 19	, 0.82645	, 121	, 86	,			, 7	, 1.17442	, 86	, 17	,			, 	,	,	,	,
		, 22	, 0.08540	, 1171	, 4	,			, 22	, 1.21687	, 83	, 113	,			, 8	, 0.35842	, 279	, 4	,			, 	,	,	,	,
		, 22	, 0.08842	, 1131	, 9	,			, 22	, 5.20000	, 20	, 497	,			, 8	, 0.46729	, 214	, 7	,			, 	,	,	,	,
		, 25	, 0.09579	, 1044	, 5	,			, 25	, 3.67857	, 28	, 340	,			, 8	, 0.46729	, 214	, 7	,			, 	,	,	,	,
		, 27	, 0.09990	, 1001	, 4	,			, 27	, 8.41667	, 12	, 545	,			, 8	, 0.55556	, 180	, 9	,			, 	,	,	,	,
		, 38	, 0.13228	, 756	, 6	,			, 38	, 14.85710	, 7	, 651	,			, 8	, 0.55556	, 180	, 9	,			, 	,	,	,	,
		, 44	, 0.15060	, 664	, 6	,			, 44	, 13.62500	, 8	, 651	,			, 8	, 0.55866	, 179	, 9	,			, 	,	,	,	,
		, 47	, 0.15798	, 633	, 7	,			, 47	, 20.60000	, 5	, 810	,			, 9	, 0.90090	, 111	, 20	,			, 	,	,	,	,
		, 49	, 0.16584	, 603	, 8	,			, 49	, 174.00000	, 1	, 4365	,			, 11	, 0.59524	, 168	, 8	,			, 	,	,	,	,
		, 55	, 0.18484	, 541	, 5	,			, 55	, 149.00000	, 1	, 5104	,			, 12	, 0.94340	, 106	, 16	,			, 	,	,	,	,
		, 59	, 0.19685	, 508	, 13	,			, 59	, 614.00000	, 1	, 11653	,			, 12	, 0.95238	, 105	, 19	,			, 	,	,	,	,
		, 64	, 0.21368	, 468	, 15	,			, 64	, 62.00000	, 2	, 2501	,			, 12	, 1.71186	, 59	, 32	,			, 	,	,	,	,
		, 68	, 0.22321	, 448	, 11	,			, 68	, 859.00000	, 1	, 11649	,			, 12	, 1.71186	, 59	, 32	,			, 	,	,	,	,
		, 80	, 0.25445	, 393	, 8	,			, 80	, 880.00000	, 1	, 11561	,			, 13	, 4.72727	, 22	, 108	,			, 	,	,	,	,
		, 98	, 0.31153	, 321	, 22	,			, 98	, 1859.00000	, 1	, 25582	,			, 14	, 1.08696	, 92	, 19	,			, 	,	,	,	,
		, 108	, 0.34130	, 293	, 25	,			, 108	, 2329.00000	, 1	, 26422	,			, 15	, 1.55385	, 65	, 30	,			, 	,	,	,	,
		, 127	, 0.42194	, 237	, 34	,			, 127	, 2855.00000	, 1	, 27434	,			, 16	, 0.57471	, 174	, 7	,			, 	,	,	,	,
		, 127	, 0.42373	, 236	, 21	,			, 127	, 3053.00000	, 1	, 26180	,			, 16	, 0.57471	, 174	, 7	,			, 	,	,	,	,
		, 127	, 0.42735	, 234	, 22	,			, 127	, 3483.00000	, 1	, 27495	,			, 19	, 1.90566	, 53	, 37	,			, 	,	,	,	,
		, 673	, 2.10417	, 48	, 92	,			, 673	, 658876.00000	, 1	, 1752717	,			, 38	, 20.00000	, 5	, 94	,			, 	,	,	,	,
		, 674	, 2.12766	, 47	, 92	,			, 674	, 664025.00000	, 1	, 1752721	,			, 52	, 60.00000	, 2	, 130	,			, 	,	,	,	,
			
			
 cjpeg		, 2	, 0.01845	, 5421	, 0	,	 cjpeg		, 2	, 0.02428	, 4118	, 0	,	 md5	 cjpeg		,	,	,	,	,
		, 2	, 0.01859	, 5380	, 0	,			, 2	, 0.02442	, 4095	, 0	,				, 	,	,	,	,
		, 2	, 0.01963	, 5095	, 0	,			, 2	, 0.02456	, 4072	, 0	,	 sha		, 3	, 0.04914	, 2035	, 0	,			, 	,	,	,	,
		, 2	, 0.01984	, 5040	, 0	,			, 2	, 0.02469	, 4050	, 0	,			, 6	, 0.14327	, 698	, 1	,			, 	,	,	,	,
		, 2	, 0.01985	, 5038	, 0	,			, 2	, 0.02472	, 4046	, 0	,			, 7	, 1.12360	, 89	, 25	,			, 	,	,	,	,
		, 2	, 0.01989	, 5027	, 0	,			, 2	, 0.02472	, 4046	, 0	,			, 8	, 0.41152	, 243	, 6	,			, 	,	,	,	,
		, 2	, 0.01990	, 5025	, 0	,			, 2	, 0.02474	, 4042	, 0	,			, 8	, 0.55866	, 179	, 9	,			, 	,	,	,	,
		, 2	, 0.01990	, 5024	, 0	,			, 2	, 0.02476	, 4039	, 0	,			, 8	, 0.56497	, 177	, 10	,			, 	,	,	,	,
		, 2	, 0.01990	, 5024	, 0	,			, 2	, 0.02476	, 4039	, 0	,			, 9	, 0.30212	, 331	, 3	,			, 	,	,	,	,
		, 2	, 0.01991	, 5023	, 0	,			, 2	, 0.02476	, 4039	, 0	,			, 10	, 0.47393	, 211	, 6	,			, 	,	,	,	,
		, 2	, 0.01991	, 5022	, 0	,			, 2	, 0.02476	, 4038	, 0	,			, 10	, 0.48077	, 208	, 6	,			, 	,	,	,	,
		, 2	, 0.01994	, 5015	, 0	,			, 2	, 0.02477	, 4037	, 0	,			, 10	, 0.48309	, 207	, 6	,			, 	,	,	,	,
		, 2	, 0.01999	, 5003	, 0	,			, 2	, 0.02477	, 4037	, 0	,			, 10	, 0.53763	, 186	, 8	,			, 	,	,	,	,
		, 2	, 0.02001	, 4997	, 0	,			, 2	, 0.02478	, 4036	, 0	,			, 10	, 0.88496	, 113	, 16	,			, 	,	,	,	,
		, 2	, 0.02003	, 4993	, 0	,			, 2	, 0.02478	, 4036	, 0	,			, 11	, 0.69930	, 143	, 12	,			, 	,	,	,	,
		, 2	, 0.02005	, 4988	, 0	,			, 2	, 0.02480	, 4032	, 0	,			, 11	, 0.99010	, 101	, 21	,			, 	,	,	,	,
		, 2	, 0.02005	, 4988	, 0	,			, 2	, 0.02481	, 4031	, 0	,			, 12	, 0.42373	, 236	, 5	,			, 	,	,	,	,
		, 2	, 0.02006	, 4986	, 0	,			, 2	, 0.02481	, 4031	, 0	,			, 15	, 1.12360	, 89	, 22	,			, 	,	,	,	,
		, 2	, 0.02006	, 4984	, 0	,			, 2	, 0.02481	, 4031	, 0	,			, 16	, 0.32362	, 309	, 2	,			, 	,	,	,	,
		, 2	, 0.02007	, 4983	, 0	,			, 2	, 0.02483	, 4028	, 0	,			, 19	, 1.38889	, 72	, 26	,			, 	,	,	,	,
		, 2	, 0.02007	, 4982	, 0	,			, 2	, 0.02483	, 4027	, 0	,			, 24	, 3.57143	, 28	, 57	,			, 	,	,	,	,
		, 2	, 0.02008	, 4981	, 0	,			, 2	, 0.02484	, 4026	, 0	,			, 24	, 3.60714	, 28	, 57	,			, 	,	,	,	,
		, 2	, 0.02008	, 4981	, 0	,			, 2	, 0.02485	, 4024	, 0	,			, 24	, 3.60714	, 28	, 57	,			, 	,	,	,	,
		, 2	, 0.02010	, 4974	, 0	,			, 2	, 0.02486	, 4023	, 0	,			, 24	, 3.60714	, 28	, 57	,			, 	,	,	,	,
		, 2	, 0.02010	, 4974	, 0	,			, 2	, 0.02486	, 4023	, 0	,			, 24	, 5.61111	, 18	, 68	,			, 	,	,	,	,
		, 2	, 0.02012	, 4971	, 0	,			, 2	, 0.02491	, 4014	, 0	,			, 25	, 0.62112	, 161	, 5	,			, 	,	,	,	,
		, 2	, 0.02013	, 4967	, 0	,			, 2	, 0.02494	, 4009	, 0	,			, 26	, 2.63158	, 38	, 55	,			, 	,	,	,	,
		, 3	, 0.02163	, 4623	, 0	,			, 3	, 0.02840	, 3521	, 0	,			, 29	, 2.80556	, 36	, 56	,			, 	,	,	,	,
		, 3	, 0.02185	, 4577	, 0	,			, 3	, 0.02944	, 3397	, 0	,			, 32	, 3.00000	, 34	, 59	,			, 	,	,	,	,
		, 3	, 0.02299	, 4349	, 0	,			, 3	, 0.02954	, 3385	, 0	,			, 33	, 6.43750	, 16	, 124	,			, 	,	,	,	,
		, 3	, 0.02322	, 4307	, 0	,			, 3	, 0.02985	, 3350	, 0	,			, 33	, 6.43750	, 16	, 124	,			, 	,	,	,	,
		, 3	, 0.02326	, 4299	, 0	,			, 3	, 0.02995	, 3339	, 0	,			, 34	, 6.80000	, 15	, 119	,			, 	,	,	,	,
		, 3	, 0.02340	, 4273	, 0	,			, 3	, 0.02997	, 3337	, 0	,			, 35	, 6.50000	, 16	, 120	,			, 	,	,	,	,
		, 3	, 0.02346	, 4263	, 0	,			, 3	, 0.03005	, 3328	, 0	,			, 41	, 4.08000	, 25	, 74	,			, 	,	,	,	,
		, 3	, 0.02349	, 4257	, 0	,			, 3	, 0.03009	, 3323	, 0	,			, 48	, 20.00000	, 5	, 201	,			, 	,	,	,	,
		, 3	, 0.02351	, 4254	, 0	,			, 3	, 0.03015	, 3317	, 0	,			, 53	, 5.31579	, 19	, 96	,			, 	,	,	,	,
		, 3	, 0.02352	, 4252	, 0	,			, 3	, 0.03016	, 3316	, 0	,			, 147	, 2001.00000	, 1	, 403	,			, 	,	,	,	,
		, 3	, 0.02352	, 4251	, 0	,			, 3	, 0.03039	, 3291	, 0	,				, 	,	,	,	,
		, 3	, 0.02354	, 4248	, 0	,			, 3	, 0.03136	, 3189	, 1	,				, 	,	,	,	,
		, 3	, 0.02360	, 4238	, 0	,			, 3	, 0.03149	, 3176	, 1	,	 sor		, 2	, 0.05495	, 1820	, 0	,			, 	,	,	,	,
		, 3	, 0.02364	, 4230	, 0	,			, 3	, 0.03152	, 3173	, 1	,			, 2	, 0.18315	, 546	, 3	,			, 	,	,	,	,
		, 3	, 0.02371	, 4218	, 0	,			, 3	, 0.03159	, 3166	, 1	,			, 3	, 0.10753	, 930	, 1	,			, 	,	,	,	,
		, 3	, 0.02372	, 4216	, 0	,			, 3	, 0.03161	, 3164	, 1	,			, 3	, 0.19570	, 511	, 3	,			, 	,	,	,	,
		, 3	, 0.02372	, 4215	, 0	,			, 3	, 0.03179	, 3146	, 1	,			, 4	, 0.20202	, 495	, 3	,			, 	,	,	,	,
		, 3	, 0.02385	, 4193	, 1	,			, 3	, 0.03184	, 3141	, 1	,			, 5	, 0.38610	, 259	, 6	,			, 	,	,	,	,
		, 3	, 0.02424	, 4126	, 0	,			, 3	, 0.03407	, 2935	, 3	,			, 5	, 0.48077	, 208	, 10	,			, 	,	,	,	,
		, 3	, 0.02425	, 4124	, 1	,			, 3	, 0.03425	, 2920	, 3	,			, 5	, 0.48077	, 208	, 10	,			, 	,	,	,	,
		, 3	, 0.02428	, 4118	, 1	,			, 3	, 0.03428	, 2917	, 3	,			, 5	, 0.54054	, 185	, 10	,			, 	,	,	,	,
		, 3	, 0.02436	, 4105	, 1	,			, 3	, 0.03428	, 2917	, 3	,			, 8	, 0.54645	, 183	, 9	,			, 	,	,	,	,
		, 3	, 0.02447	, 4087	, 1	,			, 3	, 0.03436	, 2910	, 1	,			, 10	, 0.77519	, 129	, 13	,			, 	,	,	,	,
		, 3	, 0.02452	, 4079	, 1	,			, 3	, 0.03439	, 2908	, 3	,			, 10	, 0.96154	, 104	, 20	,			, 	,	,	,	,
		, 3	, 0.02455	, 4073	, 1	,			, 3	, 0.03440	, 2907	, 3	,			, 14	, 0.99010	, 101	, 17	,			, 	,	,	,	,
		, 4	, 0.02557	, 3911	, 0	,			, 4	, 0.03423	, 2921	, 0	,			, 14	, 6.50000	, 16	, 149	,			, 	,	,	,	,
		, 4	, 0.02647	, 3778	, 1	,			, 4	, 0.03498	, 2859	, 1	,			, 15	, 1.02041	, 98	, 16	,			, 	,	,	,	,
		, 4	, 0.02649	, 3775	, 1	,			, 4	, 0.03846	, 2600	, 1	,			, 15	, 1.28205	, 78	, 23	,			, 	,	,	,	,
		, 4	, 0.02655	, 3766	, 1	,			, 4	, 0.03854	, 2595	, 1	,			, 29	, 2.58974	, 39	, 37	,			, 	,	,	,	,
		, 4	, 0.02672	, 3743	, 1	,			, 4	, 0.03857	, 2593	, 1	,			, 29	, 3.40000	, 30	, 59	,			, 	,	,	,	,
		, 4	, 0.02683	, 3727	, 1	,			, 4	, 0.03858	, 2592	, 1	,				, 	,	,	,	,
		, 4	, 0.02684	, 3726	, 1	,			, 4	, 0.04060	, 2463	, 3	,				, 	,	,	,	,
		, 4	, 0.02693	, 3714	, 1	,			, 4	, 0.04062	, 2462	, 1	,	 whetstone		, 3	, 0.04785	, 2090	, 0	,			, 	,	,	,	,
		, 4	, 0.02809	, 3560	, 0	,			, 4	, 0.04080	, 2451	, 3	,			, 3	, 0.11338	, 882	, 1	,			, 	,	,	,	,
		, 4	, 0.02822	, 3543	, 0	,			, 4	, 0.04105	, 2436	, 3	,			, 3	, 0.11389	, 878	, 1	,			, 	,	,	,	,
		, 5	, 0.02974	, 3363	, 1	,			, 5	, 0.04474	, 2235	, 3	,			, 3	, 0.11403	, 877	, 1	,			, 	,	,	,	,
		, 5	, 0.03027	, 3304	, 1	,			, 5	, 0.04757	, 2102	, 3	,			, 4	, 0.03517	, 2843	, 0	,			, 	,	,	,	,
		, 5	, 0.03096	, 3230	, 1	,			, 5	, 0.04843	, 2065	, 3	,			, 4	, 0.05834	, 1714	, 0	,			, 	,	,	,	,
		, 5	, 0.03115	, 3210	, 2	,			, 5	, 0.06627	, 1509	, 6	,			, 4	, 0.12469	, 802	, 1	,			, 	,	,	,	,
		, 5	, 0.03123	, 3202	, 2	,			, 5	, 0.06636	, 1507	, 6	,			, 4	, 0.21008	, 476	, 3	,			, 	,	,	,	,
		, 5	, 0.03125	, 3200	, 2	,			, 5	, 0.06645	, 1505	, 6	,			, 5	, 0.11561	, 865	, 1	,			, 	,	,	,	,
		, 5	, 0.03129	, 3196	, 2	,			, 5	, 0.06645	, 1505	, 6	,			, 5	, 0.20534	, 487	, 3	,			, 	,	,	,	,
		, 5	, 0.03130	, 3195	, 2	,			, 5	, 0.06653	, 1503	, 6	,			, 5	, 0.22272	, 449	, 3	,			, 	,	,	,	,
		, 5	, 0.03131	, 3194	, 2	,			, 5	, 0.06658	, 1502	, 6	,			, 6	, 0.20492	, 488	, 2	,			, 	,	,	,	,
		, 5	, 0.03146	, 3179	, 2	,			, 5	, 0.06662	, 1501	, 6	,			, 6	, 0.28090	, 356	, 4	,			, 	,	,	,	,
		, 5	, 0.03153	, 3172	, 2	,			, 5	, 0.06671	, 1499	, 6	,			, 6	, 0.30675	, 326	, 4	,			, 	,	,	,	,
		, 6	, 0.03225	, 3101	, 0	,			, 6	, 0.04476	, 2234	, 1	,			, 7	, 0.21459	, 466	, 3	,			, 	,	,	,	,
		, 6	, 0.03365	, 2972	, 1	,			, 6	, 0.04983	, 2007	, 1	,			, 7	, 0.50505	, 198	, 9	,			, 	,	,	,	,
		, 6	, 0.03421	, 2923	, 1	,			, 6	, 0.05498	, 1819	, 3	,			, 7	, 0.50505	, 198	, 9	,			, 	,	,	,	,
		, 6	, 0.03440	, 2907	, 1	,			, 6	, 0.05498	, 1819	, 3	,			, 7	, 0.50505	, 198	, 9	,			, 	,	,	,	,
		, 6	, 0.03447	, 2901	, 1	,			, 6	, 0.05504	, 1817	, 3	,			, 7	, 0.50761	, 197	, 9	,			, 	,	,	,	,
		, 6	, 0.03478	, 2875	, 1	,			, 6	, 0.05534	, 1807	, 3	,			, 8	, 0.28985	, 345	, 3	,			, 	,	,	,	,
		, 6	, 0.03487	, 2868	, 1	,			, 6	, 0.05695	, 1756	, 5	,			, 8	, 0.36101	, 277	, 4	,			, 	,	,	,	,
		, 7	, 0.03752	, 2665	, 2	,			, 7	, 0.06930	, 1443	, 8	,			, 9	, 0.29762	, 336	, 3	,			, 	,	,	,	,
		, 7	, 0.03761	, 2659	, 2	,			, 7	, 0.06930	, 1443	, 8	,			, 9	, 0.51814	, 193	, 9	,			, 	,	,	,	,
		, 7	, 0.03810	, 2625	, 1	,			, 7	, 0.06940	, 1441	, 8	,			, 10	, 0.47847	, 209	, 6	,			, 	,	,	,	,
		, 7	, 0.03812	, 2623	, 1	,			, 7	, 0.06940	, 1441	, 8	,			, 10	, 0.56818	, 176	, 8	,			, 	,	,	,	,
		, 7	, 0.03817	, 2620	, 1	,			, 7	, 0.06940	, 1441	, 8	,			, 10	, 0.68027	, 147	, 12	,			, 	,	,	,	,
		, 7	, 0.03820	, 2618	, 1	,			, 7	, 0.06940	, 1441	, 8	,			, 12	, 0.39526	, 253	, 4	,			, 	,	,	,	,
		, 7	, 0.03821	, 2617	, 1	,			, 7	, 0.06940	, 1441	, 8	,			, 12	, 0.80645	, 124	, 13	,			, 	,	,	,	,
		, 7	, 0.03821	, 2617	, 1	,			, 7	, 0.06944	, 1440	, 8	,			, 14	, 1.40278	, 72	, 24	,			, 	,	,	,	,
		, 7	, 0.03823	, 2616	, 1	,			, 7	, 0.06944	, 1440	, 8	,			, 14	, 1.71186	, 59	, 36	,			, 	,	,	,	,
		, 7	, 0.03824	, 2615	, 1	,			, 7	, 0.06954	, 1438	, 8	,			, 15	, 0.48544	, 206	, 5	,			, 	,	,	,	,
		, 7	, 0.03852	, 2596	, 1	,			, 7	, 0.06954	, 1438	, 8	,			, 15	, 0.60976	, 164	, 7	,			, 	,	,	,	,
		, 7	, 0.03852	, 2596	, 1	,			, 7	, 0.06959	, 1437	, 8	,			, 18	, 0.76923	, 130	, 9	,			, 	,	,	,	,
		, 7	, 0.03852	, 2596	, 1	,			, 7	, 0.06959	, 1437	, 8	,			, 19	, 0.76336	, 131	, 9	,			, 	,	,	,	,
		, 7	, 0.03855	, 2594	, 1	,			, 7	, 0.06964	, 1436	, 8	,			, 24	, 1.03093	, 97	, 12	,			, 	,	,	,	,
		, 7	, 0.03855	, 2594	, 1	,			, 7	, 0.06964	, 1436	, 8	,			, 29	, 326.00000	, 1	, 171	,			, 	,	,	,	,
		, 7	, 0.03861	, 2590	, 1	,			, 7	, 0.06964	, 1436	, 8	,			, 31	, 331.00000	, 1	, 170	,			, 	,	,	,	,
		, 7	, 0.03864	, 2588	, 1	,			, 7	, 0.06964	, 1436	, 8	,			, 39	, 14.00000	, 8	, 66	,			, 	,	,	,	,
		, 7	, 0.03864	, 2588	, 1	,			, 7	, 0.06969	, 1435	, 8	,			, 39	, 4.90476	, 21	, 89	,			, 	,	,	,	,
		, 7	, 0.03865	, 2587	, 1	,			, 7	, 0.06974	, 1434	, 8	,				, 	,	,	,	,
		, 7	, 0.03871	, 2583	, 1	,			, 7	, 0.07536	, 1327	, 7	,				, 	,	,	,	,
		, 7	, 0.03874	, 2581	, 1	,			, 7	, 0.16420	, 609	, 49	,				, 	,	,	,	,
		, 8	, 0.04077	, 2453	, 1	,			, 8	, 0.06835	, 1463	, 3	,				, 	,	,	,	,
		, 8	, 0.04108	, 2434	, 1	,			, 8	, 0.07628	, 1311	, 8	,				, 	,	,	,	,
		, 8	, 0.04115	, 2430	, 1	,			, 8	, 0.07645	, 1308	, 8	,				, 	,	,	,	,
		, 8	, 0.04125	, 2424	, 2	,			, 8	, 0.11186	, 894	, 11	,				, 	,	,	,	,
		, 8	, 0.04148	, 2411	, 2	,			, 8	, 0.11211	, 892	, 11	,				, 	,	,	,	,
		, 9	, 0.04305	, 2323	, 2	,			, 9	, 0.05790	, 1727	, 1	,				, 	,	,	,	,
		, 9	, 0.04355	, 2296	, 0	,			, 9	, 0.05807	, 1722	, 1	,				, 	,	,	,	,
		, 9	, 0.04390	, 2278	, 0	,			, 9	, 0.06098	, 1640	, 1	,				, 	,	,	,	,
		, 9	, 0.04396	, 2275	, 1	,			, 9	, 0.06116	, 1635	, 3	,				, 	,	,	,	,
		, 9	, 0.04427	, 2259	, 0	,			, 9	, 0.10101	, 990	, 10	,				, 	,	,	,	,
		, 9	, 0.04523	, 2211	, 2	,			, 9	, 0.10799	, 926	, 20	,				, 	,	,	,	,
		, 9	, 0.04579	, 2184	, 2	,			, 9	, 0.13928	, 718	, 22	,				, 	,	,	,	,
		, 10	, 0.04367	, 2290	, 1	,			, 10	, 0.05855	, 1708	, 1	,				, 	,	,	,	,
		, 10	, 0.04369	, 2289	, 1	,			, 10	, 0.05869	, 1704	, 3	,				, 	,	,	,	,
		, 10	, 0.04531	, 2207	, 2	,			, 10	, 0.06812	, 1468	, 3	,				, 	,	,	,	,
		, 10	, 0.04671	, 2141	, 2	,			, 10	, 0.11416	, 876	, 10	,				, 	,	,	,	,
		, 10	, 0.04728	, 2115	, 0	,			, 10	, 0.11521	, 868	, 10	,				, 	,	,	,	,
		, 10	, 0.04789	, 2088	, 3	,			, 10	, 0.11534	, 867	, 10	,				, 	,	,	,	,
		, 10	, 0.04796	, 2085	, 0	,			, 10	, 0.12092	, 827	, 14	,				, 	,	,	,	,
		, 10	, 0.04822	, 2074	, 2	,			, 10	, 0.13369	, 748	, 27	,				, 	,	,	,	,
		, 10	, 0.04826	, 2072	, 2	,			, 10	, 0.25126	, 398	, 36	,				, 	,	,	,	,
		, 10	, 0.04845	, 2064	, 2	,			, 10	, 0.35211	, 284	, 88	,				, 	,	,	,	,
		, 11	, 0.05112	, 1956	, 2	,			, 11	, 0.12920	, 774	, 10	,				, 	,	,	,	,
		, 11	, 0.05141	, 1945	, 2	,			, 11	, 0.12937	, 773	, 10	,				, 	,	,	,	,
		, 14	, 0.05767	, 1734	, 0	,			, 14	, 0.08977	, 1114	, 1	,				, 	,	,	,	,
		, 15	, 0.06177	, 1619	, 2	,			, 15	, 0.27624	, 362	, 13	,				, 	,	,	,	,
		, 15	, 0.06188	, 1616	, 2	,			, 15	, 0.42735	, 234	, 72	,				, 	,	,	,	,
		, 15	, 0.06203	, 1612	, 1	,			, 15	, 0.42735	, 234	, 72	,				, 	,	,	,	,
		, 15	, 0.06207	, 1611	, 2	,			, 15	, 0.42735	, 234	, 72	,				, 	,	,	,	,
		, 34	, 0.12255	, 816	, 4	,			, 34	, 3.43333	, 30	, 290	,				, 	,	,	,	,
		, 42	, 0.14970	, 668	, 6	,			, 42	, 12.22220	, 9	, 794	,				, 	,	,	,	,
		, 48	, 0.17212	, 581	, 14	,			, 48	, 42.00000	, 3	, 2288	,				, 	,	,	,	,
		, 137	, 0.47847	, 209	, 0	,			, 137	, 202.00000	, 1	, 3570	,				, 	,	,	,	,
			
			
 fft		, 2	, 0.02100	, 4761	, 0	,	 fft		, 2	, 0.02701	, 3702	, 1	,		 fft		,	,	,	,	,
		, 3	, 0.02374	, 4213	, 1	,			, 3	, 0.03427	, 2918	, 3	,				, 	,	,	,	,
		, 3	, 0.02384	, 4194	, 1	,			, 3	, 0.03428	, 2917	, 1	,				, 	,	,	,	,
		, 3	, 0.02424	, 4126	, 1	,			, 3	, 0.03445	, 2903	, 3	,				, 	,	,	,	,
		, 3	, 0.02440	, 4098	, 1	,			, 3	, 0.03448	, 2900	, 3	,				, 	,	,	,	,
		, 3	, 0.02443	, 4093	, 1	,			, 3	, 0.03449	, 2899	, 3	,				, 	,	,	,	,
		, 3	, 0.02447	, 4087	, 1	,			, 3	, 0.03452	, 2897	, 3	,				, 	,	,	,	,
		, 3	, 0.02450	, 4082	, 0	,			, 3	, 0.03455	, 2894	, 3	,				, 	,	,	,	,
		, 3	, 0.02481	, 4030	, 0	,			, 3	, 0.03479	, 2874	, 1	,				, 	,	,	,	,
		, 4	, 0.02921	, 3423	, 1	,			, 4	, 0.05120	, 1953	, 7	,				, 	,	,	,	,
		, 5	, 0.02988	, 3347	, 1	,			, 5	, 0.03989	, 2507	, 1	,				, 	,	,	,	,
		, 5	, 0.02996	, 3338	, 1	,			, 5	, 0.06671	, 1499	, 6	,				, 	,	,	,	,
		, 5	, 0.03087	, 3239	, 2	,			, 5	, 0.06676	, 1498	, 6	,				, 	,	,	,	,
		, 5	, 0.03136	, 3189	, 2	,			, 5	, 0.06693	, 1494	, 13	,				, 	,	,	,	,
		, 5	, 0.03173	, 3152	, 1	,			, 5	, 0.06748	, 1482	, 6	,				, 	,	,	,	,
		, 5	, 0.03187	, 3138	, 0	,			, 5	, 0.08673	, 1153	, 24	,				, 	,	,	,	,
		, 6	, 0.03586	, 2789	, 1	,			, 6	, 0.08993	, 1112	, 11	,				, 	,	,	,	,
		, 6	, 0.03588	, 2787	, 1	,			, 6	, 0.09091	, 1100	, 11	,				, 	,	,	,	,
		, 7	, 0.03613	, 2768	, 1	,			, 7	, 0.05698	, 1755	, 3	,				, 	,	,	,	,
		, 7	, 0.03811	, 2624	, 3	,			, 7	, 0.05698	, 1755	, 3	,				, 	,	,	,	,
		, 7	, 0.03812	, 2623	, 2	,			, 7	, 0.13228	, 756	, 28	,				, 	,	,	,	,
		, 7	, 0.03823	, 2616	, 0	,			, 7	, 0.14993	, 667	, 21	,				, 	,	,	,	,
		, 7	, 0.03894	, 2568	, 0	,			, 7	, 0.17794	, 562	, 46	,				, 	,	,	,	,
		, 8	, 0.04075	, 2454	, 3	,			, 8	, 0.07651	, 1307	, 10	,				, 	,	,	,	,
		, 8	, 0.04105	, 2436	, 2	,			, 8	, 0.11403	, 877	, 11	,				, 	,	,	,	,
		, 8	, 0.04174	, 2396	, 1	,			, 8	, 0.11521	, 868	, 11	,				, 	,	,	,	,
		, 8	, 0.04179	, 2393	, 1	,			, 8	, 0.13717	, 729	, 21	,				, 	,	,	,	,
		, 8	, 0.04202	, 2380	, 0	,			, 8	, 0.13908	, 719	, 21	,				, 	,	,	,	,
		, 8	, 0.04205	, 2378	, 2	,			, 8	, 0.15924	, 628	, 21	,				, 	,	,	,	,
		, 9	, 0.04259	, 2348	, 2	,			, 9	, 0.35336	, 283	, 76	,				, 	,	,	,	,
		, 11	, 0.05008	, 1997	, 3	,			, 11	, 0.20243	, 494	, 16	,				, 	,	,	,	,
		, 12	, 0.05316	, 1881	, 4	,			, 12	, 0.31949	, 313	, 59	,				, 	,	,	,	,
		, 12	, 0.05423	, 1844	, 2	,			, 12	, 0.48309	, 207	, 90	,				, 	,	,	,	,
		, 12	, 0.05574	, 1794	, 3	,			, 12	, 0.63291	, 158	, 83	,				, 	,	,	,	,
		, 12	, 0.05593	, 1788	, 3	,			, 12	, 0.64103	, 156	, 83	,				, 	,	,	,	,
		, 13	, 0.05423	, 1844	, 1	,			, 13	, 1.81818	, 55	, 390	,				, 	,	,	,	,
		, 14	, 0.05952	, 1680	, 4	,			, 14	, 0.63694	, 157	, 92	,				, 	,	,	,	,
		, 15	, 0.06234	, 1604	, 3	,			, 15	, 0.81301	, 123	, 114	,				, 	,	,	,	,
		, 16	, 0.06207	, 1611	, 1	,			, 16	, 0.14409	, 694	, 13	,				, 	,	,	,	,
		, 16	, 0.06219	, 1608	, 1	,			, 16	, 0.14514	, 689	, 13	,				, 	,	,	,	,
		, 19	, 0.07669	, 1304	, 5	,			, 19	, 4.25000	, 24	, 234	,				, 	,	,	,	,
		, 38	, 0.13477	, 742	, 7	,			, 38	, 15.57140	, 7	, 623	,				, 	,	,	,	,
		, 52	, 0.18083	, 553	, 10	,			, 52	, 56.00000	, 2	, 1085	,				, 	,	,	,	,
			
			
 md5		, 2	, 0.02062	, 4850	, 1	,	 md5		, 2	, 0.02706	, 3696	, 1	,		 md5		,	,	,	,	,
		, 3	, 0.02425	, 4123	, 0	,			, 3	, 0.03054	, 3274	, 1	,				, 	,	,	,	,
		, 3	, 0.02437	, 4103	, 1	,			, 3	, 0.03406	, 2936	, 3	,				, 	,	,	,	,
		, 3	, 0.02452	, 4079	, 1	,			, 3	, 0.03420	, 2924	, 3	,				, 	,	,	,	,
		, 4	, 0.02656	, 3765	, 1	,			, 4	, 0.03741	, 2673	, 3	,				, 	,	,	,	,
		, 4	, 0.02657	, 3764	, 1	,			, 4	, 0.03852	, 2596	, 3	,				, 	,	,	,	,
		, 4	, 0.02757	, 3627	, 1	,			, 4	, 0.04502	, 2221	, 7	,				, 	,	,	,	,
		, 5	, 0.02972	, 3365	, 1	,			, 5	, 0.04852	, 2061	, 3	,				, 	,	,	,	,
		, 5	, 0.03008	, 3325	, 1	,			, 5	, 0.04900	, 2041	, 3	,				, 	,	,	,	,
		, 6	, 0.03253	, 3074	, 1	,			, 6	, 0.10267	, 974	, 24	,				, 	,	,	,	,
		, 7	, 0.03711	, 2695	, 2	,			, 7	, 0.08368	, 1195	, 14	,				, 	,	,	,	,
		, 7	, 0.03741	, 2673	, 2	,			, 7	, 0.13908	, 719	, 28	,				, 	,	,	,	,
		, 7	, 0.03870	, 2584	, 3	,			, 7	, 0.14793	, 676	, 40	,				, 	,	,	,	,
		, 10	, 0.04671	, 2141	, 1	,			, 10	, 0.12854	, 778	, 26	,				, 	,	,	,	,
		, 10	, 0.04697	, 2129	, 1	,			, 10	, 0.15456	, 647	, 26	,				, 	,	,	,	,
		, 10	, 0.04873	, 2052	, 1	,			, 10	, 0.15625	, 640	, 31	,				, 	,	,	,	,
		, 11	, 0.04970	, 2012	, 2	,			, 11	, 0.61350	, 163	, 105	,				, 	,	,	,	,
		, 12	, 0.05444	, 1837	, 3	,			, 12	, 0.24450	, 409	, 31	,				, 	,	,	,	,
		, 12	, 0.05447	, 1836	, 2	,			, 12	, 0.38314	, 261	, 35	,				, 	,	,	,	,
		, 12	, 0.05470	, 1828	, 3	,			, 12	, 0.47393	, 211	, 83	,				, 	,	,	,	,
		, 13	, 0.05559	, 1799	, 2	,			, 13	, 0.41667	, 240	, 31	,				, 	,	,	,	,
		, 13	, 0.05790	, 1727	, 2	,			, 13	, 1.40845	, 71	, 214	,				, 	,	,	,	,
		, 15	, 0.06386	, 1566	, 4	,			, 15	, 1.42254	, 71	, 213	,				, 	,	,	,	,
		, 17	, 0.07037	, 1421	, 2	,			, 17	, 1.06383	, 94	, 84	,				, 	,	,	,	,
		, 19	, 0.07734	, 1293	, 3	,			, 19	, 2.88571	, 35	, 280	,		
		, 20	, 0.07930	, 1261	, 3	,			, 20	, 5.10000	, 20	, 599	,		
		, 21	, 0.08071	, 1239	, 5	,			, 21	, 4.72727	, 22	, 514	,		 sha		,	,	,	,	,
		, 27	, 0.09980	, 1002	, 6	,			, 27	, 8.41667	, 12	, 954	,				, 	,	,	,	,
		, 37	, 0.13141	, 761	, 6	,			, 37	, 25.00000	, 4	, 1986	,				, 	,	,	,	,
		, 39	, 0.13351	, 749	, 8	,			, 39	, 85.00000	, 2	, 2925	,				, 	,	,	,	,
		, 55	, 0.19417	, 515	, 9	,			, 55	, 70.50000	, 2	, 3833	,				, 	,	,	,	,
		, 87	, 0.28653	, 349	, 21	,			, 87	, 419.00000	, 1	, 12367	,				, 	,	,	,	,
		, 959	, 2.94118	, 34	, 81	,			, 959	, 4539460.00000	, 1	, 2782545	,				, 	,	,	,	,
					, 	,	,	,	,
					, 	,	,	,	,
 sha		, 3	, 0.02412	, 4146	, 0	,	 sha		, 3	, 0.03005	, 3328	, 0	,				, 	,	,	,	,
		, 6	, 0.03271	, 3057	, 0	,			, 6	, 0.04348	, 2300	, 1	,				, 	,	,	,	,
		, 7	, 0.03717	, 2690	, 2	,			, 7	, 0.14620	, 684	, 40	,				, 	,	,	,	,
		, 8	, 0.04052	, 2468	, 2	,			, 8	, 0.07968	, 1255	, 6	,				, 	,	,	,	,
		, 8	, 0.04149	, 2410	, 2	,			, 8	, 0.07981	, 1253	, 13	,				, 	,	,	,	,
		, 8	, 0.04230	, 2364	, 1	,			, 8	, 0.09785	, 1022	, 20	,				, 	,	,	,	,
		, 9	, 0.04550	, 2198	, 0	,			, 9	, 0.06553	, 1526	, 6	,				, 	,	,	,	,
		, 10	, 0.04794	, 2086	, 1	,			, 10	, 0.10288	, 972	, 12	,				, 	,	,	,	,
		, 10	, 0.04847	, 2063	, 2	,			, 10	, 0.14771	, 677	, 21	,				, 	,	,	,	,
		, 10	, 0.04955	, 2018	, 1	,			, 10	, 0.15552	, 643	, 18	,				, 	,	,	,	,
		, 10	, 0.05018	, 1993	, 1	,			, 10	, 0.15649	, 639	, 18	,				, 	,	,	,	,
		, 10	, 0.05020	, 1992	, 1	,			, 10	, 0.25641	, 390	, 43	,				, 	,	,	,	,
		, 11	, 0.04997	, 2001	, 2	,			, 11	, 0.22272	, 449	, 36	,				, 	,	,	,	,
		, 11	, 0.05163	, 1937	, 1	,			, 11	, 0.60606	, 165	, 105	,				, 	,	,	,	,
		, 12	, 0.05498	, 1819	, 1	,			, 12	, 0.10000	, 1000	, 8	,				, 	,	,	,	,
		, 15	, 0.06192	, 1615	, 2	,			, 15	, 0.70422	, 142	, 127	,				, 	,	,	,	,
		, 16	, 0.06614	, 1512	, 0	,			, 16	, 0.11891	, 841	, 3	,				, 	,	,	,	,
		, 19	, 0.07776	, 1286	, 4	,			, 19	, 1.44286	, 70	, 235	,				, 	,	,	,	,
		, 24	, 0.08818	, 1134	, 6	,			, 24	, 1.85185	, 54	, 243	,				, 	,	,	,	,
		, 24	, 0.08865	, 1128	, 6	,			, 24	, 1.85185	, 54	, 243	,				, 	,	,	,	,
		, 24	, 0.08873	, 1127	, 6	,			, 24	, 1.85185	, 54	, 243	,				, 	,	,	,	,
		, 24	, 0.08945	, 1118	, 6	,			, 24	, 1.87037	, 54	, 243	,				, 	,	,	,	,
		, 24	, 0.09452	, 1058	, 6	,			, 24	, 5.66667	, 18	, 643	,				, 	,	,	,	,
		, 25	, 0.09407	, 1063	, 0	,			, 25	, 0.42918	, 233	, 15	,				, 	,	,	,	,
		, 26	, 0.09533	, 1049	, 5	,			, 26	, 9.54545	, 11	, 1060	,				, 	,	,	,	,
		, 29	, 0.10753	, 930	, 5	,			, 29	, 11.11110	, 9	, 1116	,				, 	,	,	,	,
		, 32	, 0.11682	, 856	, 8	,			, 32	, 15.42860	, 7	, 1041	,				, 	,	,	,	,
		, 33	, 0.11820	, 846	, 5	,			, 33	, 35.00000	, 3	, 1815	,				, 	,	,	,	,
		, 33	, 0.11820	, 846	, 5	,			, 33	, 35.00000	, 3	, 1815	,				, 	,	,	,	,
		, 34	, 0.12077	, 828	, 5	,			, 34	, 38.33330	, 3	, 1883	,				, 	,	,	,	,
		, 35	, 0.12422	, 805	, 5	,			, 35	, 43.66670	, 3	, 1939	,				, 	,	,	,	,
		, 41	, 0.14620	, 684	, 7	,			, 41	, 36.33330	, 3	, 2206	,				, 	,	,	,	,
		, 48	, 0.16863	, 593	, 9	,			, 48	, 59.00000	, 2	, 3252	,				, 	,	,	,	,
		, 53	, 0.18657	, 536	, 9	,			, 53	, 74.50000	, 2	, 3683	,				, 	,	,	,	,
		, 147	, 0.47619	, 210	, 33	,			, 147	, 1693.00000	, 1	, 29955	,		
			
			 sor		,	,	,	,	,
 sor		, 2	, 0.02069	, 4833	, 1	,	 sor		, 2	, 0.02655	, 3767	, 1	,				, 	,	,	,	,
		, 2	, 0.02107	, 4747	, 0	,			, 2	, 0.02668	, 3748	, 3	,				, 	,	,	,	,
		, 3	, 0.02448	, 4085	, 1	,			, 3	, 0.03429	, 2916	, 3	,				, 	,	,	,	,
		, 3	, 0.02520	, 3969	, 0	,			, 3	, 0.03442	, 2905	, 1	,				, 	,	,	,	,
		, 4	, 0.02706	, 3696	, 1	,			, 4	, 0.03761	, 2659	, 3	,				, 	,	,	,	,
		, 5	, 0.02961	, 3377	, 1	,			, 5	, 0.06618	, 1511	, 6	,				, 	,	,	,	,
		, 5	, 0.02976	, 3360	, 1	,			, 5	, 0.06631	, 1508	, 13	,				, 	,	,	,	,
		, 5	, 0.03167	, 3158	, 2	,			, 5	, 0.06649	, 1504	, 13	,				, 	,	,	,	,
		, 5	, 0.03266	, 3062	, 2	,			, 5	, 0.06662	, 1501	, 13	,				, 	,	,	,	,
		, 8	, 0.04205	, 2378	, 3	,			, 8	, 0.20790	, 481	, 36	,				, 	,	,	,	,
		, 10	, 0.04617	, 2166	, 2	,			, 10	, 0.25510	, 392	, 54	,				, 	,	,	,	,
		, 10	, 0.04850	, 2062	, 3	,			, 10	, 0.27248	, 367	, 69	,				, 	,	,	,	,
		, 14	, 0.05767	, 1734	, 1	,			, 14	, 0.44053	, 227	, 69	,				, 	,	,	,	,
		, 14	, 0.06046	, 1654	, 3	,			, 14	, 1.77193	, 57	, 350	,				, 	,	,	,	,
		, 15	, 0.06297	, 1588	, 4	,			, 15	, 0.75758	, 132	, 82	,				, 	,	,	,	,
		, 15	, 0.06373	, 1569	, 3	,			, 15	, 0.82645	, 121	, 126	,				, 	,	,	,	,
		, 29	, 0.10560	, 947	, 3	,			, 29	, 6.93333	, 15	, 202	,				, 	,	,	,	,
		, 29	, 0.10741	, 931	, 4	,			, 29	, 8.83333	, 12	, 476	,		
			
			 whetstone		,	,	,	,	,
 whetstone		, 3	, 0.02273	, 4400	, 0	,	 whetstone		, 3	, 0.02920	, 3425	, 0	,				, 	,	,	,	,
		, 3	, 0.02299	, 4349	, 0	,			, 3	, 0.02981	, 3355	, 1	,				, 	,	,	,	,
		, 3	, 0.02321	, 4308	, 0	,			, 3	, 0.03131	, 3194	, 1	,				, 	,	,	,	,
		, 3	, 0.02372	, 4216	, 0	,			, 3	, 0.03151	, 3174	, 1	,				, 	,	,	,	,
		, 4	, 0.02306	, 4337	, 0	,			, 4	, 0.02855	, 3503	, 0	,				, 	,	,	,	,
		, 4	, 0.02659	, 3761	, 1	,			, 4	, 0.03634	, 2752	, 0	,				, 	,	,	,	,
		, 4	, 0.02753	, 3633	, 0	,			, 4	, 0.03638	, 2749	, 1	,				, 	,	,	,	,
		, 4	, 0.02796	, 3577	, 0	,			, 4	, 0.04049	, 2470	, 3	,				, 	,	,	,	,
		, 5	, 0.02904	, 3444	, 1	,			, 5	, 0.04167	, 2400	, 3	,				, 	,	,	,	,
		, 5	, 0.02990	, 3345	, 1	,			, 5	, 0.04369	, 2289	, 1	,				, 	,	,	,	,
		, 5	, 0.03047	, 3282	, 1	,			, 5	, 0.04778	, 2093	, 3	,				, 	,	,	,	,
		, 6	, 0.03364	, 2973	, 0	,			, 6	, 0.05456	, 1833	, 3	,				, 	,	,	,	,
		, 6	, 0.03428	, 2917	, 1	,			, 6	, 0.05952	, 1680	, 7	,				, 	,	,	,	,
		, 6	, 0.03481	, 2873	, 1	,			, 6	, 0.06246	, 1601	, 7	,				, 	,	,	,	,
		, 7	, 0.03503	, 2855	, 1	,			, 7	, 0.05359	, 1866	, 3	,				, 	,	,	,	,
		, 7	, 0.03651	, 2739	, 2	,			, 7	, 0.14124	, 708	, 27	,				, 	,	,	,	,
		, 7	, 0.03658	, 2734	, 2	,			, 7	, 0.14124	, 708	, 27	,				, 	,	,	,	,
		, 7	, 0.03659	, 2733	, 2	,			, 7	, 0.14124	, 708	, 27	,				, 	,	,	,	,
		, 7	, 0.03682	, 2716	, 2	,			, 7	, 0.14144	, 707	, 27	,				, 	,	,	,	,
		, 8	, 0.03918	, 2552	, 0	,			, 8	, 0.06645	, 1505	, 6	,				, 	,	,	,	,
		, 8	, 0.04200	, 2381	, 0	,			, 8	, 0.07782	, 1285	, 10	,				, 	,	,	,	,
		, 9	, 0.04261	, 2347	, 2	,			, 9	, 0.09158	, 1092	, 6	,				, 	,	,	,	,
		, 9	, 0.04401	, 2272	, 0	,			, 9	, 0.17065	, 586	, 27	,				, 	,	,	,	,
		, 10	, 0.04632	, 2159	, 3	,			, 10	, 0.11990	, 834	, 14	,				, 	,	,	,	,
		, 10	, 0.04859	, 2058	, 2	,			, 10	, 0.15106	, 662	, 17	,				, 	,	,	,	,
		, 10	, 0.04878	, 2050	, 1	,			, 10	, 0.33670	, 297	, 56	,				, 	,	,	,	,
		, 12	, 0.05179	, 1931	, 0	,			, 12	, 0.12953	, 772	, 10	,				, 	,	,	,	,
		, 12	, 0.05510	, 1815	, 4	,			, 12	, 0.42735	, 234	, 79	,				, 	,	,	,	,
		, 14	, 0.06057	, 1651	, 1	,			, 14	, 0.60606	, 165	, 27	,				, 	,	,	,	,
		, 14	, 0.06188	, 1616	, 2	,			, 14	, 0.69444	, 144	, 88	,				, 	,	,	,	,
		, 15	, 0.06203	, 1612	, 0	,			, 15	, 0.21368	, 468	, 15	,				, 	,	,	,	,
		, 15	, 0.06382	, 1567	, 0	,			, 15	, 0.35088	, 285	, 28	,				, 	,	,	,	,
		, 18	, 0.07508	, 1332	, 0	,			, 18	, 0.46296	, 216	, 45	,				, 	,	,	,	,
		, 19	, 0.07634	, 1310	, 3	,			, 19	, 0.29851	, 335	, 33	,				, 	,	,	,	,
		, 24	, 0.09625	, 1039	, 0	,			, 24	, 0.97087	, 103	, 78	,				, 	,	,	,	,
		, 29	, 0.10718	, 933	, 6	,			, 29	, 20.00000	, 5	, 886	,				, 	,	,	,	,
		, 31	, 0.11312	, 884	, 6	,			, 31	, 25.00000	, 4	, 964	,				, 	,	,	,	,
		, 39	, 0.13717	, 729	, 6	,			, 39	, 23.40000	, 5	, 361	,				, 	,	,	,	,
		, 39	, 0.14306	, 699	, 18	,			, 39	, 30.50000	, 4	, 1572	,		
