maxmiso	, size	, time	, it	, cand	,	singlecut	, size	, time	, it	, cand	,	union	, size	, time	, it	, cand	,	multicut	, size	, time	, it	, cand	,
			
			
 adpcm		, 3	, 0.02434	, 4108	, 1	,	 adpcm		, 3	, 0.03425	, 2920	, 3	,	 adpcm		, 3	, 0.19531	, 512	, 3	,	 adpcm		,	,	,	,	,
		, 3	, 0.02438	, 4102	, 1	,			, 3	, 0.03436	, 2910	, 3	,			, 3	, 0.19570	, 511	, 3	,			, 	,	,	,	,
		, 3	, 0.02449	, 4083	, 1	,			, 3	, 0.03449	, 2899	, 3	,			, 3	, 0.19802	, 505	, 3	,			, 	,	,	,	,
		, 4	, 0.02677	, 3736	, 0	,			, 4	, 0.03804	, 2629	, 1	,			, 4	, 0.12821	, 780	, 1	,			, 	,	,	,	,
		, 5	, 0.02992	, 3342	, 1	,			, 5	, 0.04970	, 2012	, 4	,			, 5	, 0.28653	, 349	, 4	,			, 	,	,	,	,
		, 5	, 0.03013	, 3319	, 1	,			, 5	, 0.06549	, 1527	, 6	,			, 5	, 0.33557	, 298	, 6	,			, 	,	,	,	,
		, 5	, 0.03016	, 3316	, 1	,			, 5	, 0.06579	, 1520	, 6	,			, 5	, 0.33557	, 298	, 6	,			, 	,	,	,	,
		, 5	, 0.03016	, 3316	, 1	,			, 5	, 0.06583	, 1519	, 10	,			, 5	, 0.33557	, 298	, 6	,			, 	,	,	,	,
		, 5	, 0.03042	, 3287	, 1	,			, 5	, 0.06588	, 1518	, 6	,			, 5	, 0.33670	, 297	, 6	,			, 	,	,	,	,
		, 5	, 0.03132	, 3193	, 1	,			, 5	, 0.06596	, 1516	, 6	,			, 5	, 0.47847	, 209	, 10	,			, 	,	,	,	,
		, 6	, 0.03296	, 3034	, 1	,			, 6	, 0.06964	, 1436	, 10	,			, 6	, 0.48077	, 208	, 10	,			, 	,	,	,	,
		, 6	, 0.03305	, 3026	, 1	,			, 6	, 0.06988	, 1431	, 10	,			, 6	, 0.48077	, 208	, 10	,			, 	,	,	,	,
		, 7	, 0.03795	, 2635	, 2	,			, 7	, 0.08251	, 1212	, 7	,			, 7	, 0.52632	, 190	, 7	,			, 	,	,	,	,
		, 7	, 0.03797	, 2634	, 2	,			, 7	, 0.08264	, 1210	, 7	,			, 7	, 0.52632	, 190	, 7	,			, 	,	,	,	,
		, 8	, 0.03891	, 2570	, 0	,			, 8	, 0.06882	, 1453	, 2	,			, 8	, 0.23310	, 429	, 2	,			, 	,	,	,	,
		, 8	, 0.03899	, 2565	, 0	,			, 8	, 0.06892	, 1451	, 2	,			, 8	, 0.23310	, 429	, 2	,			, 	,	,	,	,
		, 10	, 0.04773	, 2095	, 3	,			, 10	, 0.11136	, 898	, 7	,			, 10	, 0.53763	, 186	, 7	,			, 	,	,	,	,
		, 11	, 0.04719	, 2119	, 2	,			, 11	, 0.08985	, 1113	, 4	,			, 11	, 0.30395	, 329	, 4	,			, 	,	,	,	,
		, 11	, 0.04988	, 2005	, 2	,			, 11	, 0.27548	, 363	, 20	,			, 11	, 0.97087	, 103	, 20	,			, 	,	,	,	,
		, 11	, 0.05023	, 1991	, 2	,			, 11	, 0.27855	, 359	, 26	,			, 11	, 1.50746	, 67	, 26	,			, 	,	,	,	,
		, 11	, 0.05056	, 1978	, 2	,			, 11	, 0.27855	, 359	, 26	,			, 11	, 1.50746	, 67	, 26	,			, 	,	,	,	,
		, 12	, 0.05015	, 1994	, 2	,			, 12	, 0.10183	, 982	, 6	,			, 12	, 0.40486	, 247	, 6	,			, 	,	,	,	,
		, 12	, 0.05417	, 1846	, 3	,			, 12	, 0.13175	, 759	, 7	,			, 12	, 0.61728	, 162	, 7	,			, 	,	,	,	,
		, 12	, 0.05420	, 1845	, 1	,			, 12	, 0.15898	, 629	, 10	,			, 12	, 0.78740	, 127	, 10	,			, 	,	,	,	,
		, 14	, 0.05882	, 1700	, 3	,			, 14	, 0.16778	, 596	, 10	,			, 14	, 0.62500	, 160	, 8	,			, 	,	,	,	,
		, 14	, 0.05935	, 1685	, 3	,			, 14	, 0.16835	, 594	, 8	,			, 14	, 0.67568	, 148	, 8	,			, 	,	,	,	,
		, 14	, 0.06262	, 1597	, 1	,			, 14	, 0.20492	, 488	, 8	,			, 14	, 0.79365	, 126	, 10	,			, 	,	,	,	,
		, 17	, 0.07252	, 1379	, 1	,			, 17	, 0.22371	, 447	, 10	,			, 17	, 0.87719	, 114	, 10	,			, 	,	,	,	,
		, 18	, 0.07479	, 1337	, 4	,			, 18	, 0.33784	, 296	, 20	,			, 18	, 1.28205	, 78	, 20	,			, 	,	,	,	,
		, 18	, 0.07491	, 1335	, 4	,			, 18	, 0.33898	, 295	, 20	,			, 18	, 1.29870	, 77	, 20	,			, 	,	,	,	,
		, 20	, 0.08333	, 1200	, 3	,			, 20	, 0.41667	, 240	, 17	,			, 20	, 1.61290	, 62	, 17	,			, 	,	,	,	,
		, 21	, 0.08467	, 1181	, 1	,			, 21	, 0.67568	, 148	, 25	,			, 21	, 1.42857	, 70	, 25	,			, 	,	,	,	,
		, 31	, 0.11287	, 886	, 5	,			, 31	, 1.61290	, 62	, 81	,			, 31	, 6.17647	, 17	, 81	,			, 	,	,	,	,
		, 38	, 0.13158	, 760	, 6	,			, 38	, 3.06061	, 33	, 145	,			, 38	, 7.42857	, 14	, 145	,			, 	,	,	,	,
		, 38	, 0.13158	, 760	, 6	,			, 38	, 3.06061	, 33	, 145	,			, 38	, 7.50000	, 14	, 145	,			, 	,	,	,	,
		, 55	, 0.20202	, 495	, 14	,			, 55	, 6.17647	, 17	, 99	,			, 55	, 4516.00000	, 1	, 99	,			, 	,	,	,	,
			
			
 aes		,	,	,	,	,	 aes		, 1	, 0.01685	, 5933	, 0	,	 aes		, 1	, 0.02009	, 4978	, 0	,	 aes		,	,	,	,	,
		, 	,	,	,	,			, 1	, 0.01694	, 5904	, 0	,			, 1	, 0.02018	, 4956	, 0	,			, 	,	,	,	,
		, 	,	,	,	,			, 1	, 0.01696	, 5895	, 0	,			, 1	, 0.02025	, 4938	, 0	,			, 	,	,	,	,
		, 	,	,	,	,			, 1	, 0.01704	, 5868	, 0	,			, 1	, 0.02026	, 4935	, 0	,			, 	,	,	,	,
		, 	,	,	,	,			, 3	, 0.02973	, 3364	, 0	,			, 3	, 0.04912	, 2036	, 0	,			, 	,	,	,	,
		, 	,	,	,	,			, 3	, 0.02996	, 3338	, 1	,			, 3	, 0.11389	, 878	, 1	,			, 	,	,	,	,
		, 	,	,	,	,			, 3	, 0.03404	, 2938	, 3	,			, 3	, 0.19417	, 515	, 3	,			, 	,	,	,	,
		, 	,	,	,	,			, 3	, 0.03405	, 2937	, 3	,			, 3	, 0.19455	, 514	, 3	,			, 	,	,	,	,
		, 	,	,	,	,			, 3	, 0.03406	, 2936	, 3	,			, 3	, 0.19455	, 514	, 3	,			, 	,	,	,	,
		, 	,	,	,	,			, 3	, 0.03412	, 2931	, 3	,			, 3	, 0.19455	, 514	, 3	,			, 	,	,	,	,
		, 	,	,	,	,			, 3	, 0.03414	, 2929	, 3	,			, 3	, 0.19455	, 514	, 3	,			, 	,	,	,	,
		, 	,	,	,	,			, 3	, 0.03415	, 2928	, 3	,			, 3	, 0.19455	, 514	, 3	,			, 	,	,	,	,
		, 	,	,	,	,			, 3	, 0.03415	, 2928	, 3	,			, 3	, 0.19493	, 513	, 3	,			, 	,	,	,	,
		, 	,	,	,	,			, 3	, 0.03419	, 2925	, 3	,			, 3	, 0.19493	, 513	, 3	,			, 	,	,	,	,
		, 	,	,	,	,			, 3	, 0.03419	, 2925	, 3	,			, 3	, 0.19493	, 513	, 3	,			, 	,	,	,	,
		, 	,	,	,	,			, 3	, 0.03426	, 2919	, 3	,			, 3	, 0.19493	, 513	, 3	,			, 	,	,	,	,
		, 	,	,	,	,			, 3	, 0.03429	, 2916	, 3	,			, 3	, 0.19493	, 513	, 3	,			, 	,	,	,	,
		, 	,	,	,	,			, 3	, 0.03439	, 2908	, 3	,			, 3	, 0.19531	, 512	, 3	,			, 	,	,	,	,
		, 	,	,	,	,			, 4	, 0.03453	, 2896	, 0	,			, 4	, 0.05831	, 1715	, 0	,			, 	,	,	,	,
		, 	,	,	,	,			, 4	, 0.03454	, 2895	, 0	,			, 4	, 0.05834	, 1714	, 0	,			, 	,	,	,	,
		, 	,	,	,	,			, 4	, 0.03478	, 2875	, 0	,			, 4	, 0.05848	, 1710	, 0	,			, 	,	,	,	,
		, 	,	,	,	,			, 4	, 0.03487	, 2868	, 0	,			, 4	, 0.05851	, 1709	, 0	,			, 	,	,	,	,
		, 	,	,	,	,			, 4	, 0.03493	, 2863	, 0	,			, 4	, 0.06083	, 1644	, 0	,			, 	,	,	,	,
		, 	,	,	,	,			, 4	, 0.03511	, 2848	, 0	,			, 4	, 0.06313	, 1584	, 0	,			, 	,	,	,	,
		, 	,	,	,	,			, 4	, 0.03766	, 2655	, 1	,			, 4	, 0.12707	, 787	, 1	,			, 	,	,	,	,
		, 	,	,	,	,			, 4	, 0.03792	, 2637	, 1	,			, 4	, 0.12739	, 785	, 1	,			, 	,	,	,	,
		, 	,	,	,	,			, 4	, 0.03795	, 2635	, 1	,			, 4	, 0.12755	, 784	, 1	,			, 	,	,	,	,
		, 	,	,	,	,			, 4	, 0.03804	, 2629	, 1	,			, 4	, 0.12755	, 784	, 1	,			, 	,	,	,	,
		, 	,	,	,	,			, 4	, 0.04941	, 2024	, 3	,			, 4	, 0.20877	, 479	, 3	,			, 	,	,	,	,
		, 	,	,	,	,			, 5	, 0.04174	, 2396	, 3	,			, 5	, 0.20450	, 489	, 3	,			, 	,	,	,	,
		, 	,	,	,	,			, 5	, 0.05695	, 1756	, 4	,			, 5	, 0.21787	, 459	, 3	,			, 	,	,	,	,
		, 	,	,	,	,			, 5	, 0.05701	, 1754	, 4	,			, 5	, 0.27472	, 364	, 4	,			, 	,	,	,	,
		, 	,	,	,	,			, 5	, 0.05921	, 1689	, 6	,			, 5	, 0.27472	, 364	, 4	,			, 	,	,	,	,
		, 	,	,	,	,			, 5	, 0.05999	, 1667	, 3	,			, 5	, 0.33333	, 300	, 6	,			, 	,	,	,	,
		, 	,	,	,	,			, 5	, 0.06523	, 1533	, 10	,			, 5	, 0.33333	, 300	, 6	,			, 	,	,	,	,
		, 	,	,	,	,			, 5	, 0.06553	, 1526	, 6	,			, 5	, 0.33333	, 300	, 6	,			, 	,	,	,	,
		, 	,	,	,	,			, 5	, 0.06562	, 1524	, 6	,			, 5	, 0.33333	, 300	, 6	,			, 	,	,	,	,
		, 	,	,	,	,			, 5	, 0.06570	, 1522	, 6	,			, 5	, 0.33333	, 300	, 6	,			, 	,	,	,	,
		, 	,	,	,	,			, 5	, 0.06570	, 1522	, 6	,			, 5	, 0.33333	, 300	, 6	,			, 	,	,	,	,
		, 	,	,	,	,			, 5	, 0.06575	, 1521	, 6	,			, 5	, 0.33333	, 300	, 6	,			, 	,	,	,	,
		, 	,	,	,	,			, 5	, 0.06579	, 1520	, 6	,			, 5	, 0.33333	, 300	, 6	,			, 	,	,	,	,
		, 	,	,	,	,			, 5	, 0.06596	, 1516	, 6	,			, 5	, 0.33445	, 299	, 6	,			, 	,	,	,	,
		, 	,	,	,	,			, 5	, 0.06605	, 1514	, 6	,			, 5	, 0.47619	, 210	, 10	,			, 	,	,	,	,
		, 	,	,	,	,			, 5	, 0.06631	, 1508	, 6	,			, 5	, 0.47847	, 209	, 6	,			, 	,	,	,	,
		, 	,	,	,	,			, 6	, 0.04623	, 2163	, 3	,			, 6	, 0.12077	, 828	, 1	,			, 	,	,	,	,
		, 	,	,	,	,			, 6	, 0.04710	, 2123	, 1	,			, 6	, 0.12092	, 827	, 1	,			, 	,	,	,	,
		, 	,	,	,	,			, 6	, 0.04710	, 2123	, 3	,			, 6	, 0.12107	, 826	, 1	,			, 	,	,	,	,
		, 	,	,	,	,			, 6	, 0.04717	, 2120	, 1	,			, 6	, 0.12151	, 823	, 1	,			, 	,	,	,	,
		, 	,	,	,	,			, 6	, 0.04733	, 2113	, 1	,			, 6	, 0.18727	, 534	, 2	,			, 	,	,	,	,
		, 	,	,	,	,			, 6	, 0.04892	, 2044	, 1	,			, 6	, 0.20964	, 477	, 3	,			, 	,	,	,	,
		, 	,	,	,	,			, 6	, 0.05491	, 1821	, 4	,			, 6	, 0.21008	, 476	, 3	,			, 	,	,	,	,
		, 	,	,	,	,			, 6	, 0.05504	, 1817	, 4	,			, 6	, 0.23202	, 431	, 3	,			, 	,	,	,	,
		, 	,	,	,	,			, 6	, 0.05507	, 1816	, 4	,			, 6	, 0.23202	, 431	, 3	,			, 	,	,	,	,
		, 	,	,	,	,			, 6	, 0.05510	, 1815	, 4	,			, 6	, 0.23256	, 430	, 3	,			, 	,	,	,	,
		, 	,	,	,	,			, 6	, 0.05525	, 1810	, 4	,			, 6	, 0.23256	, 430	, 3	,			, 	,	,	,	,
		, 	,	,	,	,			, 6	, 0.05528	, 1809	, 4	,			, 6	, 0.23256	, 430	, 3	,			, 	,	,	,	,
		, 	,	,	,	,			, 6	, 0.05653	, 1769	, 3	,			, 6	, 0.23310	, 429	, 3	,			, 	,	,	,	,
		, 	,	,	,	,			, 6	, 0.05666	, 1765	, 3	,			, 6	, 0.23310	, 429	, 3	,			, 	,	,	,	,
		, 	,	,	,	,			, 6	, 0.05669	, 1764	, 3	,			, 6	, 0.23364	, 428	, 3	,			, 	,	,	,	,
		, 	,	,	,	,			, 6	, 0.05669	, 1764	, 3	,			, 6	, 0.23364	, 428	, 3	,			, 	,	,	,	,
		, 	,	,	,	,			, 6	, 0.05672	, 1763	, 3	,			, 6	, 0.23419	, 427	, 3	,			, 	,	,	,	,
		, 	,	,	,	,			, 6	, 0.05679	, 1761	, 3	,			, 6	, 0.33223	, 301	, 4	,			, 	,	,	,	,
		, 	,	,	,	,			, 6	, 0.05688	, 1758	, 3	,			, 6	, 0.33223	, 301	, 4	,			, 	,	,	,	,
		, 	,	,	,	,			, 6	, 0.05695	, 1756	, 3	,			, 6	, 0.33333	, 300	, 4	,			, 	,	,	,	,
		, 	,	,	,	,			, 6	, 0.05698	, 1755	, 3	,			, 6	, 0.33333	, 300	, 4	,			, 	,	,	,	,
		, 	,	,	,	,			, 6	, 0.05705	, 1753	, 3	,			, 6	, 0.33333	, 300	, 4	,			, 	,	,	,	,
		, 	,	,	,	,			, 6	, 0.06010	, 1664	, 2	,			, 6	, 0.33333	, 300	, 4	,			, 	,	,	,	,
		, 	,	,	,	,			, 6	, 0.07082	, 1412	, 11	,			, 6	, 0.53763	, 186	, 11	,			, 	,	,	,	,
		, 	,	,	,	,			, 6	, 0.07174	, 1394	, 11	,			, 6	, 0.54054	, 185	, 11	,			, 	,	,	,	,
		, 	,	,	,	,			, 6	, 0.09881	, 1012	, 17	,			, 6	, 0.71429	, 140	, 17	,			, 	,	,	,	,
		, 	,	,	,	,			, 6	, 0.09881	, 1012	, 17	,			, 6	, 0.71429	, 140	, 17	,			, 	,	,	,	,
		, 	,	,	,	,			, 6	, 0.09891	, 1011	, 17	,			, 6	, 0.71429	, 140	, 17	,			, 	,	,	,	,
		, 	,	,	,	,			, 6	, 0.09891	, 1011	, 17	,			, 6	, 0.71429	, 140	, 17	,			, 	,	,	,	,
		, 	,	,	,	,			, 6	, 0.09891	, 1011	, 17	,			, 6	, 0.71942	, 139	, 17	,			, 	,	,	,	,
		, 	,	,	,	,			, 6	, 0.09901	, 1010	, 17	,			, 6	, 0.71942	, 139	, 17	,			, 	,	,	,	,
		, 	,	,	,	,			, 6	, 0.09901	, 1010	, 17	,			, 6	, 0.71942	, 139	, 17	,			, 	,	,	,	,
		, 	,	,	,	,			, 6	, 0.09911	, 1009	, 17	,			, 6	, 0.71942	, 139	, 17	,			, 	,	,	,	,
		, 	,	,	,	,			, 6	, 0.09921	, 1008	, 17	,			, 6	, 0.71942	, 139	, 17	,			, 	,	,	,	,
		, 	,	,	,	,			, 6	, 0.09921	, 1008	, 17	,			, 6	, 0.71942	, 139	, 17	,			, 	,	,	,	,
		, 	,	,	,	,			, 6	, 0.09921	, 1008	, 17	,			, 6	, 0.71942	, 139	, 17	,			, 	,	,	,	,
		, 	,	,	,	,			, 6	, 0.09921	, 1008	, 17	,			, 6	, 0.71942	, 139	, 17	,			, 	,	,	,	,
		, 	,	,	,	,			, 6	, 0.09930	, 1007	, 17	,			, 6	, 0.71942	, 139	, 17	,			, 	,	,	,	,
		, 	,	,	,	,			, 6	, 0.09930	, 1007	, 17	,			, 6	, 0.71942	, 139	, 17	,			, 	,	,	,	,
		, 	,	,	,	,			, 7	, 0.07283	, 1373	, 10	,			, 7	, 0.42918	, 233	, 5	,			, 	,	,	,	,
		, 	,	,	,	,			, 7	, 0.08636	, 1158	, 5	,			, 7	, 0.42918	, 233	, 5	,			, 	,	,	,	,
		, 	,	,	,	,			, 7	, 0.08658	, 1155	, 5	,			, 7	, 0.48544	, 206	, 10	,			, 	,	,	,	,
		, 	,	,	,	,			, 7	, 0.10173	, 983	, 13	,			, 7	, 0.64516	, 155	, 13	,			, 	,	,	,	,
		, 	,	,	,	,			, 7	, 0.10204	, 980	, 13	,			, 7	, 0.64516	, 155	, 13	,			, 	,	,	,	,
		, 	,	,	,	,			, 7	, 0.10225	, 978	, 13	,			, 7	, 0.64516	, 155	, 13	,			, 	,	,	,	,
		, 	,	,	,	,			, 7	, 0.10235	, 977	, 13	,			, 7	, 0.64516	, 155	, 13	,			, 	,	,	,	,
		, 	,	,	,	,			, 7	, 0.11848	, 844	, 15	,			, 7	, 0.67114	, 149	, 15	,			, 	,	,	,	,
		, 	,	,	,	,			, 7	, 0.11862	, 843	, 15	,			, 7	, 0.67114	, 149	, 15	,			, 	,	,	,	,
		, 	,	,	,	,			, 7	, 0.11891	, 841	, 15	,			, 7	, 0.67114	, 149	, 15	,			, 	,	,	,	,
		, 	,	,	,	,			, 7	, 0.11891	, 841	, 15	,			, 7	, 0.67114	, 149	, 15	,			, 	,	,	,	,
		, 	,	,	,	,			, 8	, 0.07831	, 1277	, 10	,			, 8	, 0.34722	, 288	, 6	,			, 	,	,	,	,
		, 	,	,	,	,			, 8	, 0.07831	, 1277	, 10	,			, 8	, 0.34722	, 288	, 6	,			, 	,	,	,	,
		, 	,	,	,	,			, 8	, 0.07831	, 1277	, 10	,			, 8	, 0.34722	, 288	, 6	,			, 	,	,	,	,
		, 	,	,	,	,			, 8	, 0.07849	, 1274	, 10	,			, 8	, 0.49020	, 204	, 10	,			, 	,	,	,	,
		, 	,	,	,	,			, 8	, 0.07886	, 1268	, 10	,			, 8	, 0.49261	, 203	, 10	,			, 	,	,	,	,
		, 	,	,	,	,			, 8	, 0.07886	, 1268	, 10	,			, 8	, 0.49261	, 203	, 10	,			, 	,	,	,	,
		, 	,	,	,	,			, 8	, 0.07968	, 1255	, 6	,			, 8	, 0.49261	, 203	, 10	,			, 	,	,	,	,
		, 	,	,	,	,			, 8	, 0.07981	, 1253	, 6	,			, 8	, 0.49505	, 202	, 10	,			, 	,	,	,	,
		, 	,	,	,	,			, 8	, 0.07981	, 1253	, 6	,			, 8	, 0.49751	, 201	, 10	,			, 	,	,	,	,
		, 	,	,	,	,			, 8	, 0.12739	, 785	, 11	,			, 8	, 0.56497	, 177	, 11	,			, 	,	,	,	,
		, 	,	,	,	,			, 8	, 0.12755	, 784	, 14	,			, 8	, 0.78740	, 127	, 14	,			, 	,	,	,	,
		, 	,	,	,	,			, 8	, 0.20408	, 490	, 28	,			, 8	, 1.12360	, 89	, 28	,			, 	,	,	,	,
		, 	,	,	,	,			, 9	, 0.07576	, 1320	, 5	,			, 9	, 0.38314	, 261	, 5	,			, 	,	,	,	,
		, 	,	,	,	,			, 9	, 0.07587	, 1318	, 5	,			, 9	, 0.38461	, 260	, 5	,			, 	,	,	,	,
		, 	,	,	,	,			, 9	, 0.07605	, 1315	, 5	,			, 9	, 0.38461	, 260	, 5	,			, 	,	,	,	,
		, 	,	,	,	,			, 9	, 0.19685	, 508	, 20	,			, 9	, 0.93458	, 107	, 20	,			, 	,	,	,	,
		, 	,	,	,	,			, 10	, 0.10811	, 925	, 5	,			, 10	, 0.41322	, 242	, 5	,			, 	,	,	,	,
		, 	,	,	,	,			, 10	, 0.10834	, 923	, 5	,			, 10	, 0.41494	, 241	, 5	,			, 	,	,	,	,
		, 	,	,	,	,			, 10	, 0.12285	, 814	, 8	,			, 10	, 0.49505	, 202	, 8	,			, 	,	,	,	,
		, 	,	,	,	,			, 10	, 0.18416	, 543	, 17	,			, 10	, 1.56250	, 64	, 37	,			, 	,	,	,	,
		, 	,	,	,	,			, 10	, 0.24272	, 412	, 37	,			, 10	, 1.94231	, 52	, 17	,			, 	,	,	,	,
		, 	,	,	,	,			, 11	, 0.23364	, 428	, 19	,			, 11	, 0.99010	, 101	, 19	,			, 	,	,	,	,
		, 	,	,	,	,			, 11	, 0.30581	, 327	, 38	,			, 11	, 2.34884	, 43	, 38	,			, 	,	,	,	,
		, 	,	,	,	,			, 12	, 0.29940	, 334	, 40	,			, 12	, 1.74138	, 58	, 40	,			, 	,	,	,	,
		, 	,	,	,	,			, 12	, 0.30030	, 333	, 40	,			, 12	, 1.74138	, 58	, 40	,			, 	,	,	,	,
		, 	,	,	,	,			, 12	, 0.30030	, 333	, 40	,			, 12	, 1.74138	, 58	, 40	,			, 	,	,	,	,
		, 	,	,	,	,			, 13	, 0.19531	, 512	, 23	,			, 13	, 1.03093	, 97	, 23	,			, 	,	,	,	,
		, 	,	,	,	,			, 14	, 0.17730	, 564	, 11	,			, 14	, 0.74074	, 135	, 11	,			, 	,	,	,	,
		, 	,	,	,	,			, 14	, 0.32362	, 309	, 22	,			, 14	, 1.16279	, 86	, 22	,			, 	,	,	,	,
		, 	,	,	,	,			, 14	, 0.32362	, 309	, 22	,			, 14	, 1.17442	, 86	, 22	,			, 	,	,	,	,
		, 	,	,	,	,			, 14	, 0.32467	, 308	, 22	,			, 14	, 1.17647	, 85	, 22	,			, 	,	,	,	,
		, 	,	,	,	,			, 14	, 0.37453	, 267	, 43	,			, 14	, 1.90566	, 53	, 43	,			, 	,	,	,	,
		, 	,	,	,	,			, 15	, 0.54348	, 184	, 28	,			, 15	, 2.17391	, 46	, 28	,			, 	,	,	,	,
		, 	,	,	,	,			, 17	, 0.29070	, 344	, 10	,			, 17	, 0.86207	, 116	, 10	,			, 	,	,	,	,
		, 	,	,	,	,			, 17	, 0.36765	, 272	, 16	,			, 17	, 1.04167	, 96	, 16	,			, 	,	,	,	,
		, 	,	,	,	,			, 22	, 0.76336	, 131	, 25	,			, 22	, 3.77778	, 27	, 25	,			, 	,	,	,	,
		, 	,	,	,	,			, 24	, 0.73529	, 136	, 23	,			, 24	, 3.06061	, 33	, 23	,			, 	,	,	,	,
		, 	,	,	,	,			, 25	, 0.76336	, 131	, 23	,			, 25	, 3.09091	, 33	, 23	,			, 	,	,	,	,
		, 	,	,	,	,			, 25	, 0.76923	, 130	, 23	,			, 25	, 3.12121	, 33	, 23	,			, 	,	,	,	,
		, 	,	,	,	,			, 28	, 1.01010	, 99	, 29	,			, 28	, 3.57143	, 28	, 29	,			, 	,	,	,	,
		, 	,	,	,	,			, 29	, 0.78740	, 127	, 33	,			, 29	, 2.75676	, 37	, 33	,			, 	,	,	,	,
		, 	,	,	,	,			, 29	, 0.97087	, 103	, 36	,			, 29	, 3.60714	, 28	, 29	,			, 	,	,	,	,
		, 	,	,	,	,			, 29	, 1.03093	, 97	, 29	,			, 29	, 3.60714	, 28	, 29	,			, 	,	,	,	,
		, 	,	,	,	,			, 29	, 1.06383	, 94	, 29	,			, 29	, 5.05000	, 20	, 36	,			, 	,	,	,	,
		, 	,	,	,	,			, 31	, 0.31348	, 319	, 7	,			, 31	, 0.78125	, 128	, 7	,			, 	,	,	,	,
		, 	,	,	,	,			, 31	, 1.28205	, 78	, 45	,			, 31	, 2.63158	, 38	, 45	,			, 	,	,	,	,
		, 	,	,	,	,			, 31	, 1.29487	, 78	, 45	,			, 31	, 2.63158	, 38	, 45	,			, 	,	,	,	,
		, 	,	,	,	,			, 33	, 1.80357	, 56	, 41	,			, 33	, 8.00000	, 13	, 41	,			, 	,	,	,	,
		, 	,	,	,	,			, 33	, 1.80357	, 56	, 41	,			, 33	, 8.00000	, 13	, 41	,			, 	,	,	,	,
		, 	,	,	,	,			, 33	, 1.80357	, 56	, 41	,			, 33	, 8.00000	, 13	, 41	,			, 	,	,	,	,
		, 	,	,	,	,			, 34	, 1.51515	, 66	, 48	,			, 34	, 2.91429	, 35	, 48	,			, 	,	,	,	,
		, 	,	,	,	,			, 34	, 1.51515	, 66	, 48	,			, 34	, 2.91429	, 35	, 48	,			, 	,	,	,	,
		, 	,	,	,	,			, 34	, 1.51515	, 66	, 48	,			, 34	, 2.91429	, 35	, 48	,			, 	,	,	,	,
		, 	,	,	,	,			, 35	, 0.35842	, 279	, 7	,			, 35	, 0.86957	, 115	, 7	,			, 	,	,	,	,
		, 	,	,	,	,			, 35	, 0.37037	, 270	, 7	,			, 35	, 0.89286	, 112	, 7	,			, 	,	,	,	,
		, 	,	,	,	,			, 35	, 1.60317	, 63	, 49	,			, 35	, 3.25806	, 31	, 49	,			, 	,	,	,	,
		, 	,	,	,	,			, 42	, 2.34884	, 43	, 40	,			, 42	, 2.56410	, 39	, 40	,			, 	,	,	,	,
		, 	,	,	,	,			, 54	, 1.51515	, 66	, 18	,			, 54	, 1.88679	, 53	, 18	,			, 	,	,	,	,
		, 	,	,	,	,			, 54	, 3.88462	, 26	, 66	,			, 54	, 3586.00000	, 1	, 66	,			, 	,	,	,	,
		, 	,	,	,	,			, 67	, 5.72222	, 18	, 78	,			, 67	, 5.05000	, 20	, 78	,			, 	,	,	,	,
		, 	,	,	,	,			, 68	, 6.05882	, 17	, 81	,			, 68	, 37.00000	, 3	, 81	,			, 	,	,	,	,
		, 	,	,	,	,			, 73	, 7.35714	, 14	, 87	,			, 73	, 9116.00000	, 1	, 87	,			, 	,	,	,	,
		, 	,	,	,	,			, 73	, 7.35714	, 14	, 87	,			, 73	, 9140.00000	, 1	, 87	,			, 	,	,	,	,
		, 	,	,	,	,			, 73	, 7.35714	, 14	, 87	,			, 73	, 9145.00000	, 1	, 87	,			, 	,	,	,	,
		, 	,	,	,	,			, 75	, 0.86957	, 115	, 7	,			, 75	, 1.29870	, 77	, 7	,			, 	,	,	,	,
		, 	,	,	,	,			, 91	, 9.09091	, 11	, 121	,			, 91	, 8.50000	, 12	, 121	,			, 	,	,	,	,
		, 	,	,	,	,			, 91	, 9.09091	, 11	, 121	,			, 91	, 8.58333	, 12	, 121	,			, 	,	,	,	,
		, 	,	,	,	,			, 115	, 2.58974	, 39	, 19	,			, 115	, 3.03030	, 33	, 19	,			, 	,	,	,	,
		, 	,	,	,	,			, 126	, 125.00000	, 1	, 910	,			, 126	, 59.50000	, 2	, 910	,			, 	,	,	,	,
		, 	,	,	,	,			, 131	, 3.06061	, 33	, 19	,			, 131	, 3.32258	, 31	, 19	,			, 	,	,	,	,
		, 	,	,	,	,			, 131	, 3.12500	, 32	, 19	,			, 131	, 3.36667	, 30	, 19	,			, 	,	,	,	,
		, 	,	,	,	,			, 131	, 3.33333	, 30	, 19	,			, 131	, 3.44828	, 29	, 19	,			, 	,	,	,	,
		, 	,	,	,	,			, 132	, 135.00000	, 1	, 922	,			, 132	, 64.50000	, 2	, 922	,			, 	,	,	,	,
		, 	,	,	,	,			, 133	, 19.00000	, 6	, 110	,			, 133	, 9.09091	, 11	, 110	,			, 	,	,	,	,
		, 	,	,	,	,			, 176	, 28.25000	, 4	, 161	,			, 176	, 73408.00000	, 1	, 161	,			, 	,	,	,	,
		, 	,	,	,	,			, 286	, 177.00000	, 1	, 896	,			, 286	, 87.50000	, 2	, 896	,			, 	,	,	,	,
		, 	,	,	,	,			, 302	, 195.00000	, 1	, 960	,			, 302	, 95.00000	, 2	, 960	,			, 	,	,	,	,
		, 	,	,	,	,			, 311	, 214.00000	, 1	, 1000	,			, 311	, 97.50000	, 2	, 1000	,			, 	,	,	,	,
		, 	,	,	,	,			, 311	, 214.00000	, 1	, 1000	,			, 311	, 97.50000	, 2	, 1000	,			, 	,	,	,	,
		, 	,	,	,	,			, 691	, 1479.00000	, 1	, 2322	,			, 691	, 541.00000	, 1	, 2322	,			, 	,	,	,	,
		, 	,	,	,	,			, 721	, 1884.00000	, 1	, 2600	,			, 721	, 634.00000	, 1	, 2600	,			, 	,	,	,	,
		, 	,	,	,	,			, 970	, 3430.00000	, 1	, 3642	,			, 970	, 1116.00000	, 1	, 3642	,			, 	,	,	,	,
		, 	,	,	,	,			, 1079	, 3153.00000	, 1	, 3615	,			, 1079	, 1925.00000	, 1	, 3615	,			, 	,	,	,	,
		, 	,	,	,	,			, 1154	, 3657.00000	, 1	, 3694	,			, 1154	, 1710.00000	, 1	, 3694	,			, 	,	,	,	,
		, 	,	,	,	,			, 1407	, 4342.00000	, 1	, 4480	,			, 1407	, 1884.00000	, 1	, 4480	,			, 	,	,	,	,
		, 	,	,	,	,			, 1524	, 5232.00000	, 1	, 4984	,			, 1524	, 2126.00000	, 1	, 4984	,			, 	,	,	,	,
		, 	,	,	,	,			, 1619	, 6734.00000	, 1	, 5030	,			, 1619	, 2992.00000	, 1	, 5030	,			, 	,	,	,	,
			
			
 blowfish		, 3	, 0.02242	, 4461	, 0	,	 blowfish		, 3	, 0.02844	, 3516	, 0	,	 blowfish		, 3	, 0.04801	, 2083	, 0	,	 blowfish		,	,	,	,	,
		, 3	, 0.02259	, 4426	, 0	,			, 3	, 0.02861	, 3495	, 0	,			, 3	, 0.04838	, 2067	, 0	,			, 	,	,	,	,
		, 3	, 0.02413	, 4144	, 0	,			, 3	, 0.03024	, 3307	, 1	,			, 3	, 0.11389	, 878	, 1	,			, 	,	,	,	,
		, 3	, 0.02463	, 4060	, 1	,			, 3	, 0.03409	, 2933	, 3	,			, 3	, 0.19570	, 511	, 3	,			, 	,	,	,	,
		, 5	, 0.02627	, 3806	, 0	,			, 5	, 0.03281	, 3048	, 0	,			, 5	, 0.04067	, 2459	, 0	,			, 	,	,	,	,
		, 7	, 0.03750	, 2667	, 2	,			, 7	, 0.08313	, 1203	, 6	,			, 7	, 0.38023	, 263	, 6	,			, 	,	,	,	,
		, 7	, 0.03759	, 2660	, 2	,			, 7	, 0.08881	, 1126	, 7	,			, 7	, 0.43860	, 228	, 7	,			, 	,	,	,	,
		, 7	, 0.03779	, 2646	, 1	,			, 7	, 0.08929	, 1120	, 7	,			, 7	, 0.43860	, 228	, 7	,			, 	,	,	,	,
		, 7	, 0.03821	, 2617	, 2	,			, 7	, 0.09653	, 1036	, 12	,			, 7	, 0.61350	, 163	, 12	,			, 	,	,	,	,
		, 7	, 0.03833	, 2609	, 1	,			, 7	, 0.09728	, 1028	, 12	,			, 7	, 0.61728	, 162	, 12	,			, 	,	,	,	,
		, 8	, 0.03824	, 2615	, 1	,			, 8	, 0.05893	, 1697	, 3	,			, 8	, 0.22026	, 454	, 3	,			, 	,	,	,	,
		, 8	, 0.04026	, 2484	, 3	,			, 8	, 0.08576	, 1166	, 5	,			, 8	, 0.35971	, 278	, 5	,			, 	,	,	,	,
		, 8	, 0.04058	, 2464	, 1	,			, 8	, 0.10627	, 941	, 7	,			, 8	, 0.45249	, 221	, 7	,			, 	,	,	,	,
		, 8	, 0.04097	, 2441	, 1	,			, 8	, 0.10707	, 934	, 7	,			, 8	, 0.45249	, 221	, 7	,			, 	,	,	,	,
		, 9	, 0.04338	, 2305	, 2	,			, 9	, 0.14389	, 695	, 12	,			, 9	, 0.67114	, 149	, 12	,			, 	,	,	,	,
		, 9	, 0.04350	, 2299	, 2	,			, 9	, 0.14409	, 694	, 12	,			, 9	, 0.67114	, 149	, 12	,			, 	,	,	,	,
		, 9	, 0.04357	, 2295	, 2	,			, 9	, 0.14409	, 694	, 12	,			, 9	, 0.67114	, 149	, 12	,			, 	,	,	,	,
		, 9	, 0.04357	, 2295	, 2	,			, 9	, 0.14451	, 692	, 12	,			, 9	, 0.67114	, 149	, 12	,			, 	,	,	,	,
		, 9	, 0.04373	, 2287	, 2	,			, 9	, 0.14451	, 692	, 12	,			, 9	, 0.67114	, 149	, 12	,			, 	,	,	,	,
		, 9	, 0.04374	, 2286	, 2	,			, 9	, 0.14451	, 692	, 12	,			, 9	, 0.67114	, 149	, 12	,			, 	,	,	,	,
		, 10	, 0.04608	, 2170	, 2	,			, 10	, 0.12870	, 777	, 11	,			, 10	, 0.68966	, 145	, 11	,			, 	,	,	,	,
		, 10	, 0.04613	, 2168	, 2	,			, 10	, 0.15528	, 644	, 12	,			, 10	, 0.68966	, 145	, 12	,			, 	,	,	,	,
		, 10	, 0.04617	, 2166	, 2	,			, 10	, 0.15552	, 643	, 12	,			, 10	, 0.68966	, 145	, 12	,			, 	,	,	,	,
		, 10	, 0.04660	, 2146	, 2	,			, 10	, 0.15552	, 643	, 12	,			, 10	, 0.68966	, 145	, 12	,			, 	,	,	,	,
		, 10	, 0.04662	, 2145	, 2	,			, 10	, 0.15576	, 642	, 12	,			, 10	, 0.68966	, 145	, 12	,			, 	,	,	,	,
		, 10	, 0.04666	, 2143	, 2	,			, 10	, 0.15576	, 642	, 12	,			, 10	, 0.68966	, 145	, 12	,			, 	,	,	,	,
		, 10	, 0.04888	, 2046	, 2	,			, 10	, 0.15601	, 641	, 12	,			, 10	, 0.68966	, 145	, 12	,			, 	,	,	,	,
		, 11	, 0.04857	, 2059	, 3	,			, 11	, 0.10718	, 933	, 5	,			, 11	, 0.37736	, 265	, 5	,			, 	,	,	,	,
		, 11	, 0.05058	, 1977	, 2	,			, 11	, 0.15898	, 629	, 14	,			, 11	, 0.82645	, 121	, 14	,			, 	,	,	,	,
		, 13	, 0.05669	, 1764	, 3	,			, 13	, 0.20325	, 492	, 17	,			, 13	, 0.90090	, 111	, 17	,			, 	,	,	,	,
		, 16	, 0.06859	, 1458	, 5	,			, 16	, 0.32051	, 312	, 24	,			, 16	, 1.23457	, 81	, 24	,			, 	,	,	,	,
		, 16	, 0.06863	, 1457	, 3	,			, 16	, 0.34014	, 294	, 23	,			, 16	, 1.69492	, 59	, 23	,			, 	,	,	,	,
		, 19	, 0.07599	, 1316	, 4	,			, 19	, 0.31746	, 315	, 16	,			, 19	, 1.06383	, 94	, 16	,			, 	,	,	,	,
		, 22	, 0.08446	, 1184	, 4	,			, 22	, 0.37879	, 264	, 18	,			, 22	, 1.17442	, 86	, 18	,			, 	,	,	,	,
		, 22	, 0.08921	, 1121	, 9	,			, 22	, 0.68966	, 145	, 33	,			, 22	, 1.85185	, 54	, 33	,			, 	,	,	,	,
		, 25	, 0.09461	, 1057	, 5	,			, 25	, 0.69444	, 144	, 32	,			, 25	, 2.58974	, 39	, 32	,			, 	,	,	,	,
		, 27	, 0.09881	, 1012	, 4	,			, 27	, 1.17647	, 85	, 51	,			, 27	, 2.61538	, 39	, 51	,			, 	,	,	,	,
		, 38	, 0.13038	, 767	, 6	,			, 38	, 1.60317	, 63	, 38	,			, 38	, 2.34884	, 43	, 38	,			, 	,	,	,	,
		, 44	, 0.15432	, 648	, 6	,			, 44	, 1.57812	, 64	, 38	,			, 44	, 2.42857	, 42	, 38	,			, 	,	,	,	,
		, 47	, 0.15699	, 637	, 7	,			, 47	, 2.04082	, 49	, 42	,			, 47	, 2.72973	, 37	, 42	,			, 	,	,	,	,
		, 49	, 0.16502	, 606	, 8	,			, 49	, 11.66670	, 9	, 252	,			, 49	, 21.20000	, 5	, 252	,			, 	,	,	,	,
		, 55	, 0.18657	, 536	, 5	,			, 55	, 6.05882	, 17	, 193	,			, 55	, 10.00000	, 10	, 193	,			, 	,	,	,	,
		, 59	, 0.19608	, 510	, 13	,			, 59	, 26.00000	, 4	, 425	,			, 59	, 24.00000	, 5	, 425	,			, 	,	,	,	,
		, 64	, 0.21277	, 470	, 15	,			, 64	, 3.74074	, 27	, 74	,			, 64	, 4.63636	, 22	, 74	,			, 	,	,	,	,
		, 68	, 0.22124	, 452	, 11	,			, 68	, 39.66670	, 3	, 428	,			, 68	, 26.75000	, 4	, 428	,			, 	,	,	,	,
		, 80	, 0.25641	, 390	, 8	,			, 80	, 56.50000	, 2	, 431	,			, 80	, 26.75000	, 4	, 431	,			, 	,	,	,	,
		, 98	, 0.31348	, 319	, 22	,			, 98	, 52.00000	, 2	, 482	,			, 98	, 38.33330	, 3	, 482	,			, 	,	,	,	,
		, 108	, 0.34483	, 290	, 25	,			, 108	, 59.00000	, 2	, 487	,			, 108	, 33.00000	, 4	, 487	,			, 	,	,	,	,
		, 127	, 0.40984	, 244	, 34	,			, 127	, 63.50000	, 2	, 496	,			, 127	, 48.00000	, 3	, 431	,			, 	,	,	,	,
		, 127	, 0.41841	, 239	, 21	,			, 127	, 72.50000	, 2	, 431	,			, 127	, 66.50000	, 2	, 516	,			, 	,	,	,	,
		, 127	, 0.42553	, 235	, 22	,			, 127	, 84.00000	, 2	, 516	,			, 127	, 67.00000	, 2	, 496	,			, 	,	,	,	,
		, 673	, 2.12766	, 47	, 92	,			, 673	, 1305.00000	, 1	, 3068	,			, 673	, 807.00000	, 1	, 3068	,			, 	,	,	,	,
		, 674	, 2.12766	, 47	, 92	,			, 674	, 1315.00000	, 1	, 3068	,			, 674	, 807.00000	, 1	, 3068	,			, 	,	,	,	,
			
			
 cjpeg		, 2	, 0.01871	, 5346	, 0	,	 cjpeg		, 2	, 0.02437	, 4104	, 0	,	 cjpeg		, 2	, 0.03805	, 2628	, 0	,	 cjpeg		,	,	,	,	,
		, 2	, 0.01887	, 5298	, 0	,			, 2	, 0.02449	, 4084	, 0	,			, 2	, 0.03814	, 2622	, 0	,			, 	,	,	,	,
		, 2	, 0.01976	, 5060	, 0	,			, 2	, 0.02455	, 4073	, 0	,			, 2	, 0.03815	, 2621	, 0	,			, 	,	,	,	,
		, 2	, 0.02006	, 4984	, 0	,			, 2	, 0.02473	, 4044	, 0	,			, 2	, 0.03845	, 2601	, 0	,			, 	,	,	,	,
		, 2	, 0.02007	, 4983	, 0	,			, 2	, 0.02479	, 4034	, 0	,			, 2	, 0.03851	, 2597	, 0	,			, 	,	,	,	,
		, 2	, 0.02007	, 4983	, 0	,			, 2	, 0.02479	, 4034	, 0	,			, 2	, 0.03857	, 2593	, 0	,			, 	,	,	,	,
		, 2	, 0.02007	, 4982	, 0	,			, 2	, 0.02480	, 4033	, 0	,			, 2	, 0.03858	, 2592	, 0	,			, 	,	,	,	,
		, 2	, 0.02009	, 4978	, 0	,			, 2	, 0.02480	, 4032	, 0	,			, 2	, 0.03860	, 2591	, 0	,			, 	,	,	,	,
		, 2	, 0.02010	, 4975	, 0	,			, 2	, 0.02480	, 4032	, 0	,			, 2	, 0.03861	, 2590	, 0	,			, 	,	,	,	,
		, 2	, 0.02011	, 4972	, 0	,			, 2	, 0.02480	, 4032	, 0	,			, 2	, 0.03864	, 2588	, 0	,			, 	,	,	,	,
		, 2	, 0.02012	, 4971	, 0	,			, 2	, 0.02480	, 4032	, 0	,			, 2	, 0.03864	, 2588	, 0	,			, 	,	,	,	,
		, 2	, 0.02014	, 4965	, 0	,			, 2	, 0.02481	, 4031	, 0	,			, 2	, 0.03865	, 2587	, 0	,			, 	,	,	,	,
		, 2	, 0.02016	, 4961	, 0	,			, 2	, 0.02482	, 4029	, 0	,			, 2	, 0.03867	, 2586	, 0	,			, 	,	,	,	,
		, 2	, 0.02017	, 4959	, 0	,			, 2	, 0.02483	, 4028	, 0	,			, 2	, 0.03870	, 2584	, 0	,			, 	,	,	,	,
		, 2	, 0.02020	, 4950	, 0	,			, 2	, 0.02484	, 4026	, 0	,			, 2	, 0.03871	, 2583	, 0	,			, 	,	,	,	,
		, 2	, 0.02021	, 4947	, 0	,			, 2	, 0.02486	, 4023	, 0	,			, 2	, 0.03871	, 2583	, 0	,			, 	,	,	,	,
		, 2	, 0.02022	, 4946	, 0	,			, 2	, 0.02486	, 4022	, 0	,			, 2	, 0.03873	, 2582	, 0	,			, 	,	,	,	,
		, 2	, 0.02022	, 4945	, 0	,			, 2	, 0.02489	, 4018	, 0	,			, 2	, 0.03873	, 2582	, 0	,			, 	,	,	,	,
		, 2	, 0.02023	, 4942	, 0	,			, 2	, 0.02489	, 4018	, 0	,			, 2	, 0.03874	, 2581	, 0	,			, 	,	,	,	,
		, 2	, 0.02025	, 4938	, 0	,			, 2	, 0.02489	, 4017	, 0	,			, 2	, 0.03874	, 2581	, 0	,			, 	,	,	,	,
		, 2	, 0.02027	, 4934	, 0	,			, 2	, 0.02491	, 4014	, 0	,			, 2	, 0.03874	, 2581	, 0	,			, 	,	,	,	,
		, 2	, 0.02029	, 4929	, 0	,			, 2	, 0.02493	, 4012	, 0	,			, 2	, 0.03876	, 2580	, 0	,			, 	,	,	,	,
		, 2	, 0.02029	, 4928	, 0	,			, 2	, 0.02495	, 4008	, 0	,			, 2	, 0.03879	, 2578	, 0	,			, 	,	,	,	,
		, 2	, 0.02031	, 4924	, 0	,			, 2	, 0.02498	, 4004	, 0	,			, 2	, 0.03879	, 2578	, 0	,			, 	,	,	,	,
		, 2	, 0.02031	, 4924	, 0	,			, 2	, 0.02502	, 3996	, 0	,			, 2	, 0.03884	, 2575	, 0	,			, 	,	,	,	,
		, 2	, 0.02033	, 4919	, 0	,			, 2	, 0.02507	, 3989	, 0	,			, 2	, 0.03884	, 2575	, 0	,			, 	,	,	,	,
		, 2	, 0.02050	, 4879	, 0	,			, 2	, 0.02567	, 3896	, 0	,			, 2	, 0.03894	, 2568	, 0	,			, 	,	,	,	,
		, 3	, 0.02210	, 4525	, 0	,			, 3	, 0.02858	, 3499	, 0	,			, 3	, 0.04344	, 2302	, 0	,			, 	,	,	,	,
		, 3	, 0.02220	, 4504	, 0	,			, 3	, 0.02952	, 3387	, 0	,			, 3	, 0.04836	, 2068	, 0	,			, 	,	,	,	,
		, 3	, 0.02323	, 4305	, 0	,			, 3	, 0.02977	, 3359	, 0	,			, 3	, 0.04857	, 2059	, 0	,			, 	,	,	,	,
		, 3	, 0.02350	, 4256	, 0	,			, 3	, 0.02994	, 3340	, 0	,			, 3	, 0.04904	, 2039	, 0	,			, 	,	,	,	,
		, 3	, 0.02351	, 4254	, 0	,			, 3	, 0.02998	, 3336	, 0	,			, 3	, 0.04904	, 2039	, 0	,			, 	,	,	,	,
		, 3	, 0.02358	, 4241	, 0	,			, 3	, 0.03004	, 3329	, 0	,			, 3	, 0.04907	, 2038	, 0	,			, 	,	,	,	,
		, 3	, 0.02359	, 4239	, 0	,			, 3	, 0.03008	, 3324	, 0	,			, 3	, 0.04916	, 2034	, 0	,			, 	,	,	,	,
		, 3	, 0.02363	, 4232	, 0	,			, 3	, 0.03009	, 3323	, 0	,			, 3	, 0.04921	, 2032	, 0	,			, 	,	,	,	,
		, 3	, 0.02366	, 4227	, 0	,			, 3	, 0.03011	, 3321	, 0	,			, 3	, 0.04921	, 2032	, 0	,			, 	,	,	,	,
		, 3	, 0.02367	, 4225	, 0	,			, 3	, 0.03015	, 3317	, 0	,			, 3	, 0.04926	, 2030	, 0	,			, 	,	,	,	,
		, 3	, 0.02367	, 4224	, 0	,			, 3	, 0.03023	, 3308	, 0	,			, 3	, 0.04938	, 2025	, 0	,			, 	,	,	,	,
		, 3	, 0.02372	, 4215	, 0	,			, 3	, 0.03135	, 3190	, 1	,			, 3	, 0.10764	, 929	, 1	,			, 	,	,	,	,
		, 3	, 0.02376	, 4209	, 0	,			, 3	, 0.03139	, 3186	, 1	,			, 3	, 0.11403	, 877	, 1	,			, 	,	,	,	,
		, 3	, 0.02379	, 4203	, 0	,			, 3	, 0.03149	, 3176	, 1	,			, 3	, 0.11416	, 876	, 1	,			, 	,	,	,	,
		, 3	, 0.02380	, 4201	, 0	,			, 3	, 0.03152	, 3173	, 1	,			, 3	, 0.11416	, 876	, 1	,			, 	,	,	,	,
		, 3	, 0.02384	, 4194	, 0	,			, 3	, 0.03159	, 3166	, 1	,			, 3	, 0.11416	, 876	, 1	,			, 	,	,	,	,
		, 3	, 0.02386	, 4192	, 0	,			, 3	, 0.03159	, 3166	, 1	,			, 3	, 0.11416	, 876	, 1	,			, 	,	,	,	,
		, 3	, 0.02404	, 4159	, 1	,			, 3	, 0.03168	, 3157	, 1	,			, 3	, 0.11429	, 875	, 1	,			, 	,	,	,	,
		, 3	, 0.02458	, 4068	, 0	,			, 3	, 0.03404	, 2938	, 3	,			, 3	, 0.11442	, 874	, 1	,			, 	,	,	,	,
		, 3	, 0.02458	, 4068	, 1	,			, 3	, 0.03406	, 2936	, 3	,			, 3	, 0.19455	, 514	, 3	,			, 	,	,	,	,
		, 3	, 0.02458	, 4068	, 1	,			, 3	, 0.03414	, 2929	, 3	,			, 3	, 0.19493	, 513	, 3	,			, 	,	,	,	,
		, 3	, 0.02467	, 4054	, 1	,			, 3	, 0.03415	, 2928	, 3	,			, 3	, 0.19493	, 513	, 3	,			, 	,	,	,	,
		, 3	, 0.02469	, 4050	, 1	,			, 3	, 0.03419	, 2925	, 3	,			, 3	, 0.19493	, 513	, 3	,			, 	,	,	,	,
		, 3	, 0.02473	, 4043	, 1	,			, 3	, 0.03434	, 2912	, 1	,			, 3	, 0.19493	, 513	, 3	,			, 	,	,	,	,
		, 3	, 0.02486	, 4022	, 1	,			, 3	, 0.03435	, 2911	, 3	,			, 3	, 0.19531	, 512	, 3	,			, 	,	,	,	,
		, 4	, 0.02617	, 3821	, 0	,			, 4	, 0.03399	, 2942	, 0	,			, 4	, 0.06086	, 1643	, 0	,			, 	,	,	,	,
		, 4	, 0.02665	, 3753	, 1	,			, 4	, 0.03467	, 2884	, 1	,			, 4	, 0.12136	, 824	, 1	,			, 	,	,	,	,
		, 4	, 0.02670	, 3746	, 1	,			, 4	, 0.03817	, 2620	, 1	,			, 4	, 0.12438	, 804	, 1	,			, 	,	,	,	,
		, 4	, 0.02701	, 3702	, 1	,			, 4	, 0.03830	, 2611	, 1	,			, 4	, 0.12937	, 773	, 1	,			, 	,	,	,	,
		, 4	, 0.02703	, 3699	, 1	,			, 4	, 0.03833	, 2609	, 1	,			, 4	, 0.12953	, 772	, 1	,			, 	,	,	,	,
		, 4	, 0.02709	, 3692	, 1	,			, 4	, 0.03837	, 2606	, 1	,			, 4	, 0.12970	, 771	, 1	,			, 	,	,	,	,
		, 4	, 0.02718	, 3679	, 1	,			, 4	, 0.04031	, 2481	, 1	,			, 4	, 0.13004	, 769	, 1	,			, 	,	,	,	,
		, 4	, 0.02723	, 3673	, 1	,			, 4	, 0.04047	, 2471	, 3	,			, 4	, 0.21008	, 476	, 3	,			, 	,	,	,	,
		, 4	, 0.02839	, 3522	, 0	,			, 4	, 0.04047	, 2471	, 3	,			, 4	, 0.21008	, 476	, 3	,			, 	,	,	,	,
		, 4	, 0.02864	, 3492	, 0	,			, 4	, 0.04085	, 2448	, 3	,			, 4	, 0.21097	, 474	, 3	,			, 	,	,	,	,
		, 5	, 0.03054	, 3274	, 1	,			, 5	, 0.04470	, 2237	, 3	,			, 5	, 0.21552	, 464	, 3	,			, 	,	,	,	,
		, 5	, 0.03055	, 3273	, 1	,			, 5	, 0.04737	, 2111	, 3	,			, 5	, 0.22173	, 451	, 3	,			, 	,	,	,	,
		, 5	, 0.03132	, 3193	, 1	,			, 5	, 0.04773	, 2095	, 3	,			, 5	, 0.23419	, 427	, 3	,			, 	,	,	,	,
		, 5	, 0.03151	, 3174	, 2	,			, 5	, 0.05744	, 1741	, 4	,			, 5	, 0.35336	, 283	, 4	,			, 	,	,	,	,
		, 5	, 0.03152	, 3173	, 2	,			, 5	, 0.05744	, 1741	, 4	,			, 5	, 0.35336	, 283	, 4	,			, 	,	,	,	,
		, 5	, 0.03153	, 3172	, 2	,			, 5	, 0.05747	, 1740	, 4	,			, 5	, 0.35336	, 283	, 4	,			, 	,	,	,	,
		, 5	, 0.03173	, 3152	, 2	,			, 5	, 0.05764	, 1735	, 4	,			, 5	, 0.35336	, 283	, 4	,			, 	,	,	,	,
		, 5	, 0.03179	, 3146	, 2	,			, 5	, 0.05767	, 1734	, 4	,			, 5	, 0.35336	, 283	, 4	,			, 	,	,	,	,
		, 5	, 0.03180	, 3145	, 2	,			, 5	, 0.05770	, 1733	, 4	,			, 5	, 0.35336	, 283	, 4	,			, 	,	,	,	,
		, 5	, 0.03185	, 3140	, 2	,			, 5	, 0.05777	, 1731	, 4	,			, 5	, 0.35336	, 283	, 4	,			, 	,	,	,	,
		, 5	, 0.03200	, 3125	, 2	,			, 5	, 0.05780	, 1730	, 4	,			, 5	, 0.35461	, 282	, 4	,			, 	,	,	,	,
		, 6	, 0.03252	, 3075	, 0	,			, 6	, 0.04515	, 2215	, 1	,			, 6	, 0.14286	, 700	, 1	,			, 	,	,	,	,
		, 6	, 0.03359	, 2977	, 1	,			, 6	, 0.04973	, 2011	, 1	,			, 6	, 0.15504	, 645	, 1	,			, 	,	,	,	,
		, 6	, 0.03453	, 2896	, 1	,			, 6	, 0.05461	, 1831	, 3	,			, 6	, 0.23202	, 431	, 3	,			, 	,	,	,	,
		, 6	, 0.03506	, 2852	, 1	,			, 6	, 0.05470	, 1828	, 3	,			, 6	, 0.23310	, 429	, 3	,			, 	,	,	,	,
		, 6	, 0.03536	, 2828	, 1	,			, 6	, 0.05470	, 1828	, 3	,			, 6	, 0.23310	, 429	, 3	,			, 	,	,	,	,
		, 6	, 0.03537	, 2827	, 1	,			, 6	, 0.05501	, 1818	, 3	,			, 6	, 0.23310	, 429	, 3	,			, 	,	,	,	,
		, 6	, 0.03546	, 2820	, 1	,			, 6	, 0.05624	, 1778	, 4	,			, 6	, 0.29586	, 338	, 4	,			, 	,	,	,	,
		, 7	, 0.03789	, 2639	, 2	,			, 7	, 0.06671	, 1499	, 5	,			, 7	, 0.31746	, 315	, 4	,			, 	,	,	,	,
		, 7	, 0.03794	, 2636	, 2	,			, 7	, 0.06671	, 1499	, 5	,			, 7	, 0.36900	, 271	, 5	,			, 	,	,	,	,
		, 7	, 0.03860	, 2591	, 1	,			, 7	, 0.06680	, 1497	, 5	,			, 7	, 0.36900	, 271	, 5	,			, 	,	,	,	,
		, 7	, 0.03864	, 2588	, 1	,			, 7	, 0.06684	, 1496	, 5	,			, 7	, 0.36900	, 271	, 5	,			, 	,	,	,	,
		, 7	, 0.03865	, 2587	, 1	,			, 7	, 0.06689	, 1495	, 5	,			, 7	, 0.36900	, 271	, 5	,			, 	,	,	,	,
		, 7	, 0.03873	, 2582	, 1	,			, 7	, 0.06693	, 1494	, 5	,			, 7	, 0.36900	, 271	, 5	,			, 	,	,	,	,
		, 7	, 0.03874	, 2581	, 1	,			, 7	, 0.06693	, 1494	, 5	,			, 7	, 0.36900	, 271	, 5	,			, 	,	,	,	,
		, 7	, 0.03874	, 2581	, 1	,			, 7	, 0.06693	, 1494	, 5	,			, 7	, 0.36900	, 271	, 5	,			, 	,	,	,	,
		, 7	, 0.03876	, 2580	, 1	,			, 7	, 0.06693	, 1494	, 5	,			, 7	, 0.36900	, 271	, 5	,			, 	,	,	,	,
		, 7	, 0.03893	, 2569	, 1	,			, 7	, 0.06698	, 1493	, 5	,			, 7	, 0.36900	, 271	, 5	,			, 	,	,	,	,
		, 7	, 0.03894	, 2568	, 1	,			, 7	, 0.06702	, 1492	, 5	,			, 7	, 0.36900	, 271	, 5	,			, 	,	,	,	,
		, 7	, 0.03897	, 2566	, 1	,			, 7	, 0.06702	, 1492	, 5	,			, 7	, 0.36900	, 271	, 5	,			, 	,	,	,	,
		, 7	, 0.03900	, 2564	, 1	,			, 7	, 0.06702	, 1492	, 5	,			, 7	, 0.37037	, 270	, 5	,			, 	,	,	,	,
		, 7	, 0.03902	, 2563	, 1	,			, 7	, 0.06707	, 1491	, 5	,			, 7	, 0.37037	, 270	, 5	,			, 	,	,	,	,
		, 7	, 0.03918	, 2552	, 1	,			, 7	, 0.06707	, 1491	, 5	,			, 7	, 0.37037	, 270	, 5	,			, 	,	,	,	,
		, 7	, 0.03928	, 2546	, 1	,			, 7	, 0.06716	, 1489	, 5	,			, 7	, 0.37037	, 270	, 5	,			, 	,	,	,	,
		, 7	, 0.03929	, 2545	, 1	,			, 7	, 0.06716	, 1489	, 5	,			, 7	, 0.37037	, 270	, 5	,			, 	,	,	,	,
		, 7	, 0.03929	, 2545	, 1	,			, 7	, 0.06720	, 1488	, 5	,			, 7	, 0.37037	, 270	, 5	,			, 	,	,	,	,
		, 7	, 0.03931	, 2544	, 1	,			, 7	, 0.06725	, 1487	, 5	,			, 7	, 0.37037	, 270	, 5	,			, 	,	,	,	,
		, 7	, 0.03932	, 2543	, 1	,			, 7	, 0.06878	, 1454	, 4	,			, 7	, 0.37037	, 270	, 5	,			, 	,	,	,	,
		, 7	, 0.03951	, 2531	, 1	,			, 7	, 0.09852	, 1015	, 12	,			, 7	, 0.61728	, 162	, 12	,			, 	,	,	,	,
		, 8	, 0.04163	, 2402	, 2	,			, 8	, 0.06798	, 1471	, 3	,			, 8	, 0.25381	, 394	, 3	,			, 	,	,	,	,
		, 8	, 0.04182	, 2391	, 2	,			, 8	, 0.07380	, 1355	, 5	,			, 8	, 0.38314	, 261	, 5	,			, 	,	,	,	,
		, 8	, 0.04193	, 2385	, 1	,			, 8	, 0.07386	, 1354	, 5	,			, 8	, 0.38461	, 260	, 5	,			, 	,	,	,	,
		, 8	, 0.04195	, 2384	, 1	,			, 8	, 0.08292	, 1206	, 5	,			, 8	, 0.44643	, 224	, 5	,			, 	,	,	,	,
		, 8	, 0.04211	, 2375	, 1	,			, 8	, 0.08299	, 1205	, 5	,			, 8	, 0.44643	, 224	, 5	,			, 	,	,	,	,
		, 9	, 0.04365	, 2291	, 2	,			, 9	, 0.05774	, 1732	, 1	,			, 9	, 0.18018	, 555	, 1	,			, 	,	,	,	,
		, 9	, 0.04378	, 2284	, 1	,			, 9	, 0.05787	, 1728	, 1	,			, 9	, 0.18315	, 546	, 1	,			, 	,	,	,	,
		, 9	, 0.04423	, 2261	, 0	,			, 9	, 0.06053	, 1652	, 1	,			, 9	, 0.18315	, 546	, 1	,			, 	,	,	,	,
		, 9	, 0.04444	, 2250	, 0	,			, 9	, 0.06105	, 1638	, 3	,			, 9	, 0.25707	, 389	, 3	,			, 	,	,	,	,
		, 9	, 0.04468	, 2238	, 0	,			, 9	, 0.08772	, 1140	, 5	,			, 9	, 0.40161	, 249	, 5	,			, 	,	,	,	,
		, 9	, 0.04566	, 2190	, 2	,			, 9	, 0.09862	, 1014	, 9	,			, 9	, 0.54945	, 182	, 8	,			, 	,	,	,	,
		, 9	, 0.04581	, 2183	, 2	,			, 9	, 0.10893	, 918	, 8	,			, 9	, 0.57143	, 175	, 9	,			, 	,	,	,	,
		, 10	, 0.04388	, 2279	, 1	,			, 10	, 0.05848	, 1710	, 1	,			, 10	, 0.14006	, 714	, 1	,			, 	,	,	,	,
		, 10	, 0.04405	, 2270	, 1	,			, 10	, 0.05875	, 1702	, 3	,			, 10	, 0.22936	, 436	, 3	,			, 	,	,	,	,
		, 10	, 0.04615	, 2167	, 2	,			, 10	, 0.06789	, 1473	, 2	,			, 10	, 0.25445	, 393	, 2	,			, 	,	,	,	,
		, 10	, 0.04730	, 2114	, 2	,			, 10	, 0.08666	, 1154	, 4	,			, 10	, 0.37736	, 265	, 4	,			, 	,	,	,	,
		, 10	, 0.04792	, 2087	, 0	,			, 10	, 0.09794	, 1021	, 5	,			, 10	, 0.41494	, 241	, 5	,			, 	,	,	,	,
		, 10	, 0.04871	, 2053	, 0	,			, 10	, 0.09794	, 1021	, 5	,			, 10	, 0.41494	, 241	, 5	,			, 	,	,	,	,
		, 10	, 0.04871	, 2053	, 3	,			, 10	, 0.09960	, 1004	, 6	,			, 10	, 0.47619	, 210	, 6	,			, 	,	,	,	,
		, 10	, 0.04878	, 2050	, 2	,			, 10	, 0.10071	, 993	, 9	,			, 10	, 0.56497	, 177	, 9	,			, 	,	,	,	,
		, 10	, 0.04880	, 2049	, 2	,			, 10	, 0.14245	, 702	, 9	,			, 10	, 0.57143	, 175	, 9	,			, 	,	,	,	,
		, 10	, 0.04985	, 2006	, 2	,			, 10	, 0.17889	, 559	, 23	,			, 10	, 1.06316	, 95	, 23	,			, 	,	,	,	,
		, 11	, 0.05203	, 1922	, 2	,			, 11	, 0.10823	, 924	, 5	,			, 11	, 0.42553	, 235	, 5	,			, 	,	,	,	,
		, 11	, 0.05222	, 1915	, 2	,			, 11	, 0.10823	, 924	, 5	,			, 11	, 0.42553	, 235	, 5	,			, 	,	,	,	,
		, 14	, 0.05869	, 1704	, 0	,			, 14	, 0.08945	, 1118	, 1	,			, 14	, 0.23810	, 420	, 1	,			, 	,	,	,	,
		, 15	, 0.06250	, 1600	, 2	,			, 15	, 0.20121	, 497	, 14	,			, 15	, 0.52083	, 192	, 7	,			, 	,	,	,	,
		, 15	, 0.06262	, 1597	, 2	,			, 15	, 0.20121	, 497	, 14	,			, 15	, 0.88496	, 113	, 14	,			, 	,	,	,	,
		, 15	, 0.06270	, 1595	, 2	,			, 15	, 0.20121	, 497	, 14	,			, 15	, 0.88496	, 113	, 14	,			, 	,	,	,	,
		, 15	, 0.06293	, 1589	, 1	,			, 15	, 0.21692	, 461	, 7	,			, 15	, 0.88496	, 113	, 14	,			, 	,	,	,	,
		, 34	, 0.12438	, 804	, 4	,			, 34	, 0.81301	, 123	, 27	,			, 34	, 1.78571	, 56	, 27	,			, 	,	,	,	,
		, 42	, 0.15152	, 660	, 6	,			, 42	, 1.26582	, 79	, 43	,			, 42	, 2.75676	, 37	, 43	,			, 	,	,	,	,
		, 48	, 0.17513	, 571	, 14	,			, 48	, 2.48780	, 41	, 70	,			, 48	, 4.08000	, 25	, 70	,			, 	,	,	,	,
		, 137	, 0.48544	, 206	, 0	,			, 137	, 8.83333	, 12	, 84	,			, 137	, 9.45455	, 11	, 84	,			, 	,	,	,	,
			
			
 fft		, 2	, 0.02129	, 4696	, 0	,	 fft		, 2	, 0.02657	, 3763	, 1	,	 fft		, 2	, 0.05441	, 1838	, 0	,	 fft		,	,	,	,	,
		, 3	, 0.02387	, 4189	, 1	,			, 3	, 0.03366	, 2971	, 1	,			, 3	, 0.10638	, 940	, 1	,			, 	,	,	,	,
		, 3	, 0.02399	, 4169	, 1	,			, 3	, 0.03367	, 2970	, 1	,			, 3	, 0.10695	, 935	, 1	,			, 	,	,	,	,
		, 3	, 0.02431	, 4113	, 1	,			, 3	, 0.03376	, 2962	, 3	,			, 3	, 0.19531	, 512	, 3	,			, 	,	,	,	,
		, 3	, 0.02434	, 4108	, 1	,			, 3	, 0.03390	, 2950	, 3	,			, 3	, 0.19531	, 512	, 3	,			, 	,	,	,	,
		, 3	, 0.02447	, 4086	, 1	,			, 3	, 0.03392	, 2948	, 3	,			, 3	, 0.19570	, 511	, 3	,			, 	,	,	,	,
		, 3	, 0.02456	, 4071	, 0	,			, 3	, 0.03401	, 2940	, 3	,			, 3	, 0.19570	, 511	, 3	,			, 	,	,	,	,
		, 3	, 0.02462	, 4062	, 0	,			, 3	, 0.03408	, 2934	, 3	,			, 3	, 0.19570	, 511	, 3	,			, 	,	,	,	,
		, 3	, 0.02462	, 4062	, 1	,			, 3	, 0.03411	, 2932	, 3	,			, 3	, 0.19685	, 508	, 3	,			, 	,	,	,	,
		, 4	, 0.02930	, 3413	, 1	,			, 4	, 0.04558	, 2194	, 4	,			, 4	, 0.26954	, 371	, 4	,			, 	,	,	,	,
		, 5	, 0.02996	, 3338	, 1	,			, 5	, 0.03926	, 2547	, 1	,			, 5	, 0.13351	, 749	, 1	,			, 	,	,	,	,
		, 5	, 0.03024	, 3307	, 1	,			, 5	, 0.05675	, 1762	, 6	,			, 5	, 0.33557	, 298	, 6	,			, 	,	,	,	,
		, 5	, 0.03090	, 3236	, 2	,			, 5	, 0.05701	, 1754	, 4	,			, 5	, 0.33670	, 297	, 6	,			, 	,	,	,	,
		, 5	, 0.03135	, 3190	, 2	,			, 5	, 0.06398	, 1563	, 9	,			, 5	, 0.35336	, 283	, 4	,			, 	,	,	,	,
		, 5	, 0.03155	, 3170	, 0	,			, 5	, 0.06485	, 1542	, 6	,			, 5	, 0.47619	, 210	, 6	,			, 	,	,	,	,
		, 5	, 0.03160	, 3165	, 1	,			, 5	, 0.06515	, 1535	, 6	,			, 5	, 0.65790	, 152	, 9	,			, 	,	,	,	,
		, 6	, 0.03564	, 2806	, 1	,			, 6	, 0.06949	, 1439	, 5	,			, 6	, 0.54645	, 183	, 5	,			, 	,	,	,	,
		, 6	, 0.03589	, 2786	, 1	,			, 6	, 0.06954	, 1438	, 5	,			, 6	, 0.54645	, 183	, 5	,			, 	,	,	,	,
		, 7	, 0.03662	, 2731	, 1	,			, 7	, 0.05507	, 1816	, 2	,			, 7	, 0.21552	, 464	, 2	,			, 	,	,	,	,
		, 7	, 0.03808	, 2626	, 3	,			, 7	, 0.05577	, 1793	, 2	,			, 7	, 0.21552	, 464	, 2	,			, 	,	,	,	,
		, 7	, 0.03810	, 2625	, 2	,			, 7	, 0.09017	, 1109	, 9	,			, 7	, 0.64935	, 154	, 13	,			, 	,	,	,	,
		, 7	, 0.03824	, 2615	, 0	,			, 7	, 0.10163	, 984	, 13	,			, 7	, 0.73529	, 136	, 17	,			, 	,	,	,	,
		, 7	, 0.03876	, 2580	, 0	,			, 7	, 0.13605	, 735	, 17	,			, 7	, 0.94340	, 106	, 9	,			, 	,	,	,	,
		, 8	, 0.04083	, 2449	, 3	,			, 8	, 0.06689	, 1495	, 4	,			, 8	, 0.35461	, 282	, 4	,			, 	,	,	,	,
		, 8	, 0.04122	, 2426	, 2	,			, 8	, 0.08396	, 1191	, 5	,			, 8	, 0.43860	, 228	, 5	,			, 	,	,	,	,
		, 8	, 0.04139	, 2416	, 1	,			, 8	, 0.08403	, 1190	, 5	,			, 8	, 0.43860	, 228	, 5	,			, 	,	,	,	,
		, 8	, 0.04163	, 2402	, 1	,			, 8	, 0.09074	, 1102	, 7	,			, 8	, 0.52356	, 191	, 7	,			, 	,	,	,	,
		, 8	, 0.04174	, 2396	, 0	,			, 8	, 0.09116	, 1097	, 7	,			, 8	, 0.52356	, 191	, 7	,			, 	,	,	,	,
		, 8	, 0.04200	, 2381	, 2	,			, 8	, 0.10214	, 979	, 7	,			, 8	, 0.52356	, 191	, 7	,			, 	,	,	,	,
		, 9	, 0.04283	, 2335	, 2	,			, 9	, 0.21834	, 458	, 20	,			, 9	, 0.90090	, 111	, 20	,			, 	,	,	,	,
		, 11	, 0.05040	, 1984	, 3	,			, 11	, 0.12837	, 779	, 6	,			, 11	, 0.56180	, 178	, 6	,			, 	,	,	,	,
		, 12	, 0.05379	, 1859	, 4	,			, 12	, 0.15873	, 630	, 12	,			, 12	, 0.88496	, 113	, 12	,			, 	,	,	,	,
		, 12	, 0.05473	, 1827	, 2	,			, 12	, 0.22173	, 451	, 14	,			, 12	, 0.95238	, 105	, 19	,			, 	,	,	,	,
		, 12	, 0.05605	, 1784	, 3	,			, 12	, 0.22173	, 451	, 14	,			, 12	, 1.17647	, 85	, 14	,			, 	,	,	,	,
		, 12	, 0.05609	, 1783	, 3	,			, 12	, 0.26110	, 383	, 19	,			, 12	, 1.18824	, 85	, 14	,			, 	,	,	,	,
		, 13	, 0.05438	, 1839	, 1	,			, 13	, 0.80645	, 124	, 108	,			, 13	, 4.72727	, 22	, 108	,			, 	,	,	,	,
		, 14	, 0.06116	, 1635	, 4	,			, 14	, 0.22472	, 445	, 15	,			, 14	, 1.02041	, 98	, 15	,			, 	,	,	,	,
		, 15	, 0.06277	, 1593	, 3	,			, 15	, 0.30675	, 326	, 20	,			, 15	, 1.34667	, 75	, 20	,			, 	,	,	,	,
		, 16	, 0.06238	, 1603	, 1	,			, 16	, 0.12300	, 813	, 7	,			, 16	, 0.57143	, 175	, 7	,			, 	,	,	,	,
		, 16	, 0.06246	, 1601	, 1	,			, 16	, 0.12392	, 807	, 7	,			, 16	, 0.57471	, 174	, 7	,			, 	,	,	,	,
		, 19	, 0.07782	, 1285	, 5	,			, 19	, 0.69930	, 143	, 29	,			, 19	, 1.75439	, 57	, 29	,			, 	,	,	,	,
		, 38	, 0.13587	, 736	, 7	,			, 38	, 1.83636	, 55	, 42	,			, 38	, 7.13333	, 15	, 42	,			, 	,	,	,	,
		, 52	, 0.18248	, 548	, 10	,			, 52	, 3.92308	, 26	, 61	,			, 52	, 9.72727	, 11	, 61	,			, 	,	,	,	,
			
			
 md5		, 2	, 0.02084	, 4799	, 1	,	 md5		, 2	, 0.02688	, 3720	, 1	,	 md5		, 2	, 0.09881	, 1012	, 1	,	 md5		,	,	,	,	,
		, 3	, 0.02456	, 4071	, 0	,			, 3	, 0.03050	, 3279	, 1	,			, 3	, 0.11481	, 871	, 1	,			, 	,	,	,	,
		, 3	, 0.02470	, 4049	, 1	,			, 3	, 0.03411	, 2932	, 3	,			, 3	, 0.19531	, 512	, 3	,			, 	,	,	,	,
		, 3	, 0.02475	, 4041	, 1	,			, 3	, 0.03421	, 2923	, 3	,			, 3	, 0.19570	, 511	, 3	,			, 	,	,	,	,
		, 4	, 0.02687	, 3722	, 1	,			, 4	, 0.03716	, 2691	, 3	,			, 4	, 0.20080	, 498	, 3	,			, 	,	,	,	,
		, 4	, 0.02691	, 3716	, 1	,			, 4	, 0.03849	, 2598	, 3	,			, 4	, 0.20121	, 497	, 3	,			, 	,	,	,	,
		, 4	, 0.02776	, 3602	, 1	,			, 4	, 0.04513	, 2216	, 6	,			, 4	, 0.32051	, 312	, 6	,			, 	,	,	,	,
		, 5	, 0.03014	, 3318	, 1	,			, 5	, 0.04869	, 2054	, 3	,			, 5	, 0.23095	, 433	, 3	,			, 	,	,	,	,
		, 5	, 0.03018	, 3314	, 1	,			, 5	, 0.04890	, 2045	, 3	,			, 5	, 0.23419	, 427	, 3	,			, 	,	,	,	,
		, 6	, 0.03298	, 3032	, 1	,			, 6	, 0.10020	, 998	, 17	,			, 6	, 0.72464	, 138	, 17	,			, 	,	,	,	,
		, 7	, 0.03702	, 2701	, 2	,			, 7	, 0.07107	, 1407	, 6	,			, 7	, 0.38168	, 262	, 6	,			, 	,	,	,	,
		, 7	, 0.03784	, 2643	, 2	,			, 7	, 0.09506	, 1052	, 9	,			, 7	, 0.90909	, 110	, 13	,			, 	,	,	,	,
		, 7	, 0.03911	, 2557	, 3	,			, 7	, 0.10672	, 937	, 13	,			, 7	, 0.94340	, 106	, 9	,			, 	,	,	,	,
		, 10	, 0.04794	, 2086	, 1	,			, 10	, 0.10526	, 950	, 9	,			, 10	, 0.58139	, 172	, 9	,			, 	,	,	,	,
		, 10	, 0.04794	, 2086	, 1	,			, 10	, 0.10893	, 918	, 12	,			, 10	, 0.65790	, 152	, 12	,			, 	,	,	,	,
		, 10	, 0.04943	, 2023	, 1	,			, 10	, 0.12970	, 771	, 12	,			, 10	, 0.65790	, 152	, 12	,			, 	,	,	,	,
		, 11	, 0.05023	, 1991	, 2	,			, 11	, 0.27027	, 370	, 21	,			, 11	, 0.99010	, 101	, 21	,			, 	,	,	,	,
		, 12	, 0.05559	, 1799	, 2	,			, 12	, 0.15060	, 664	, 13	,			, 12	, 0.70922	, 141	, 10	,			, 	,	,	,	,
		, 12	, 0.05602	, 1785	, 3	,			, 12	, 0.19231	, 520	, 10	,			, 12	, 0.73529	, 136	, 13	,			, 	,	,	,	,
		, 12	, 0.05647	, 1771	, 3	,			, 12	, 0.20790	, 481	, 17	,			, 12	, 1.02041	, 98	, 17	,			, 	,	,	,	,
		, 13	, 0.05692	, 1757	, 2	,			, 13	, 0.21142	, 473	, 10	,			, 13	, 0.72464	, 138	, 10	,			, 	,	,	,	,
		, 13	, 0.05893	, 1697	, 2	,			, 13	, 0.39526	, 253	, 30	,			, 13	, 1.33333	, 75	, 30	,			, 	,	,	,	,
		, 15	, 0.06489	, 1541	, 4	,			, 15	, 0.39841	, 251	, 27	,			, 15	, 1.66667	, 60	, 27	,			, 	,	,	,	,
		, 17	, 0.07158	, 1397	, 2	,			, 17	, 0.37879	, 264	, 19	,			, 17	, 1.14943	, 87	, 19	,			, 	,	,	,	,
		, 19	, 0.07949	, 1258	, 3	,			, 19	, 0.68493	, 146	, 36	,			, 19	, 2.75676	, 37	, 36	,	
		, 20	, 0.08183	, 1222	, 3	,			, 20	, 0.90909	, 110	, 66	,			, 20	, 5.83333	, 18	, 66	,	
		, 21	, 0.08084	, 1237	, 5	,			, 21	, 0.84034	, 119	, 48	,			, 21	, 2.40476	, 42	, 48	,	 sha		,	,	,	,	,
		, 27	, 0.10152	, 985	, 6	,			, 27	, 0.90090	, 111	, 51	,			, 27	, 2.55000	, 40	, 51	,			, 	,	,	,	,
		, 37	, 0.13405	, 746	, 6	,			, 37	, 1.63934	, 61	, 72	,			, 37	, 3.88462	, 26	, 72	,			, 	,	,	,	,
		, 39	, 0.13441	, 744	, 8	,			, 39	, 7.64286	, 14	, 187	,			, 39	, 12.75000	, 8	, 187	,			, 	,	,	,	,
		, 55	, 0.19493	, 513	, 9	,			, 55	, 3.40000	, 30	, 99	,			, 55	, 9.27273	, 11	, 99	,			, 	,	,	,	,
		, 87	, 0.29240	, 342	, 21	,			, 87	, 10.50000	, 10	, 183	,			, 87	, 16.42860	, 7	, 183	,			, 	,	,	,	,
		, 959	, 2.97059	, 34	, 81	,			, 959	, 5848.00000	, 1	, 5070	,			, 959	, 40392.00000	, 1	, 5070	,			, 	,	,	,	,
					, 	,	,	,	,
					, 	,	,	,	,
 sha		, 3	, 0.02424	, 4125	, 0	,	 sha		, 3	, 0.02996	, 3338	, 0	,	 sha		, 3	, 0.04936	, 2026	, 0	,			, 	,	,	,	,
		, 6	, 0.03300	, 3030	, 0	,			, 6	, 0.04329	, 2310	, 1	,			, 6	, 0.14347	, 697	, 1	,			, 	,	,	,	,
		, 7	, 0.03731	, 2680	, 2	,			, 7	, 0.10616	, 942	, 13	,			, 7	, 0.91743	, 109	, 13	,			, 	,	,	,	,
		, 8	, 0.04078	, 2452	, 2	,			, 8	, 0.07072	, 1414	, 4	,			, 8	, 0.38461	, 260	, 4	,			, 	,	,	,	,
		, 8	, 0.04142	, 2414	, 2	,			, 8	, 0.07148	, 1399	, 6	,			, 8	, 0.50505	, 198	, 6	,			, 	,	,	,	,
		, 8	, 0.04314	, 2318	, 1	,			, 8	, 0.08921	, 1121	, 9	,			, 8	, 0.55556	, 180	, 9	,			, 	,	,	,	,
		, 9	, 0.04548	, 2199	, 0	,			, 9	, 0.06297	, 1588	, 3	,			, 9	, 0.30030	, 333	, 3	,			, 	,	,	,	,
		, 10	, 0.04843	, 2065	, 1	,			, 10	, 0.09407	, 1063	, 6	,			, 10	, 0.47619	, 210	, 6	,			, 	,	,	,	,
		, 10	, 0.04907	, 2038	, 2	,			, 10	, 0.11710	, 854	, 6	,			, 10	, 0.47847	, 209	, 6	,			, 	,	,	,	,
		, 10	, 0.04997	, 2001	, 1	,			, 10	, 0.11765	, 850	, 6	,			, 10	, 0.48077	, 208	, 6	,			, 	,	,	,	,
		, 10	, 0.05079	, 1969	, 1	,			, 10	, 0.13405	, 746	, 8	,			, 10	, 0.53476	, 187	, 8	,			, 	,	,	,	,
		, 10	, 0.05000	, 2000	, 1	,			, 10	, 0.16026	, 624	, 13	,			, 10	, 0.82645	, 121	, 13	,			, 	,	,	,	,
		, 11	, 0.05043	, 1983	, 2	,			, 11	, 0.17921	, 558	, 12	,			, 11	, 0.70422	, 142	, 12	,			, 	,	,	,	,
		, 11	, 0.05126	, 1951	, 1	,			, 11	, 0.26810	, 373	, 21	,			, 11	, 0.99010	, 101	, 21	,			, 	,	,	,	,
		, 12	, 0.05531	, 1808	, 1	,			, 12	, 0.09560	, 1046	, 5	,			, 12	, 0.42194	, 237	, 5	,			, 	,	,	,	,
		, 15	, 0.06188	, 1616	, 2	,			, 15	, 0.27701	, 361	, 22	,			, 15	, 1.11111	, 90	, 22	,			, 	,	,	,	,
		, 16	, 0.06536	, 1530	, 0	,			, 16	, 0.11751	, 851	, 2	,			, 16	, 0.32362	, 309	, 2	,			, 	,	,	,	,
		, 19	, 0.07874	, 1270	, 4	,			, 19	, 0.36900	, 271	, 26	,			, 19	, 1.38889	, 72	, 26	,			, 	,	,	,	,
		, 24	, 0.08826	, 1133	, 6	,			, 24	, 0.46296	, 216	, 26	,			, 24	, 2.56410	, 39	, 26	,			, 	,	,	,	,
		, 24	, 0.08834	, 1132	, 6	,			, 24	, 0.46296	, 216	, 26	,			, 24	, 2.56410	, 39	, 26	,			, 	,	,	,	,
		, 24	, 0.08865	, 1128	, 6	,			, 24	, 0.46512	, 215	, 26	,			, 24	, 2.58974	, 39	, 26	,			, 	,	,	,	,
		, 24	, 0.08905	, 1123	, 6	,			, 24	, 0.46512	, 215	, 26	,			, 24	, 2.61538	, 39	, 26	,			, 	,	,	,	,
		, 24	, 0.09488	, 1054	, 6	,			, 24	, 0.76923	, 130	, 41	,			, 24	, 4.04000	, 25	, 41	,			, 	,	,	,	,
		, 25	, 0.09443	, 1059	, 0	,			, 25	, 0.26042	, 384	, 5	,			, 25	, 0.61728	, 162	, 5	,			, 	,	,	,	,
		, 26	, 0.09579	, 1044	, 5	,			, 26	, 0.86957	, 115	, 55	,			, 26	, 2.61538	, 39	, 55	,			, 	,	,	,	,
		, 29	, 0.10672	, 937	, 5	,			, 29	, 1.01010	, 99	, 56	,			, 29	, 2.80556	, 36	, 56	,			, 	,	,	,	,
		, 32	, 0.11547	, 866	, 8	,			, 32	, 1.56250	, 64	, 55	,			, 32	, 2.94118	, 34	, 55	,			, 	,	,	,	,
		, 33	, 0.11834	, 845	, 5	,			, 33	, 3.74074	, 27	, 120	,			, 33	, 6.31250	, 16	, 120	,			, 	,	,	,	,
		, 33	, 0.11947	, 837	, 5	,			, 33	, 3.74074	, 27	, 120	,			, 33	, 6.37500	, 16	, 120	,			, 	,	,	,	,
		, 34	, 0.12107	, 826	, 5	,			, 34	, 3.88462	, 26	, 115	,			, 34	, 6.66667	, 15	, 115	,			, 	,	,	,	,
		, 35	, 0.12500	, 800	, 5	,			, 35	, 4.04000	, 25	, 116	,			, 35	, 6.43750	, 16	, 116	,			, 	,	,	,	,
		, 41	, 0.14684	, 681	, 7	,			, 41	, 2.02000	, 50	, 74	,			, 41	, 4.12000	, 25	, 74	,			, 	,	,	,	,
		, 48	, 0.16778	, 596	, 9	,			, 48	, 2.77778	, 36	, 89	,			, 48	, 13.87500	, 8	, 89	,			, 	,	,	,	,
		, 53	, 0.18762	, 533	, 9	,			, 53	, 3.40000	, 30	, 96	,			, 53	, 5.26316	, 19	, 96	,			, 	,	,	,	,
		, 147	, 0.47393	, 211	, 33	,			, 147	, 24.00000	, 5	, 275	,			, 147	, 1951.00000	, 1	, 275	,	
			
			 sor		,	,	,	,	,
 sor		, 2	, 0.02054	, 4869	, 1	,	 sor		, 2	, 0.02703	, 3699	, 3	,	 sor		, 2	, 0.05473	, 1827	, 0	,			, 	,	,	,	,
		, 2	, 0.02110	, 4739	, 0	,			, 2	, 0.02704	, 3698	, 1	,			, 2	, 0.18248	, 548	, 3	,			, 	,	,	,	,
		, 3	, 0.02438	, 4101	, 1	,			, 3	, 0.03454	, 2895	, 1	,			, 3	, 0.10776	, 928	, 1	,			, 	,	,	,	,
		, 3	, 0.02442	, 4095	, 0	,			, 3	, 0.03454	, 2895	, 3	,			, 3	, 0.19608	, 510	, 3	,			, 	,	,	,	,
		, 4	, 0.02690	, 3717	, 1	,			, 4	, 0.03823	, 2616	, 3	,			, 4	, 0.20080	, 498	, 3	,			, 	,	,	,	,
		, 5	, 0.02928	, 3415	, 1	,			, 5	, 0.05790	, 1727	, 4	,			, 5	, 0.35336	, 283	, 4	,			, 	,	,	,	,
		, 5	, 0.02940	, 3401	, 1	,			, 5	, 0.05797	, 1725	, 6	,			, 5	, 0.47619	, 210	, 10	,			, 	,	,	,	,
		, 5	, 0.03120	, 3205	, 2	,			, 5	, 0.06618	, 1511	, 10	,			, 5	, 0.47619	, 210	, 10	,			, 	,	,	,	,
		, 5	, 0.03131	, 3194	, 2	,			, 5	, 0.06627	, 1509	, 10	,			, 5	, 0.47847	, 209	, 6	,			, 	,	,	,	,
		, 8	, 0.04184	, 2390	, 3	,			, 8	, 0.11161	, 896	, 9	,			, 8	, 0.54645	, 183	, 9	,			, 	,	,	,	,
		, 10	, 0.04552	, 2197	, 2	,			, 10	, 0.14006	, 714	, 20	,			, 10	, 0.71429	, 140	, 9	,			, 	,	,	,	,
		, 10	, 0.04764	, 2099	, 3	,			, 10	, 0.16155	, 619	, 17	,			, 10	, 0.96154	, 104	, 20	,			, 	,	,	,	,
		, 14	, 0.05688	, 1758	, 1	,			, 14	, 0.19802	, 505	, 13	,			, 14	, 0.93458	, 107	, 13	,			, 	,	,	,	,
		, 14	, 0.05928	, 1687	, 3	,			, 14	, 1.05263	, 95	, 149	,			, 14	, 6.37500	, 16	, 149	,			, 	,	,	,	,
		, 15	, 0.06154	, 1625	, 4	,			, 15	, 0.26954	, 371	, 19	,			, 15	, 0.98039	, 102	, 14	,			, 	,	,	,	,
		, 15	, 0.06325	, 1581	, 3	,			, 15	, 0.27472	, 364	, 14	,			, 15	, 1.21687	, 83	, 19	,			, 	,	,	,	,
		, 29	, 0.10449	, 957	, 3	,			, 29	, 1.40845	, 71	, 29	,			, 29	, 2.32558	, 43	, 29	,			, 	,	,	,	,
		, 29	, 0.10593	, 944	, 4	,			, 29	, 1.63934	, 61	, 49	,			, 29	, 3.12500	, 32	, 49	,	
			
			 whetstone		,	,	,	,	,
 whetstone		, 3	, 0.02309	, 4330	, 0	,	 whetstone		, 3	, 0.02940	, 3401	, 0	,	 whetstone		, 3	, 0.04859	, 2058	, 0	,			, 	,	,	,	,
		, 3	, 0.02323	, 4305	, 0	,			, 3	, 0.03013	, 3319	, 1	,			, 3	, 0.11377	, 879	, 1	,			, 	,	,	,	,
		, 3	, 0.02339	, 4275	, 0	,			, 3	, 0.03142	, 3183	, 1	,			, 3	, 0.11416	, 876	, 1	,			, 	,	,	,	,
		, 3	, 0.02379	, 4203	, 0	,			, 3	, 0.03357	, 2979	, 1	,			, 3	, 0.11468	, 872	, 1	,			, 	,	,	,	,
		, 4	, 0.02355	, 4246	, 0	,			, 4	, 0.02869	, 3485	, 0	,			, 4	, 0.03516	, 2844	, 0	,			, 	,	,	,	,
		, 4	, 0.02625	, 3809	, 1	,			, 4	, 0.03530	, 2833	, 0	,			, 4	, 0.05938	, 1684	, 0	,			, 	,	,	,	,
		, 4	, 0.02709	, 3692	, 0	,			, 4	, 0.03662	, 2731	, 1	,			, 4	, 0.12516	, 799	, 1	,			, 	,	,	,	,
		, 4	, 0.02804	, 3566	, 0	,			, 4	, 0.04114	, 2431	, 3	,			, 4	, 0.21008	, 476	, 3	,			, 	,	,	,	,
		, 5	, 0.02892	, 3458	, 1	,			, 5	, 0.04189	, 2387	, 3	,			, 5	, 0.11682	, 856	, 1	,			, 	,	,	,	,
		, 5	, 0.02987	, 3348	, 1	,			, 5	, 0.04394	, 2276	, 1	,			, 5	, 0.20450	, 489	, 3	,			, 	,	,	,	,
		, 5	, 0.03040	, 3290	, 1	,			, 5	, 0.04794	, 2086	, 3	,			, 5	, 0.22173	, 451	, 3	,			, 	,	,	,	,
		, 6	, 0.03351	, 2984	, 0	,			, 6	, 0.05249	, 1905	, 2	,			, 6	, 0.20661	, 484	, 2	,			, 	,	,	,	,
		, 6	, 0.03459	, 2891	, 1	,			, 6	, 0.05872	, 1703	, 4	,			, 6	, 0.28249	, 354	, 4	,			, 	,	,	,	,
		, 6	, 0.03524	, 2838	, 1	,			, 6	, 0.05879	, 1701	, 4	,			, 6	, 0.30303	, 330	, 4	,			, 	,	,	,	,
		, 7	, 0.03447	, 2901	, 1	,			, 7	, 0.05397	, 1853	, 3	,			, 7	, 0.21413	, 467	, 3	,			, 	,	,	,	,
		, 7	, 0.03664	, 2729	, 2	,			, 7	, 0.10204	, 980	, 9	,			, 7	, 0.50251	, 199	, 9	,			, 	,	,	,	,
		, 7	, 0.03666	, 2728	, 2	,			, 7	, 0.10225	, 978	, 9	,			, 7	, 0.50251	, 199	, 9	,			, 	,	,	,	,
		, 7	, 0.03694	, 2707	, 2	,			, 7	, 0.10225	, 978	, 9	,			, 7	, 0.50251	, 199	, 9	,			, 	,	,	,	,
		, 7	, 0.03704	, 2700	, 2	,			, 7	, 0.10428	, 959	, 9	,			, 7	, 0.50251	, 199	, 9	,			, 	,	,	,	,
		, 8	, 0.03949	, 2532	, 0	,			, 8	, 0.06414	, 1559	, 3	,			, 8	, 0.28985	, 345	, 3	,			, 	,	,	,	,
		, 8	, 0.04214	, 2373	, 0	,			, 8	, 0.06964	, 1436	, 4	,			, 8	, 0.36232	, 276	, 4	,			, 	,	,	,	,
		, 9	, 0.04277	, 2338	, 2	,			, 9	, 0.07924	, 1262	, 3	,			, 9	, 0.29851	, 335	, 3	,			, 	,	,	,	,
		, 9	, 0.04452	, 2246	, 0	,			, 9	, 0.12240	, 817	, 9	,			, 9	, 0.51020	, 196	, 9	,			, 	,	,	,	,
		, 10	, 0.04638	, 2156	, 3	,			, 10	, 0.09960	, 1004	, 6	,			, 10	, 0.47847	, 209	, 6	,			, 	,	,	,	,
		, 10	, 0.04904	, 2039	, 2	,			, 10	, 0.11099	, 901	, 6	,			, 10	, 0.53476	, 187	, 6	,			, 	,	,	,	,
		, 10	, 0.04909	, 2037	, 1	,			, 10	, 0.16129	, 620	, 12	,			, 10	, 0.73529	, 136	, 12	,			, 	,	,	,	,
		, 12	, 0.05222	, 1915	, 0	,			, 12	, 0.10515	, 951	, 4	,			, 12	, 0.39370	, 254	, 4	,			, 	,	,	,	,
		, 12	, 0.05522	, 1811	, 4	,			, 12	, 0.17123	, 584	, 13	,			, 12	, 0.80000	, 125	, 13	,			, 	,	,	,	,
		, 14	, 0.06061	, 1650	, 1	,			, 14	, 0.24570	, 407	, 16	,			, 14	, 1.26582	, 79	, 16	,			, 	,	,	,	,
		, 14	, 0.06188	, 1616	, 2	,			, 14	, 0.43290	, 231	, 17	,			, 14	, 1.26582	, 79	, 17	,			, 	,	,	,	,
		, 15	, 0.06231	, 1605	, 0	,			, 15	, 0.14347	, 697	, 5	,			, 15	, 0.48780	, 205	, 5	,			, 	,	,	,	,
		, 15	, 0.06553	, 1526	, 0	,			, 15	, 0.17953	, 557	, 7	,			, 15	, 0.60976	, 164	, 7	,			, 	,	,	,	,
		, 18	, 0.07519	, 1330	, 0	,			, 18	, 0.21368	, 468	, 9	,			, 18	, 0.76923	, 130	, 9	,			, 	,	,	,	,
		, 19	, 0.07616	, 1313	, 3	,			, 19	, 0.19646	, 509	, 9	,			, 19	, 0.76336	, 131	, 9	,			, 	,	,	,	,
		, 24	, 0.09756	, 1025	, 0	,			, 24	, 0.33333	, 300	, 12	,			, 24	, 1.03093	, 97	, 12	,			, 	,	,	,	,
		, 29	, 0.10650	, 939	, 6	,			, 29	, 1.96078	, 51	, 62	,			, 29	, 30.00000	, 4	, 62	,			, 	,	,	,	,
		, 31	, 0.11236	, 890	, 6	,			, 31	, 2.19565	, 46	, 65	,			, 31	, 30.50000	, 4	, 65	,			, 	,	,	,	,
		, 39	, 0.13661	, 732	, 6	,			, 39	, 2.02000	, 50	, 57	,			, 39	, 4.34783	, 23	, 57	,			, 	,	,	,	,
		, 39	, 0.14184	, 705	, 18	,			, 39	, 2.65789	, 38	, 42	,			, 39	, 5.83333	, 18	, 42	,	
