maxmiso	, size	, time	, it	, cand	,	singlecut	, size	, time	, it	, cand	,	union	, size	, time	, it	, cand	,	multicut	, size	, time	, it	, cand	,
			
			
 adpcm		, 3	, 0.02430	, 4115	, 1	,	 adpcm		, 3	, 0.03465	, 2886	, 3	,	 adpcm		, 3	, 0.19493	, 513	, 3	,	 adpcm		,	,	,	,	,
		, 3	, 0.02430	, 4115	, 1	,			, 3	, 0.03487	, 2868	, 3	,			, 3	, 0.19531	, 512	, 3	,			, 	,	,	,	,
		, 3	, 0.02432	, 4111	, 1	,			, 3	, 0.03492	, 2864	, 3	,			, 3	, 65.00000	, 1	, 3	,			, 	,	,	,	,
		, 4	, 0.02698	, 3707	, 0	,			, 4	, 0.03843	, 2602	, 1	,			, 4	, 0.12804	, 781	, 1	,			, 	,	,	,	,
		, 5	, 0.03000	, 3333	, 1	,			, 5	, 0.05048	, 1981	, 4	,			, 5	, 0.28409	, 352	, 4	,			, 	,	,	,	,
		, 5	, 0.03005	, 3328	, 1	,			, 5	, 0.06680	, 1497	, 6	,			, 5	, 0.33333	, 300	, 6	,			, 	,	,	,	,
		, 5	, 0.03009	, 3323	, 1	,			, 5	, 0.06698	, 1493	, 6	,			, 5	, 0.33445	, 299	, 6	,			, 	,	,	,	,
		, 5	, 0.03028	, 3302	, 1	,			, 5	, 0.06702	, 1492	, 6	,			, 5	, 0.33557	, 298	, 6	,			, 	,	,	,	,
		, 5	, 0.03031	, 3299	, 1	,			, 5	, 0.06711	, 1490	, 10	,			, 5	, 0.33670	, 297	, 6	,			, 	,	,	,	,
		, 5	, 0.03142	, 3183	, 1	,			, 5	, 0.06716	, 1489	, 6	,			, 5	, 0.47619	, 210	, 10	,			, 	,	,	,	,
		, 6	, 0.03286	, 3043	, 1	,			, 6	, 0.07062	, 1416	, 10	,			, 6	, 0.47847	, 209	, 10	,			, 	,	,	,	,
		, 6	, 0.03289	, 3040	, 1	,			, 6	, 0.07067	, 1415	, 10	,			, 6	, 0.48077	, 208	, 10	,			, 	,	,	,	,
		, 7	, 0.03751	, 2666	, 2	,			, 7	, 0.08375	, 1194	, 7	,			, 7	, 0.52356	, 191	, 7	,			, 	,	,	,	,
		, 7	, 0.03754	, 2664	, 2	,			, 7	, 0.08389	, 1192	, 7	,			, 7	, 0.52356	, 191	, 7	,			, 	,	,	,	,
		, 8	, 0.03940	, 2538	, 0	,			, 8	, 0.06983	, 1432	, 2	,			, 8	, 0.23202	, 431	, 2	,			, 	,	,	,	,
		, 8	, 0.03953	, 2530	, 0	,			, 8	, 0.06993	, 1430	, 2	,			, 8	, 0.23202	, 431	, 2	,			, 	,	,	,	,
		, 10	, 0.04717	, 2120	, 3	,			, 10	, 0.11223	, 891	, 7	,			, 10	, 0.53192	, 188	, 7	,			, 	,	,	,	,
		, 11	, 0.04699	, 2128	, 2	,			, 11	, 0.09058	, 1104	, 4	,			, 11	, 0.30303	, 330	, 4	,			, 	,	,	,	,
		, 11	, 0.04963	, 2015	, 2	,			, 11	, 0.27933	, 358	, 20	,			, 11	, 0.96154	, 104	, 20	,			, 	,	,	,	,
		, 11	, 0.05010	, 1996	, 2	,			, 11	, 0.28090	, 356	, 28	,			, 11	, 1.69492	, 59	, 28	,			, 	,	,	,	,
		, 11	, 0.05013	, 1995	, 2	,			, 11	, 0.28249	, 354	, 28	,			, 11	, 1.69492	, 59	, 28	,			, 	,	,	,	,
		, 12	, 0.04993	, 2003	, 2	,			, 12	, 0.10278	, 973	, 6	,			, 12	, 0.40161	, 249	, 6	,			, 	,	,	,	,
		, 12	, 0.05342	, 1872	, 3	,			, 12	, 0.13423	, 745	, 7	,			, 12	, 0.61728	, 162	, 7	,			, 	,	,	,	,
		, 12	, 0.05423	, 1844	, 1	,			, 12	, 0.16181	, 618	, 10	,			, 12	, 0.78125	, 128	, 10	,			, 	,	,	,	,
		, 14	, 0.05889	, 1698	, 3	,			, 14	, 0.17094	, 585	, 10	,			, 14	, 0.62112	, 161	, 8	,			, 	,	,	,	,
		, 14	, 0.05935	, 1685	, 3	,			, 14	, 0.17094	, 585	, 8	,			, 14	, 0.67114	, 149	, 8	,			, 	,	,	,	,
		, 14	, 0.06301	, 1587	, 1	,			, 14	, 0.20790	, 481	, 8	,			, 14	, 0.79365	, 126	, 10	,			, 	,	,	,	,
		, 17	, 0.07283	, 1373	, 1	,			, 17	, 0.22523	, 444	, 10	,			, 17	, 0.87719	, 114	, 10	,			, 	,	,	,	,
		, 18	, 0.07502	, 1333	, 4	,			, 18	, 0.34247	, 292	, 20	,			, 18	, 1.28205	, 78	, 20	,			, 	,	,	,	,
		, 18	, 0.07508	, 1332	, 4	,			, 18	, 0.34602	, 289	, 20	,			, 18	, 1.29487	, 78	, 20	,			, 	,	,	,	,
		, 20	, 0.08285	, 1207	, 3	,			, 20	, 0.42373	, 236	, 17	,			, 20	, 1.61290	, 62	, 17	,			, 	,	,	,	,
		, 21	, 0.08453	, 1183	, 1	,			, 21	, 0.72464	, 138	, 29	,			, 21	, 1.55385	, 65	, 29	,			, 	,	,	,	,
		, 31	, 0.11236	, 890	, 5	,			, 31	, 1.61290	, 62	, 89	,			, 31	, 7.64286	, 14	, 89	,			, 	,	,	,	,
		, 38	, 0.13141	, 761	, 6	,			, 38	, 3.12500	, 32	, 164	,			, 38	, 8.07692	, 13	, 164	,			, 	,	,	,	,
		, 38	, 0.13210	, 757	, 6	,			, 38	, 3.15625	, 32	, 164	,			, 38	, 8.15385	, 13	, 164	,			, 	,	,	,	,
		, 55	, 0.20161	, 496	, 14	,			, 55	, 6.66667	, 15	, 156	,			, 55	, 4497530.00000	, 1	, 156	,			, 	,	,	,	,
			
			
 aes		,	,	,	,	,	 aes		, 1	, 0.01684	, 5937	, 0	,	 aes		, 1	, 0.02008	, 4979	, 0	,	 aes		,	,	,	,	,
		, 	,	,	,	,			, 1	, 0.01691	, 5914	, 0	,			, 1	, 0.02019	, 4954	, 0	,			, 	,	,	,	,
		, 	,	,	,	,			, 1	, 0.01699	, 5885	, 0	,			, 1	, 0.02026	, 4936	, 0	,			, 	,	,	,	,
		, 	,	,	,	,			, 1	, 0.01700	, 5882	, 0	,			, 1	, 0.02028	, 4930	, 0	,			, 	,	,	,	,
		, 	,	,	,	,			, 3	, 0.02962	, 3376	, 1	,			, 3	, 0.04826	, 2072	, 0	,			, 	,	,	,	,
		, 	,	,	,	,			, 3	, 0.02966	, 3372	, 0	,			, 3	, 0.11351	, 881	, 1	,			, 	,	,	,	,
		, 	,	,	,	,			, 3	, 0.03370	, 2967	, 3	,			, 3	, 0.19493	, 513	, 3	,			, 	,	,	,	,
		, 	,	,	,	,			, 3	, 0.03372	, 2966	, 3	,			, 3	, 0.19531	, 512	, 3	,			, 	,	,	,	,
		, 	,	,	,	,			, 3	, 0.03385	, 2954	, 3	,			, 3	, 0.19531	, 512	, 3	,			, 	,	,	,	,
		, 	,	,	,	,			, 3	, 0.03386	, 2953	, 3	,			, 3	, 0.19531	, 512	, 3	,			, 	,	,	,	,
		, 	,	,	,	,			, 3	, 0.03391	, 2949	, 3	,			, 3	, 0.19570	, 511	, 3	,			, 	,	,	,	,
		, 	,	,	,	,			, 3	, 0.03392	, 2948	, 3	,			, 3	, 0.19570	, 511	, 3	,			, 	,	,	,	,
		, 	,	,	,	,			, 3	, 0.03392	, 2948	, 3	,			, 3	, 0.19570	, 511	, 3	,			, 	,	,	,	,
		, 	,	,	,	,			, 3	, 0.03393	, 2947	, 3	,			, 3	, 0.19570	, 511	, 3	,			, 	,	,	,	,
		, 	,	,	,	,			, 3	, 0.03398	, 2943	, 3	,			, 3	, 0.19570	, 511	, 3	,			, 	,	,	,	,
		, 	,	,	,	,			, 3	, 0.03418	, 2926	, 3	,			, 3	, 0.19608	, 510	, 3	,			, 	,	,	,	,
		, 	,	,	,	,			, 3	, 0.03432	, 2914	, 3	,			, 3	, 0.19608	, 510	, 3	,			, 	,	,	,	,
		, 	,	,	,	,			, 3	, 0.03498	, 2859	, 3	,			, 3	, 0.19608	, 510	, 3	,			, 	,	,	,	,
		, 	,	,	,	,			, 4	, 0.03413	, 2930	, 0	,			, 4	, 0.05794	, 1726	, 0	,			, 	,	,	,	,
		, 	,	,	,	,			, 4	, 0.03414	, 2929	, 0	,			, 4	, 0.05811	, 1721	, 0	,			, 	,	,	,	,
		, 	,	,	,	,			, 4	, 0.03427	, 2918	, 0	,			, 4	, 0.05817	, 1719	, 0	,			, 	,	,	,	,
		, 	,	,	,	,			, 4	, 0.03436	, 2910	, 0	,			, 4	, 0.05848	, 1710	, 0	,			, 	,	,	,	,
		, 	,	,	,	,			, 4	, 0.03439	, 2908	, 0	,			, 4	, 0.11779	, 849	, 0	,			, 	,	,	,	,
		, 	,	,	,	,			, 4	, 0.03449	, 2899	, 0	,			, 4	, 0.12739	, 785	, 1	,			, 	,	,	,	,
		, 	,	,	,	,			, 4	, 0.03719	, 2689	, 1	,			, 4	, 0.12755	, 784	, 1	,			, 	,	,	,	,
		, 	,	,	,	,			, 4	, 0.03733	, 2679	, 1	,			, 4	, 0.12755	, 784	, 1	,			, 	,	,	,	,
		, 	,	,	,	,			, 4	, 0.03743	, 2672	, 1	,			, 4	, 0.12755	, 784	, 1	,			, 	,	,	,	,
		, 	,	,	,	,			, 4	, 0.03747	, 2669	, 1	,			, 4	, 0.20921	, 478	, 3	,			, 	,	,	,	,
		, 	,	,	,	,			, 4	, 0.04888	, 2046	, 3	,			, 4	, 81.00000	, 1	, 0	,			, 	,	,	,	,
		, 	,	,	,	,			, 5	, 0.04120	, 2427	, 3	,			, 5	, 0.20534	, 487	, 3	,			, 	,	,	,	,
		, 	,	,	,	,			, 5	, 0.05666	, 1765	, 4	,			, 5	, 0.21882	, 457	, 3	,			, 	,	,	,	,
		, 	,	,	,	,			, 5	, 0.05669	, 1764	, 4	,			, 5	, 0.27397	, 365	, 4	,			, 	,	,	,	,
		, 	,	,	,	,			, 5	, 0.05889	, 1698	, 6	,			, 5	, 0.27472	, 364	, 4	,			, 	,	,	,	,
		, 	,	,	,	,			, 5	, 0.05959	, 1678	, 3	,			, 5	, 0.33333	, 300	, 6	,			, 	,	,	,	,
		, 	,	,	,	,			, 5	, 0.06494	, 1540	, 6	,			, 5	, 0.33445	, 299	, 6	,			, 	,	,	,	,
		, 	,	,	,	,			, 5	, 0.06494	, 1540	, 6	,			, 5	, 0.33445	, 299	, 6	,			, 	,	,	,	,
		, 	,	,	,	,			, 5	, 0.06498	, 1539	, 10	,			, 5	, 0.33445	, 299	, 6	,			, 	,	,	,	,
		, 	,	,	,	,			, 5	, 0.06502	, 1538	, 6	,			, 5	, 0.33445	, 299	, 6	,			, 	,	,	,	,
		, 	,	,	,	,			, 5	, 0.06502	, 1538	, 6	,			, 5	, 0.33445	, 299	, 6	,			, 	,	,	,	,
		, 	,	,	,	,			, 5	, 0.06519	, 1534	, 6	,			, 5	, 0.33557	, 298	, 6	,			, 	,	,	,	,
		, 	,	,	,	,			, 5	, 0.06519	, 1534	, 6	,			, 5	, 0.33557	, 298	, 6	,			, 	,	,	,	,
		, 	,	,	,	,			, 5	, 0.06527	, 1532	, 6	,			, 5	, 0.33557	, 298	, 6	,			, 	,	,	,	,
		, 	,	,	,	,			, 5	, 0.06575	, 1521	, 6	,			, 5	, 0.47619	, 210	, 10	,			, 	,	,	,	,
		, 	,	,	,	,			, 5	, 0.06575	, 1521	, 6	,			, 5	, 0.47847	, 209	, 6	,			, 	,	,	,	,
		, 	,	,	,	,			, 6	, 0.04562	, 2192	, 3	,			, 6	, 0.12063	, 829	, 1	,			, 	,	,	,	,
		, 	,	,	,	,			, 6	, 0.04684	, 2135	, 1	,			, 6	, 0.12092	, 827	, 1	,			, 	,	,	,	,
		, 	,	,	,	,			, 6	, 0.04690	, 2132	, 3	,			, 6	, 0.12107	, 826	, 1	,			, 	,	,	,	,
		, 	,	,	,	,			, 6	, 0.04693	, 2131	, 1	,			, 6	, 0.12136	, 824	, 1	,			, 	,	,	,	,
		, 	,	,	,	,			, 6	, 0.04697	, 2129	, 1	,			, 6	, 0.18727	, 534	, 2	,			, 	,	,	,	,
		, 	,	,	,	,			, 6	, 0.04824	, 2073	, 1	,			, 6	, 0.21053	, 475	, 3	,			, 	,	,	,	,
		, 	,	,	,	,			, 6	, 0.05411	, 1848	, 4	,			, 6	, 0.21186	, 472	, 3	,			, 	,	,	,	,
		, 	,	,	,	,			, 6	, 0.05414	, 1847	, 4	,			, 6	, 0.23256	, 430	, 3	,			, 	,	,	,	,
		, 	,	,	,	,			, 6	, 0.05461	, 1831	, 4	,			, 6	, 0.23256	, 430	, 3	,			, 	,	,	,	,
		, 	,	,	,	,			, 6	, 0.05513	, 1814	, 4	,			, 6	, 0.23256	, 430	, 3	,			, 	,	,	,	,
		, 	,	,	,	,			, 6	, 0.05565	, 1797	, 4	,			, 6	, 0.23256	, 430	, 3	,			, 	,	,	,	,
		, 	,	,	,	,			, 6	, 0.05609	, 1783	, 3	,			, 6	, 0.23310	, 429	, 3	,			, 	,	,	,	,
		, 	,	,	,	,			, 6	, 0.05612	, 1782	, 3	,			, 6	, 0.23364	, 428	, 3	,			, 	,	,	,	,
		, 	,	,	,	,			, 6	, 0.05615	, 1781	, 3	,			, 6	, 0.23364	, 428	, 3	,			, 	,	,	,	,
		, 	,	,	,	,			, 6	, 0.05621	, 1779	, 3	,			, 6	, 0.23364	, 428	, 3	,			, 	,	,	,	,
		, 	,	,	,	,			, 6	, 0.05634	, 1775	, 3	,			, 6	, 0.23419	, 427	, 3	,			, 	,	,	,	,
		, 	,	,	,	,			, 6	, 0.05637	, 1774	, 3	,			, 6	, 0.23419	, 427	, 3	,			, 	,	,	,	,
		, 	,	,	,	,			, 6	, 0.05640	, 1773	, 3	,			, 6	, 0.33223	, 301	, 4	,			, 	,	,	,	,
		, 	,	,	,	,			, 6	, 0.05650	, 1770	, 3	,			, 6	, 0.33223	, 301	, 4	,			, 	,	,	,	,
		, 	,	,	,	,			, 6	, 0.05650	, 1770	, 3	,			, 6	, 0.33223	, 301	, 4	,			, 	,	,	,	,
		, 	,	,	,	,			, 6	, 0.05695	, 1756	, 3	,			, 6	, 0.33223	, 301	, 4	,			, 	,	,	,	,
		, 	,	,	,	,			, 6	, 0.05807	, 1722	, 4	,			, 6	, 0.33223	, 301	, 4	,			, 	,	,	,	,
		, 	,	,	,	,			, 6	, 0.05967	, 1676	, 2	,			, 6	, 0.33333	, 300	, 4	,			, 	,	,	,	,
		, 	,	,	,	,			, 6	, 0.07062	, 1416	, 11	,			, 6	, 0.53763	, 186	, 11	,			, 	,	,	,	,
		, 	,	,	,	,			, 6	, 0.07062	, 1416	, 11	,			, 6	, 0.54054	, 185	, 11	,			, 	,	,	,	,
		, 	,	,	,	,			, 6	, 0.09804	, 1020	, 17	,			, 6	, 0.71942	, 139	, 17	,			, 	,	,	,	,
		, 	,	,	,	,			, 6	, 0.09804	, 1020	, 17	,			, 6	, 0.71942	, 139	, 17	,			, 	,	,	,	,
		, 	,	,	,	,			, 6	, 0.09814	, 1019	, 17	,			, 6	, 0.71942	, 139	, 17	,			, 	,	,	,	,
		, 	,	,	,	,			, 6	, 0.09814	, 1019	, 17	,			, 6	, 0.71942	, 139	, 17	,			, 	,	,	,	,
		, 	,	,	,	,			, 6	, 0.09823	, 1018	, 17	,			, 6	, 0.71942	, 139	, 17	,			, 	,	,	,	,
		, 	,	,	,	,			, 6	, 0.09823	, 1018	, 17	,			, 6	, 0.71942	, 139	, 17	,			, 	,	,	,	,
		, 	,	,	,	,			, 6	, 0.09823	, 1018	, 17	,			, 6	, 0.71942	, 139	, 17	,			, 	,	,	,	,
		, 	,	,	,	,			, 6	, 0.09833	, 1017	, 17	,			, 6	, 0.71942	, 139	, 17	,			, 	,	,	,	,
		, 	,	,	,	,			, 6	, 0.09833	, 1017	, 17	,			, 6	, 0.71942	, 139	, 17	,			, 	,	,	,	,
		, 	,	,	,	,			, 6	, 0.09852	, 1015	, 17	,			, 6	, 0.72464	, 138	, 17	,			, 	,	,	,	,
		, 	,	,	,	,			, 6	, 0.09852	, 1015	, 17	,			, 6	, 0.72464	, 138	, 17	,			, 	,	,	,	,
		, 	,	,	,	,			, 6	, 0.09852	, 1015	, 17	,			, 6	, 0.72464	, 138	, 17	,			, 	,	,	,	,
		, 	,	,	,	,			, 6	, 0.09862	, 1014	, 17	,			, 6	, 0.72464	, 138	, 17	,			, 	,	,	,	,
		, 	,	,	,	,			, 6	, 0.09862	, 1014	, 17	,			, 6	, 0.72464	, 138	, 17	,			, 	,	,	,	,
		, 	,	,	,	,			, 7	, 0.07241	, 1381	, 10	,			, 7	, 0.42918	, 233	, 5	,			, 	,	,	,	,
		, 	,	,	,	,			, 7	, 0.08636	, 1158	, 5	,			, 7	, 0.42918	, 233	, 5	,			, 	,	,	,	,
		, 	,	,	,	,			, 7	, 0.08636	, 1158	, 5	,			, 7	, 0.48780	, 205	, 10	,			, 	,	,	,	,
		, 	,	,	,	,			, 7	, 0.10142	, 986	, 13	,			, 7	, 0.64516	, 155	, 13	,			, 	,	,	,	,
		, 	,	,	,	,			, 7	, 0.10152	, 985	, 13	,			, 7	, 0.64516	, 155	, 13	,			, 	,	,	,	,
		, 	,	,	,	,			, 7	, 0.10152	, 985	, 13	,			, 7	, 0.64516	, 155	, 13	,			, 	,	,	,	,
		, 	,	,	,	,			, 7	, 0.10163	, 984	, 13	,			, 7	, 0.64516	, 155	, 13	,			, 	,	,	,	,
		, 	,	,	,	,			, 7	, 0.11751	, 851	, 15	,			, 7	, 0.66667	, 150	, 15	,			, 	,	,	,	,
		, 	,	,	,	,			, 7	, 0.11779	, 849	, 15	,			, 7	, 0.67114	, 149	, 15	,			, 	,	,	,	,
		, 	,	,	,	,			, 7	, 0.11820	, 846	, 15	,			, 7	, 0.67114	, 149	, 15	,			, 	,	,	,	,
		, 	,	,	,	,			, 7	, 0.11820	, 846	, 15	,			, 7	, 0.67568	, 148	, 15	,			, 	,	,	,	,
		, 	,	,	,	,			, 8	, 0.07758	, 1289	, 10	,			, 8	, 0.34722	, 288	, 6	,			, 	,	,	,	,
		, 	,	,	,	,			, 8	, 0.07764	, 1288	, 10	,			, 8	, 0.34722	, 288	, 6	,			, 	,	,	,	,
		, 	,	,	,	,			, 8	, 0.07788	, 1284	, 10	,			, 8	, 0.34843	, 287	, 6	,			, 	,	,	,	,
		, 	,	,	,	,			, 8	, 0.07794	, 1283	, 10	,			, 8	, 0.49261	, 203	, 10	,			, 	,	,	,	,
		, 	,	,	,	,			, 8	, 0.07837	, 1276	, 10	,			, 8	, 0.49261	, 203	, 10	,			, 	,	,	,	,
		, 	,	,	,	,			, 8	, 0.07855	, 1273	, 10	,			, 8	, 0.49505	, 202	, 10	,			, 	,	,	,	,
		, 	,	,	,	,			, 8	, 0.07918	, 1263	, 6	,			, 8	, 0.49505	, 202	, 10	,			, 	,	,	,	,
		, 	,	,	,	,			, 8	, 0.07937	, 1260	, 6	,			, 8	, 0.49505	, 202	, 10	,			, 	,	,	,	,
		, 	,	,	,	,			, 8	, 0.07949	, 1258	, 6	,			, 8	, 0.49751	, 201	, 10	,			, 	,	,	,	,
		, 	,	,	,	,			, 8	, 0.12658	, 790	, 11	,			, 8	, 0.56818	, 176	, 11	,			, 	,	,	,	,
		, 	,	,	,	,			, 8	, 0.12771	, 783	, 14	,			, 8	, 0.78740	, 127	, 14	,			, 	,	,	,	,
		, 	,	,	,	,			, 8	, 0.20408	, 490	, 28	,			, 8	, 1.12360	, 89	, 28	,			, 	,	,	,	,
		, 	,	,	,	,			, 9	, 0.07519	, 1330	, 5	,			, 9	, 0.38314	, 261	, 5	,			, 	,	,	,	,
		, 	,	,	,	,			, 9	, 0.07524	, 1329	, 5	,			, 9	, 0.38314	, 261	, 5	,			, 	,	,	,	,
		, 	,	,	,	,			, 9	, 0.07610	, 1314	, 5	,			, 9	, 0.38461	, 260	, 5	,			, 	,	,	,	,
		, 	,	,	,	,			, 9	, 0.19608	, 510	, 25	,			, 9	, 1.04167	, 96	, 25	,			, 	,	,	,	,
		, 	,	,	,	,			, 10	, 0.10776	, 928	, 5	,			, 10	, 0.41494	, 241	, 5	,			, 	,	,	,	,
		, 	,	,	,	,			, 10	, 0.10811	, 925	, 5	,			, 10	, 0.41494	, 241	, 5	,			, 	,	,	,	,
		, 	,	,	,	,			, 10	, 0.12180	, 821	, 8	,			, 10	, 0.49751	, 201	, 8	,			, 	,	,	,	,
		, 	,	,	,	,			, 10	, 0.18282	, 547	, 17	,			, 10	, 1.58730	, 63	, 38	,			, 	,	,	,	,
		, 	,	,	,	,			, 10	, 0.24213	, 413	, 38	,			, 10	, 1.98039	, 51	, 17	,			, 	,	,	,	,
		, 	,	,	,	,			, 11	, 0.23202	, 431	, 19	,			, 11	, 0.99010	, 101	, 19	,			, 	,	,	,	,
		, 	,	,	,	,			, 11	, 0.30488	, 328	, 39	,			, 11	, 2.50000	, 40	, 39	,			, 	,	,	,	,
		, 	,	,	,	,			, 12	, 0.29762	, 336	, 41	,			, 12	, 1.75439	, 57	, 41	,			, 	,	,	,	,
		, 	,	,	,	,			, 12	, 0.29762	, 336	, 41	,			, 12	, 1.77193	, 57	, 41	,			, 	,	,	,	,
		, 	,	,	,	,			, 12	, 0.29851	, 335	, 41	,			, 12	, 1.77193	, 57	, 41	,			, 	,	,	,	,
		, 	,	,	,	,			, 13	, 0.19417	, 515	, 23	,			, 13	, 1.04124	, 97	, 23	,			, 	,	,	,	,
		, 	,	,	,	,			, 14	, 0.17668	, 566	, 11	,			, 14	, 0.74074	, 135	, 11	,			, 	,	,	,	,
		, 	,	,	,	,			, 14	, 0.32154	, 311	, 22	,			, 14	, 1.17442	, 86	, 22	,			, 	,	,	,	,
		, 	,	,	,	,			, 14	, 0.32258	, 310	, 22	,			, 14	, 1.17442	, 86	, 22	,			, 	,	,	,	,
		, 	,	,	,	,			, 14	, 0.32258	, 310	, 22	,			, 14	, 1.17647	, 85	, 22	,			, 	,	,	,	,
		, 	,	,	,	,			, 14	, 0.37175	, 269	, 44	,			, 14	, 1.92308	, 52	, 44	,			, 	,	,	,	,
		, 	,	,	,	,			, 15	, 0.54054	, 185	, 28	,			, 15	, 2.46341	, 41	, 28	,			, 	,	,	,	,
		, 	,	,	,	,			, 17	, 0.28902	, 346	, 10	,			, 17	, 0.86957	, 115	, 10	,			, 	,	,	,	,
		, 	,	,	,	,			, 17	, 0.36496	, 274	, 16	,			, 17	, 1.05263	, 95	, 16	,			, 	,	,	,	,
		, 	,	,	,	,			, 22	, 0.75758	, 132	, 25	,			, 22	, 3.77778	, 27	, 25	,			, 	,	,	,	,
		, 	,	,	,	,			, 24	, 0.72993	, 137	, 23	,			, 24	, 3.29032	, 31	, 23	,			, 	,	,	,	,
		, 	,	,	,	,			, 25	, 0.75758	, 132	, 23	,			, 25	, 3.32258	, 31	, 23	,			, 	,	,	,	,
		, 	,	,	,	,			, 25	, 0.76923	, 130	, 23	,			, 25	, 3.32258	, 31	, 23	,			, 	,	,	,	,
		, 	,	,	,	,			, 28	, 1.01010	, 99	, 29	,			, 28	, 4.16667	, 24	, 29	,			, 	,	,	,	,
		, 	,	,	,	,			, 29	, 0.78125	, 128	, 33	,			, 29	, 2.77778	, 36	, 33	,			, 	,	,	,	,
		, 	,	,	,	,			, 29	, 0.97087	, 103	, 36	,			, 29	, 4.16667	, 24	, 29	,			, 	,	,	,	,
		, 	,	,	,	,			, 29	, 1.02041	, 98	, 29	,			, 29	, 4.16667	, 24	, 29	,			, 	,	,	,	,
		, 	,	,	,	,			, 29	, 1.04167	, 96	, 29	,			, 29	, 5.88235	, 17	, 36	,			, 	,	,	,	,
		, 	,	,	,	,			, 31	, 0.31250	, 320	, 7	,			, 31	, 0.78740	, 127	, 7	,			, 	,	,	,	,
		, 	,	,	,	,			, 31	, 1.28205	, 78	, 45	,			, 31	, 2.63158	, 38	, 45	,			, 	,	,	,	,
		, 	,	,	,	,			, 31	, 1.28205	, 78	, 45	,			, 31	, 2.63158	, 38	, 45	,			, 	,	,	,	,
		, 	,	,	,	,			, 33	, 1.78571	, 56	, 41	,			, 33	, 8.00000	, 13	, 41	,			, 	,	,	,	,
		, 	,	,	,	,			, 33	, 1.78571	, 56	, 41	,			, 33	, 8.00000	, 13	, 41	,			, 	,	,	,	,
		, 	,	,	,	,			, 33	, 1.78571	, 56	, 41	,			, 33	, 8.00000	, 13	, 41	,			, 	,	,	,	,
		, 	,	,	,	,			, 34	, 1.49254	, 67	, 48	,			, 34	, 2.91429	, 35	, 48	,			, 	,	,	,	,
		, 	,	,	,	,			, 34	, 1.49254	, 67	, 48	,			, 34	, 2.91429	, 35	, 48	,			, 	,	,	,	,
		, 	,	,	,	,			, 34	, 1.50746	, 67	, 48	,			, 34	, 2.91429	, 35	, 48	,			, 	,	,	,	,
		, 	,	,	,	,			, 35	, 0.35461	, 282	, 7	,			, 35	, 0.86957	, 115	, 7	,			, 	,	,	,	,
		, 	,	,	,	,			, 35	, 0.36630	, 273	, 7	,			, 35	, 0.89286	, 112	, 7	,			, 	,	,	,	,
		, 	,	,	,	,			, 35	, 1.60317	, 63	, 49	,			, 35	, 3.25806	, 31	, 49	,			, 	,	,	,	,
		, 	,	,	,	,			, 42	, 2.32558	, 43	, 40	,			, 42	, 2.56410	, 39	, 40	,			, 	,	,	,	,
		, 	,	,	,	,			, 54	, 1.50746	, 67	, 18	,			, 54	, 1.88679	, 53	, 18	,			, 	,	,	,	,
		, 	,	,	,	,			, 54	, 3.84615	, 26	, 66	,			, 54	, 3605.00000	, 1	, 66	,			, 	,	,	,	,
		, 	,	,	,	,			, 67	, 5.66667	, 18	, 78	,			, 67	, 5.05000	, 20	, 78	,			, 	,	,	,	,
		, 	,	,	,	,			, 68	, 6.05882	, 17	, 81	,			, 68	, 37.00000	, 3	, 81	,			, 	,	,	,	,
		, 	,	,	,	,			, 73	, 7.28571	, 14	, 87	,			, 73	, 9140.00000	, 1	, 87	,			, 	,	,	,	,
		, 	,	,	,	,			, 73	, 7.35714	, 14	, 87	,			, 73	, 9142.00000	, 1	, 87	,			, 	,	,	,	,
		, 	,	,	,	,			, 73	, 7.35714	, 14	, 87	,			, 73	, 9160.00000	, 1	, 87	,			, 	,	,	,	,
		, 	,	,	,	,			, 75	, 0.86207	, 116	, 7	,			, 75	, 1.29870	, 77	, 7	,			, 	,	,	,	,
		, 	,	,	,	,			, 91	, 9.09091	, 11	, 121	,			, 91	, 8.91667	, 12	, 121	,			, 	,	,	,	,
		, 	,	,	,	,			, 91	, 9.09091	, 11	, 121	,			, 91	, 9.18182	, 11	, 121	,			, 	,	,	,	,
		, 	,	,	,	,			, 115	, 2.56410	, 39	, 19	,			, 115	, 3.03030	, 33	, 19	,			, 	,	,	,	,
		, 	,	,	,	,			, 126	, 165.00000	, 1	, 2886	,			, 126	, 172.00000	, 1	, 2886	,			, 	,	,	,	,
		, 	,	,	,	,			, 131	, 3.03030	, 33	, 19	,			, 131	, 3.29032	, 31	, 19	,			, 	,	,	,	,
		, 	,	,	,	,			, 131	, 3.09091	, 33	, 19	,			, 131	, 3.36667	, 30	, 19	,			, 	,	,	,	,
		, 	,	,	,	,			, 131	, 3.29032	, 31	, 19	,			, 131	, 3.44828	, 29	, 19	,			, 	,	,	,	,
		, 	,	,	,	,			, 132	, 179.00000	, 1	, 2898	,			, 132	, 188.00000	, 1	, 2898	,			, 	,	,	,	,
		, 	,	,	,	,			, 133	, 18.83330	, 6	, 110	,			, 133	, 9.00000	, 12	, 110	,			, 	,	,	,	,
		, 	,	,	,	,			, 176	, 28.25000	, 4	, 161	,			, 176	, 73238.00000	, 1	, 161	,			, 	,	,	,	,
		, 	,	,	,	,			, 286	, 179.00000	, 1	, 1016	,			, 286	, 123.00000	, 1	, 1016	,			, 	,	,	,	,
		, 	,	,	,	,			, 302	, 199.00000	, 1	, 1080	,			, 302	, 132.00000	, 1	, 1080	,			, 	,	,	,	,
		, 	,	,	,	,			, 311	, 216.00000	, 1	, 1128	,			, 311	, 135.00000	, 1	, 1128	,			, 	,	,	,	,
		, 	,	,	,	,			, 311	, 217.00000	, 1	, 1128	,			, 311	, 135.00000	, 1	, 1128	,			, 	,	,	,	,
		, 	,	,	,	,			, 691	, 1609.00000	, 1	, 3234	,			, 691	, 20944.00000	, 1	, 3234	,			, 	,	,	,	,
		, 	,	,	,	,			, 721	, 2084.00000	, 1	, 3956	,			, 721	, 92731.00000	, 1	, 3956	,			, 	,	,	,	,
		, 	,	,	,	,			, 970	, 3780.00000	, 1	, 5550	,			, 970	, 78474.00000	, 1	, 5550	,			, 	,	,	,	,
		, 	,	,	,	,			, 1079	, 3339.00000	, 1	, 4677	,			, 1079	, 1058660.00000	, 1	, 4677	,			, 	,	,	,	,
		, 	,	,	,	,			, 1154	, 3924.00000	, 1	, 5018	,			, 1154	, 17402500.00000	, 1	, 5018	,			, 	,	,	,	,
		, 	,	,	,	,			, 1407	, 4406.00000	, 1	, 5080	,			, 1407	, 2669.00000	, 1	, 5080	,			, 	,	,	,	,
		, 	,	,	,	,			, 1524	, 5303.00000	, 1	, 5623	,			, 1524	, 2962.00000	, 1	, 5623	,			, 	,	,	,	,
		, 	,	,	,	,			, 1619	, 7257.00000	, 1	, 6677	,			, 1619	, 717789.00000	, 1	, 6677	,			, 	,	,	,	,
			
			
 blowfish		, 3	, 0.02227	, 4490	, 0	,	 blowfish		, 3	, 0.02824	, 3541	, 0	,	 blowfish		, 3	, 0.04748	, 2106	, 0	,	 blowfish		,	,	,	,	,
		, 3	, 0.02257	, 4431	, 0	,			, 3	, 0.02843	, 3517	, 0	,			, 3	, 0.04794	, 2086	, 0	,			, 	,	,	,	,
		, 3	, 0.02416	, 4139	, 0	,			, 3	, 0.02955	, 3384	, 1	,			, 3	, 0.11455	, 873	, 1	,			, 	,	,	,	,
		, 3	, 0.02435	, 4106	, 1	,			, 3	, 0.03386	, 2953	, 3	,			, 3	, 0.19763	, 506	, 3	,			, 	,	,	,	,
		, 5	, 0.02628	, 3805	, 0	,			, 5	, 0.03247	, 3080	, 0	,			, 5	, 0.04087	, 2447	, 0	,			, 	,	,	,	,
		, 7	, 0.03744	, 2671	, 2	,			, 7	, 0.08271	, 1209	, 6	,			, 7	, 0.38314	, 261	, 6	,			, 	,	,	,	,
		, 7	, 0.03758	, 2661	, 2	,			, 7	, 0.08803	, 1136	, 7	,			, 7	, 0.43860	, 228	, 7	,			, 	,	,	,	,
		, 7	, 0.03807	, 2627	, 1	,			, 7	, 0.08826	, 1133	, 7	,			, 7	, 0.44248	, 226	, 7	,			, 	,	,	,	,
		, 7	, 0.03818	, 2619	, 1	,			, 7	, 0.09597	, 1042	, 12	,			, 7	, 0.62500	, 160	, 12	,			, 	,	,	,	,
		, 7	, 0.03824	, 2615	, 2	,			, 7	, 0.09606	, 1041	, 12	,			, 7	, 0.62500	, 160	, 12	,			, 	,	,	,	,
		, 8	, 0.03818	, 2619	, 1	,			, 8	, 0.05828	, 1716	, 3	,			, 8	, 0.22173	, 451	, 3	,			, 	,	,	,	,
		, 8	, 0.04006	, 2496	, 3	,			, 8	, 0.08503	, 1176	, 5	,			, 8	, 0.36232	, 276	, 5	,			, 	,	,	,	,
		, 8	, 0.04058	, 2464	, 1	,			, 8	, 0.10582	, 945	, 7	,			, 8	, 0.45454	, 220	, 7	,			, 	,	,	,	,
		, 8	, 0.04092	, 2444	, 1	,			, 8	, 0.10638	, 940	, 7	,			, 8	, 0.45454	, 220	, 7	,			, 	,	,	,	,
		, 9	, 0.04325	, 2312	, 2	,			, 9	, 0.14245	, 702	, 12	,			, 9	, 0.67114	, 149	, 12	,			, 	,	,	,	,
		, 9	, 0.04331	, 2309	, 2	,			, 9	, 0.14245	, 702	, 12	,			, 9	, 0.67568	, 148	, 12	,			, 	,	,	,	,
		, 9	, 0.04346	, 2301	, 2	,			, 9	, 0.14245	, 702	, 12	,			, 9	, 0.67568	, 148	, 12	,			, 	,	,	,	,
		, 9	, 0.04353	, 2297	, 2	,			, 9	, 0.14265	, 701	, 12	,			, 9	, 0.67568	, 148	, 12	,			, 	,	,	,	,
		, 9	, 0.04363	, 2292	, 2	,			, 9	, 0.14286	, 700	, 12	,			, 9	, 0.67568	, 148	, 12	,			, 	,	,	,	,
		, 9	, 0.04365	, 2291	, 2	,			, 9	, 0.14306	, 699	, 12	,			, 9	, 0.67568	, 148	, 12	,			, 	,	,	,	,
		, 10	, 0.04602	, 2173	, 2	,			, 10	, 0.12788	, 782	, 11	,			, 10	, 0.68966	, 145	, 11	,			, 	,	,	,	,
		, 10	, 0.04613	, 2168	, 2	,			, 10	, 0.15408	, 649	, 12	,			, 10	, 0.68966	, 145	, 12	,			, 	,	,	,	,
		, 10	, 0.04619	, 2165	, 2	,			, 10	, 0.15408	, 649	, 12	,			, 10	, 0.69444	, 144	, 12	,			, 	,	,	,	,
		, 10	, 0.04621	, 2164	, 2	,			, 10	, 0.15408	, 649	, 12	,			, 10	, 0.69444	, 144	, 12	,			, 	,	,	,	,
		, 10	, 0.04664	, 2144	, 2	,			, 10	, 0.15432	, 648	, 12	,			, 10	, 0.69444	, 144	, 12	,			, 	,	,	,	,
		, 10	, 0.04666	, 2143	, 2	,			, 10	, 0.15432	, 648	, 12	,			, 10	, 0.69444	, 144	, 12	,			, 	,	,	,	,
		, 10	, 0.04931	, 2028	, 2	,			, 10	, 0.15504	, 645	, 12	,			, 10	, 0.69444	, 144	, 12	,			, 	,	,	,	,
		, 11	, 0.04897	, 2042	, 3	,			, 11	, 0.10718	, 933	, 5	,			, 11	, 0.37879	, 264	, 5	,			, 	,	,	,	,
		, 11	, 0.05043	, 1983	, 2	,			, 11	, 0.15674	, 638	, 14	,			, 11	, 0.82645	, 121	, 14	,			, 	,	,	,	,
		, 13	, 0.05647	, 1771	, 3	,			, 13	, 0.20121	, 497	, 17	,			, 13	, 0.90090	, 111	, 17	,			, 	,	,	,	,
		, 16	, 0.06807	, 1469	, 5	,			, 16	, 0.31847	, 314	, 24	,			, 16	, 1.25000	, 80	, 24	,			, 	,	,	,	,
		, 16	, 0.06821	, 1466	, 3	,			, 16	, 0.33670	, 297	, 23	,			, 16	, 1.69492	, 59	, 23	,			, 	,	,	,	,
		, 19	, 0.07564	, 1322	, 4	,			, 19	, 0.31546	, 317	, 16	,			, 19	, 1.08696	, 92	, 16	,			, 	,	,	,	,
		, 22	, 0.08446	, 1184	, 4	,			, 22	, 0.37453	, 267	, 18	,			, 22	, 1.17647	, 85	, 18	,			, 	,	,	,	,
		, 22	, 0.08881	, 1126	, 9	,			, 22	, 0.68493	, 146	, 33	,			, 22	, 1.85185	, 54	, 33	,			, 	,	,	,	,
		, 25	, 0.09461	, 1057	, 5	,			, 25	, 0.68966	, 145	, 33	,			, 25	, 2.70270	, 37	, 33	,			, 	,	,	,	,
		, 27	, 0.09833	, 1017	, 4	,			, 27	, 1.17647	, 85	, 57	,			, 27	, 2.75676	, 37	, 57	,			, 	,	,	,	,
		, 38	, 0.13055	, 766	, 6	,			, 38	, 1.60317	, 63	, 38	,			, 38	, 2.37209	, 43	, 38	,			, 	,	,	,	,
		, 44	, 0.15083	, 663	, 6	,			, 44	, 1.56250	, 64	, 38	,			, 44	, 2.43902	, 41	, 38	,			, 	,	,	,	,
		, 47	, 0.15723	, 636	, 7	,			, 47	, 2.02000	, 50	, 42	,			, 47	, 2.72973	, 37	, 42	,			, 	,	,	,	,
		, 49	, 0.16475	, 607	, 8	,			, 49	, 12.75000	, 8	, 612	,			, 49	, 45.00000	, 3	, 612	,			, 	,	,	,	,
		, 55	, 0.18416	, 543	, 5	,			, 55	, 6.25000	, 16	, 247	,			, 55	, 12.50000	, 8	, 247	,			, 	,	,	,	,
		, 59	, 0.19305	, 518	, 13	,			, 59	, 28.75000	, 4	, 905	,			, 59	, 45.33330	, 3	, 905	,			, 	,	,	,	,
		, 64	, 0.20964	, 477	, 15	,			, 64	, 3.74074	, 27	, 74	,			, 64	, 4.68182	, 22	, 74	,			, 	,	,	,	,
		, 68	, 0.21882	, 457	, 11	,			, 68	, 45.33330	, 3	, 908	,			, 68	, 51.00000	, 2	, 908	,			, 	,	,	,	,
		, 80	, 0.25381	, 394	, 8	,			, 80	, 73.00000	, 2	, 911	,			, 80	, 52.00000	, 2	, 911	,			, 	,	,	,	,
		, 98	, 0.31250	, 320	, 22	,			, 98	, 61.00000	, 2	, 962	,			, 98	, 66.00000	, 2	, 962	,			, 	,	,	,	,
		, 108	, 0.34014	, 294	, 25	,			, 108	, 68.00000	, 2	, 967	,			, 108	, 60.00000	, 2	, 967	,			, 	,	,	,	,
		, 127	, 0.41152	, 243	, 34	,			, 127	, 105.00000	, 1	, 1504	,			, 127	, 124.00000	, 1	, 1504	,			, 	,	,	,	,
		, 127	, 0.42373	, 236	, 21	,			, 127	, 66.50000	, 2	, 976	,			, 127	, 70.00000	, 2	, 839	,			, 	,	,	,	,
		, 127	, 0.42553	, 235	, 22	,			, 127	, 82.00000	, 2	, 839	,			, 127	, 92.00000	, 2	, 976	,			, 	,	,	,	,
		, 673	, 2.06122	, 49	, 92	,			, 673	, 1344.00000	, 1	, 3878	,			, 673	, 1667.00000	, 1	, 3878	,			, 	,	,	,	,
		, 674	, 2.10417	, 48	, 92	,			, 674	, 1356.00000	, 1	, 3878	,			, 674	, 1665.00000	, 1	, 3878	,			, 	,	,	,	,
			
			
 cjpeg		, 2	, 0.01848	, 5412	, 0	,	 cjpeg		, 2	, 0.02453	, 4077	, 0	,	 cjpeg		, 2	, 0.03801	, 2631	, 0	,	 cjpeg		,	,	,	,	,
		, 2	, 0.01848	, 5412	, 0	,			, 2	, 0.02482	, 4029	, 0	,			, 2	, 0.03818	, 2619	, 0	,			, 	,	,	,	,
		, 2	, 0.01954	, 5119	, 0	,			, 2	, 0.02484	, 4025	, 0	,			, 2	, 0.03821	, 2617	, 0	,			, 	,	,	,	,
		, 2	, 0.01979	, 5053	, 0	,			, 2	, 0.02488	, 4020	, 0	,			, 2	, 0.03849	, 2598	, 0	,			, 	,	,	,	,
		, 2	, 0.01981	, 5047	, 0	,			, 2	, 0.02488	, 4020	, 0	,			, 2	, 0.03857	, 2593	, 0	,			, 	,	,	,	,
		, 2	, 0.01981	, 5047	, 0	,			, 2	, 0.02490	, 4016	, 0	,			, 2	, 0.03858	, 2592	, 0	,			, 	,	,	,	,
		, 2	, 0.01983	, 5042	, 0	,			, 2	, 0.02490	, 4016	, 0	,			, 2	, 0.03858	, 2592	, 0	,			, 	,	,	,	,
		, 2	, 0.01983	, 5042	, 0	,			, 2	, 0.02491	, 4015	, 0	,			, 2	, 0.03860	, 2591	, 0	,			, 	,	,	,	,
		, 2	, 0.01984	, 5040	, 0	,			, 2	, 0.02491	, 4014	, 0	,			, 2	, 0.03860	, 2591	, 0	,			, 	,	,	,	,
		, 2	, 0.01988	, 5030	, 0	,			, 2	, 0.02495	, 4008	, 0	,			, 2	, 0.03861	, 2590	, 0	,			, 	,	,	,	,
		, 2	, 0.01990	, 5026	, 0	,			, 2	, 0.02498	, 4004	, 0	,			, 2	, 0.03862	, 2589	, 0	,			, 	,	,	,	,
		, 2	, 0.01991	, 5022	, 0	,			, 2	, 0.02499	, 4002	, 0	,			, 2	, 0.03864	, 2588	, 0	,			, 	,	,	,	,
		, 2	, 0.01992	, 5019	, 0	,			, 2	, 0.02499	, 4001	, 0	,			, 2	, 0.03867	, 2586	, 0	,			, 	,	,	,	,
		, 2	, 0.01993	, 5017	, 0	,			, 2	, 0.02502	, 3997	, 0	,			, 2	, 0.03868	, 2585	, 0	,			, 	,	,	,	,
		, 2	, 0.01995	, 5013	, 0	,			, 2	, 0.02502	, 3996	, 0	,			, 2	, 0.03868	, 2585	, 0	,			, 	,	,	,	,
		, 2	, 0.01996	, 5011	, 0	,			, 2	, 0.02502	, 3996	, 0	,			, 2	, 0.03870	, 2584	, 0	,			, 	,	,	,	,
		, 2	, 0.01996	, 5009	, 0	,			, 2	, 0.02502	, 3996	, 0	,			, 2	, 0.03871	, 2583	, 0	,			, 	,	,	,	,
		, 2	, 0.01997	, 5008	, 0	,			, 2	, 0.02503	, 3995	, 0	,			, 2	, 0.03873	, 2582	, 0	,			, 	,	,	,	,
		, 2	, 0.01997	, 5007	, 0	,			, 2	, 0.02503	, 3995	, 0	,			, 2	, 0.03873	, 2582	, 0	,			, 	,	,	,	,
		, 2	, 0.01999	, 5003	, 0	,			, 2	, 0.02504	, 3994	, 0	,			, 2	, 0.03874	, 2581	, 0	,			, 	,	,	,	,
		, 2	, 0.01999	, 5003	, 0	,			, 2	, 0.02512	, 3981	, 0	,			, 2	, 0.03874	, 2581	, 0	,			, 	,	,	,	,
		, 2	, 0.02000	, 5001	, 0	,			, 2	, 0.02518	, 3972	, 0	,			, 2	, 0.03877	, 2579	, 0	,			, 	,	,	,	,
		, 2	, 0.02000	, 4999	, 0	,			, 2	, 0.02519	, 3970	, 0	,			, 2	, 0.03877	, 2579	, 0	,			, 	,	,	,	,
		, 2	, 0.02001	, 4997	, 0	,			, 2	, 0.02523	, 3963	, 0	,			, 2	, 0.03877	, 2579	, 0	,			, 	,	,	,	,
		, 2	, 0.02002	, 4996	, 0	,			, 2	, 0.02531	, 3951	, 0	,			, 2	, 0.03882	, 2576	, 0	,			, 	,	,	,	,
		, 2	, 0.02004	, 4991	, 0	,			, 2	, 0.02532	, 3949	, 0	,			, 2	, 0.03884	, 2575	, 0	,			, 	,	,	,	,
		, 2	, 0.02009	, 4977	, 0	,			, 2	, 0.02542	, 3934	, 0	,			, 2	, 0.03887	, 2573	, 0	,			, 	,	,	,	,
		, 3	, 0.02164	, 4621	, 0	,			, 3	, 0.02874	, 3480	, 0	,			, 3	, 0.04352	, 2298	, 0	,			, 	,	,	,	,
		, 3	, 0.02192	, 4562	, 0	,			, 3	, 0.02970	, 3367	, 0	,			, 3	, 0.04812	, 2078	, 0	,			, 	,	,	,	,
		, 3	, 0.02289	, 4369	, 0	,			, 3	, 0.02974	, 3363	, 0	,			, 3	, 0.04817	, 2076	, 0	,			, 	,	,	,	,
		, 3	, 0.02308	, 4332	, 0	,			, 3	, 0.03032	, 3298	, 0	,			, 3	, 0.04890	, 2045	, 0	,			, 	,	,	,	,
		, 3	, 0.02316	, 4318	, 0	,			, 3	, 0.03040	, 3289	, 0	,			, 3	, 0.04892	, 2044	, 0	,			, 	,	,	,	,
		, 3	, 0.02324	, 4303	, 0	,			, 3	, 0.03050	, 3279	, 0	,			, 3	, 0.04895	, 2043	, 0	,			, 	,	,	,	,
		, 3	, 0.02326	, 4300	, 0	,			, 3	, 0.03053	, 3275	, 0	,			, 3	, 0.04902	, 2040	, 0	,			, 	,	,	,	,
		, 3	, 0.02333	, 4287	, 0	,			, 3	, 0.03054	, 3274	, 0	,			, 3	, 0.04907	, 2038	, 0	,			, 	,	,	,	,
		, 3	, 0.02333	, 4286	, 0	,			, 3	, 0.03056	, 3272	, 0	,			, 3	, 0.04914	, 2035	, 0	,			, 	,	,	,	,
		, 3	, 0.02334	, 4284	, 0	,			, 3	, 0.03056	, 3272	, 0	,			, 3	, 0.04919	, 2033	, 0	,			, 	,	,	,	,
		, 3	, 0.02338	, 4278	, 0	,			, 3	, 0.03063	, 3265	, 0	,			, 3	, 0.04924	, 2031	, 0	,			, 	,	,	,	,
		, 3	, 0.02338	, 4277	, 0	,			, 3	, 0.03144	, 3181	, 1	,			, 3	, 0.10718	, 933	, 1	,			, 	,	,	,	,
		, 3	, 0.02340	, 4274	, 0	,			, 3	, 0.03162	, 3163	, 1	,			, 3	, 0.11389	, 878	, 1	,			, 	,	,	,	,
		, 3	, 0.02343	, 4268	, 0	,			, 3	, 0.03165	, 3160	, 1	,			, 3	, 0.11403	, 877	, 1	,			, 	,	,	,	,
		, 3	, 0.02343	, 4268	, 0	,			, 3	, 0.03185	, 3140	, 1	,			, 3	, 0.11403	, 877	, 1	,			, 	,	,	,	,
		, 3	, 0.02348	, 4259	, 0	,			, 3	, 0.03191	, 3134	, 1	,			, 3	, 0.11416	, 876	, 1	,			, 	,	,	,	,
		, 3	, 0.02353	, 4249	, 0	,			, 3	, 0.03191	, 3134	, 1	,			, 3	, 0.11416	, 876	, 1	,			, 	,	,	,	,
		, 3	, 0.02388	, 4187	, 1	,			, 3	, 0.03213	, 3112	, 1	,			, 3	, 0.11429	, 875	, 1	,			, 	,	,	,	,
		, 3	, 0.02415	, 4141	, 0	,			, 3	, 0.03449	, 2899	, 3	,			, 3	, 0.11442	, 874	, 1	,			, 	,	,	,	,
		, 3	, 0.02434	, 4109	, 1	,			, 3	, 0.03452	, 2897	, 3	,			, 3	, 0.19531	, 512	, 3	,			, 	,	,	,	,
		, 3	, 0.02437	, 4103	, 1	,			, 3	, 0.03454	, 2895	, 3	,			, 3	, 0.19531	, 512	, 3	,			, 	,	,	,	,
		, 3	, 0.02441	, 4097	, 1	,			, 3	, 0.03455	, 2894	, 1	,			, 3	, 0.19531	, 512	, 3	,			, 	,	,	,	,
		, 3	, 0.02447	, 4086	, 1	,			, 3	, 0.03463	, 2888	, 3	,			, 3	, 0.19531	, 512	, 3	,			, 	,	,	,	,
		, 3	, 0.02459	, 4067	, 1	,			, 3	, 0.03469	, 2883	, 3	,			, 3	, 0.19570	, 511	, 3	,			, 	,	,	,	,
		, 3	, 0.02464	, 4058	, 1	,			, 3	, 0.03482	, 2872	, 3	,			, 3	, 0.19570	, 511	, 3	,			, 	,	,	,	,
		, 4	, 0.02580	, 3876	, 0	,			, 4	, 0.03428	, 2917	, 0	,			, 4	, 0.06086	, 1643	, 0	,			, 	,	,	,	,
		, 4	, 0.02667	, 3749	, 1	,			, 4	, 0.03555	, 2813	, 1	,			, 4	, 0.12151	, 823	, 1	,			, 	,	,	,	,
		, 4	, 0.02670	, 3745	, 1	,			, 4	, 0.03854	, 2595	, 1	,			, 4	, 0.12438	, 804	, 1	,			, 	,	,	,	,
		, 4	, 0.02688	, 3720	, 1	,			, 4	, 0.03865	, 2587	, 1	,			, 4	, 0.12887	, 776	, 1	,			, 	,	,	,	,
		, 4	, 0.02690	, 3718	, 1	,			, 4	, 0.03868	, 2585	, 1	,			, 4	, 0.12903	, 775	, 1	,			, 	,	,	,	,
		, 4	, 0.02692	, 3715	, 1	,			, 4	, 0.03888	, 2572	, 1	,			, 4	, 0.12920	, 774	, 1	,			, 	,	,	,	,
		, 4	, 0.02692	, 3715	, 1	,			, 4	, 0.04092	, 2444	, 3	,			, 4	, 0.12920	, 774	, 1	,			, 	,	,	,	,
		, 4	, 0.02694	, 3712	, 1	,			, 4	, 0.04098	, 2440	, 1	,			, 4	, 0.21053	, 475	, 3	,			, 	,	,	,	,
		, 4	, 0.02774	, 3605	, 0	,			, 4	, 0.04110	, 2433	, 3	,			, 4	, 0.21053	, 475	, 3	,			, 	,	,	,	,
		, 4	, 0.02796	, 3576	, 0	,			, 4	, 0.04122	, 2426	, 3	,			, 4	, 0.21097	, 474	, 3	,			, 	,	,	,	,
		, 5	, 0.03009	, 3323	, 1	,			, 5	, 0.04498	, 2223	, 3	,			, 5	, 0.21645	, 462	, 3	,			, 	,	,	,	,
		, 5	, 0.03070	, 3257	, 1	,			, 5	, 0.04771	, 2096	, 3	,			, 5	, 0.22222	, 450	, 3	,			, 	,	,	,	,
		, 5	, 0.03123	, 3202	, 1	,			, 5	, 0.04822	, 2074	, 3	,			, 5	, 0.23474	, 426	, 3	,			, 	,	,	,	,
		, 5	, 0.03128	, 3197	, 2	,			, 5	, 0.05787	, 1728	, 4	,			, 5	, 0.35336	, 283	, 4	,			, 	,	,	,	,
		, 5	, 0.03140	, 3185	, 2	,			, 5	, 0.05797	, 1725	, 4	,			, 5	, 0.35336	, 283	, 4	,			, 	,	,	,	,
		, 5	, 0.03142	, 3183	, 2	,			, 5	, 0.05797	, 1725	, 4	,			, 5	, 0.35336	, 283	, 4	,			, 	,	,	,	,
		, 5	, 0.03153	, 3172	, 2	,			, 5	, 0.05804	, 1723	, 4	,			, 5	, 0.35336	, 283	, 4	,			, 	,	,	,	,
		, 5	, 0.03157	, 3168	, 2	,			, 5	, 0.05804	, 1723	, 4	,			, 5	, 0.35336	, 283	, 4	,			, 	,	,	,	,
		, 5	, 0.03158	, 3167	, 2	,			, 5	, 0.05824	, 1717	, 4	,			, 5	, 0.35336	, 283	, 4	,			, 	,	,	,	,
		, 5	, 0.03159	, 3166	, 2	,			, 5	, 0.05828	, 1716	, 4	,			, 5	, 0.35336	, 283	, 4	,			, 	,	,	,	,
		, 5	, 0.03171	, 3154	, 2	,			, 5	, 0.05831	, 1715	, 4	,			, 5	, 0.35336	, 283	, 4	,			, 	,	,	,	,
		, 6	, 0.03197	, 3128	, 0	,			, 6	, 0.04517	, 2214	, 1	,			, 6	, 0.14306	, 699	, 1	,			, 	,	,	,	,
		, 6	, 0.03374	, 2964	, 1	,			, 6	, 0.04988	, 2005	, 1	,			, 6	, 0.15528	, 644	, 1	,			, 	,	,	,	,
		, 6	, 0.03421	, 2923	, 1	,			, 6	, 0.05531	, 1808	, 3	,			, 6	, 0.23256	, 430	, 3	,			, 	,	,	,	,
		, 6	, 0.03469	, 2883	, 1	,			, 6	, 0.05531	, 1808	, 3	,			, 6	, 0.23256	, 430	, 3	,			, 	,	,	,	,
		, 6	, 0.03472	, 2880	, 1	,			, 6	, 0.05534	, 1807	, 3	,			, 6	, 0.23256	, 430	, 3	,			, 	,	,	,	,
		, 6	, 0.03495	, 2861	, 1	,			, 6	, 0.05537	, 1806	, 3	,			, 6	, 0.23364	, 428	, 3	,			, 	,	,	,	,
		, 6	, 0.03501	, 2856	, 1	,			, 6	, 0.05692	, 1757	, 4	,			, 6	, 0.29586	, 338	, 4	,			, 	,	,	,	,
		, 7	, 0.03743	, 2672	, 2	,			, 7	, 0.06720	, 1488	, 5	,			, 7	, 0.31949	, 313	, 4	,			, 	,	,	,	,
		, 7	, 0.03772	, 2651	, 2	,			, 7	, 0.06739	, 1484	, 5	,			, 7	, 0.36900	, 271	, 5	,			, 	,	,	,	,
		, 7	, 0.03818	, 2619	, 1	,			, 7	, 0.06743	, 1483	, 5	,			, 7	, 0.37037	, 270	, 5	,			, 	,	,	,	,
		, 7	, 0.03843	, 2602	, 1	,			, 7	, 0.06757	, 1480	, 5	,			, 7	, 0.37037	, 270	, 5	,			, 	,	,	,	,
		, 7	, 0.03845	, 2601	, 1	,			, 7	, 0.06761	, 1479	, 5	,			, 7	, 0.37037	, 270	, 5	,			, 	,	,	,	,
		, 7	, 0.03846	, 2600	, 1	,			, 7	, 0.06761	, 1479	, 5	,			, 7	, 0.37037	, 270	, 5	,			, 	,	,	,	,
		, 7	, 0.03846	, 2600	, 1	,			, 7	, 0.06766	, 1478	, 5	,			, 7	, 0.37037	, 270	, 5	,			, 	,	,	,	,
		, 7	, 0.03848	, 2599	, 1	,			, 7	, 0.06766	, 1478	, 5	,			, 7	, 0.37037	, 270	, 5	,			, 	,	,	,	,
		, 7	, 0.03855	, 2594	, 1	,			, 7	, 0.06766	, 1478	, 5	,			, 7	, 0.37037	, 270	, 5	,			, 	,	,	,	,
		, 7	, 0.03857	, 2593	, 1	,			, 7	, 0.06775	, 1476	, 5	,			, 7	, 0.37037	, 270	, 5	,			, 	,	,	,	,
		, 7	, 0.03865	, 2587	, 1	,			, 7	, 0.06775	, 1476	, 5	,			, 7	, 0.37037	, 270	, 5	,			, 	,	,	,	,
		, 7	, 0.03885	, 2574	, 1	,			, 7	, 0.06780	, 1475	, 5	,			, 7	, 0.37037	, 270	, 5	,			, 	,	,	,	,
		, 7	, 0.03888	, 2572	, 1	,			, 7	, 0.06784	, 1474	, 5	,			, 7	, 0.37037	, 270	, 5	,			, 	,	,	,	,
		, 7	, 0.03890	, 2571	, 1	,			, 7	, 0.06784	, 1474	, 5	,			, 7	, 0.37037	, 270	, 5	,			, 	,	,	,	,
		, 7	, 0.03890	, 2571	, 1	,			, 7	, 0.06789	, 1473	, 5	,			, 7	, 0.37037	, 270	, 5	,			, 	,	,	,	,
		, 7	, 0.03891	, 2570	, 1	,			, 7	, 0.06789	, 1473	, 5	,			, 7	, 0.37037	, 270	, 5	,			, 	,	,	,	,
		, 7	, 0.03900	, 2564	, 1	,			, 7	, 0.06789	, 1473	, 5	,			, 7	, 0.37037	, 270	, 5	,			, 	,	,	,	,
		, 7	, 0.03903	, 2562	, 1	,			, 7	, 0.06793	, 1472	, 5	,			, 7	, 0.37175	, 269	, 5	,			, 	,	,	,	,
		, 7	, 0.03903	, 2562	, 1	,			, 7	, 0.06793	, 1472	, 5	,			, 7	, 0.37175	, 269	, 5	,			, 	,	,	,	,
		, 7	, 0.03906	, 2560	, 1	,			, 7	, 0.06854	, 1459	, 4	,			, 7	, 0.37175	, 269	, 5	,			, 	,	,	,	,
		, 7	, 0.03917	, 2553	, 1	,			, 7	, 0.09930	, 1007	, 12	,			, 7	, 0.61728	, 162	, 12	,			, 	,	,	,	,
		, 8	, 0.04088	, 2446	, 2	,			, 8	, 0.06897	, 1450	, 3	,			, 8	, 0.25316	, 395	, 3	,			, 	,	,	,	,
		, 8	, 0.04105	, 2436	, 1	,			, 8	, 0.07407	, 1350	, 5	,			, 8	, 0.38314	, 261	, 5	,			, 	,	,	,	,
		, 8	, 0.04134	, 2419	, 1	,			, 8	, 0.07424	, 1347	, 5	,			, 8	, 0.38461	, 260	, 5	,			, 	,	,	,	,
		, 8	, 0.04137	, 2417	, 1	,			, 8	, 0.08368	, 1195	, 5	,			, 8	, 0.44643	, 224	, 5	,			, 	,	,	,	,
		, 8	, 0.04141	, 2415	, 2	,			, 8	, 0.08432	, 1186	, 5	,			, 8	, 0.44843	, 223	, 5	,			, 	,	,	,	,
		, 9	, 0.04292	, 2330	, 2	,			, 9	, 0.05858	, 1707	, 1	,			, 9	, 0.18018	, 555	, 1	,			, 	,	,	,	,
		, 9	, 0.04338	, 2305	, 0	,			, 9	, 0.05858	, 1707	, 1	,			, 9	, 0.18315	, 546	, 1	,			, 	,	,	,	,
		, 9	, 0.04348	, 2300	, 1	,			, 9	, 0.06188	, 1616	, 3	,			, 9	, 0.18349	, 545	, 1	,			, 	,	,	,	,
		, 9	, 0.04384	, 2281	, 0	,			, 9	, 0.06211	, 1610	, 1	,			, 9	, 0.25641	, 390	, 3	,			, 	,	,	,	,
		, 9	, 0.04464	, 2240	, 0	,			, 9	, 0.08873	, 1127	, 5	,			, 9	, 0.40161	, 249	, 5	,			, 	,	,	,	,
		, 9	, 0.04570	, 2188	, 2	,			, 9	, 0.09891	, 1011	, 9	,			, 9	, 0.55249	, 181	, 8	,			, 	,	,	,	,
		, 9	, 0.04572	, 2187	, 2	,			, 9	, 0.10965	, 912	, 8	,			, 9	, 0.57143	, 175	, 9	,			, 	,	,	,	,
		, 10	, 0.04352	, 2298	, 1	,			, 10	, 0.05896	, 1696	, 1	,			, 10	, 0.13967	, 716	, 1	,			, 	,	,	,	,
		, 10	, 0.04353	, 2297	, 1	,			, 10	, 0.05896	, 1696	, 3	,			, 10	, 0.22883	, 437	, 3	,			, 	,	,	,	,
		, 10	, 0.04527	, 2209	, 2	,			, 10	, 0.06854	, 1459	, 2	,			, 10	, 0.25316	, 395	, 2	,			, 	,	,	,	,
		, 10	, 0.04675	, 2139	, 2	,			, 10	, 0.08711	, 1148	, 4	,			, 10	, 0.37736	, 265	, 4	,			, 	,	,	,	,
		, 10	, 0.04753	, 2104	, 0	,			, 10	, 0.09881	, 1012	, 5	,			, 10	, 0.41494	, 241	, 5	,			, 	,	,	,	,
		, 10	, 0.04755	, 2103	, 3	,			, 10	, 0.09921	, 1008	, 5	,			, 10	, 0.41667	, 240	, 5	,			, 	,	,	,	,
		, 10	, 0.04808	, 2080	, 0	,			, 10	, 0.10101	, 990	, 6	,			, 10	, 0.47619	, 210	, 6	,			, 	,	,	,	,
		, 10	, 0.04829	, 2071	, 2	,			, 10	, 0.10111	, 989	, 9	,			, 10	, 0.57143	, 175	, 9	,			, 	,	,	,	,
		, 10	, 0.04840	, 2066	, 2	,			, 10	, 0.14265	, 701	, 9	,			, 10	, 0.57143	, 175	, 9	,			, 	,	,	,	,
		, 10	, 0.04909	, 2037	, 2	,			, 10	, 0.18116	, 552	, 23	,			, 10	, 1.06383	, 94	, 23	,			, 	,	,	,	,
		, 11	, 0.05131	, 1949	, 2	,			, 11	, 0.10893	, 918	, 5	,			, 11	, 0.42553	, 235	, 5	,			, 	,	,	,	,
		, 11	, 0.05152	, 1941	, 2	,			, 11	, 0.10917	, 916	, 5	,			, 11	, 0.42553	, 235	, 5	,			, 	,	,	,	,
		, 14	, 0.05774	, 1732	, 0	,			, 14	, 0.09017	, 1109	, 1	,			, 14	, 0.23753	, 421	, 1	,			, 	,	,	,	,
		, 15	, 0.06215	, 1609	, 2	,			, 15	, 0.20284	, 493	, 14	,			, 15	, 0.52083	, 192	, 7	,			, 	,	,	,	,
		, 15	, 0.06231	, 1605	, 1	,			, 15	, 0.20325	, 492	, 14	,			, 15	, 0.88496	, 113	, 14	,			, 	,	,	,	,
		, 15	, 0.06246	, 1601	, 2	,			, 15	, 0.20325	, 492	, 14	,			, 15	, 0.88496	, 113	, 14	,			, 	,	,	,	,
		, 15	, 0.06246	, 1601	, 2	,			, 15	, 0.21978	, 455	, 7	,			, 15	, 0.88496	, 113	, 14	,			, 	,	,	,	,
		, 34	, 0.12361	, 809	, 4	,			, 34	, 0.81967	, 122	, 27	,			, 34	, 1.78571	, 56	, 27	,			, 	,	,	,	,
		, 42	, 0.15174	, 659	, 6	,			, 42	, 1.28205	, 78	, 43	,			, 42	, 2.75676	, 37	, 43	,			, 	,	,	,	,
		, 48	, 0.17513	, 571	, 14	,			, 48	, 2.50000	, 40	, 70	,			, 48	, 4.08000	, 25	, 70	,			, 	,	,	,	,
		, 137	, 0.49505	, 202	, 0	,			, 137	, 8.83333	, 12	, 84	,			, 137	, 9.45455	, 11	, 84	,			, 	,	,	,	,
			
			
 fft		, 2	, 0.02116	, 4727	, 0	,	 fft		, 2	, 0.02694	, 3712	, 1	,	 fft		, 2	, 0.05447	, 1836	, 0	,	 fft		,	,	,	,	,
		, 3	, 0.02386	, 4192	, 1	,			, 3	, 0.03419	, 2925	, 1	,			, 3	, 0.10684	, 936	, 1	,			, 	,	,	,	,
		, 3	, 0.02387	, 4190	, 1	,			, 3	, 0.03442	, 2905	, 3	,			, 3	, 0.10684	, 936	, 1	,			, 	,	,	,	,
		, 3	, 0.02434	, 4108	, 1	,			, 3	, 0.03448	, 2900	, 3	,			, 3	, 0.19608	, 510	, 3	,			, 	,	,	,	,
		, 3	, 0.02441	, 4097	, 1	,			, 3	, 0.03451	, 2898	, 1	,			, 3	, 0.19608	, 510	, 3	,			, 	,	,	,	,
		, 3	, 0.02443	, 4093	, 1	,			, 3	, 0.03451	, 2898	, 3	,			, 3	, 0.19646	, 509	, 3	,			, 	,	,	,	,
		, 3	, 0.02444	, 4092	, 1	,			, 3	, 0.03454	, 2895	, 3	,			, 3	, 0.19724	, 507	, 3	,			, 	,	,	,	,
		, 3	, 0.02464	, 4059	, 0	,			, 3	, 0.03459	, 2891	, 3	,			, 3	, 0.19724	, 507	, 3	,			, 	,	,	,	,
		, 3	, 0.02471	, 4047	, 0	,			, 3	, 0.03459	, 2891	, 3	,			, 3	, 0.19802	, 505	, 3	,			, 	,	,	,	,
		, 4	, 0.02934	, 3408	, 1	,			, 4	, 0.04587	, 2180	, 4	,			, 4	, 0.26954	, 371	, 4	,			, 	,	,	,	,
		, 5	, 0.02979	, 3357	, 1	,			, 5	, 0.04027	, 2483	, 1	,			, 5	, 0.13441	, 744	, 1	,			, 	,	,	,	,
		, 5	, 0.03028	, 3302	, 1	,			, 5	, 0.05744	, 1741	, 6	,			, 5	, 0.33670	, 297	, 6	,			, 	,	,	,	,
		, 5	, 0.03058	, 3270	, 2	,			, 5	, 0.05821	, 1718	, 4	,			, 5	, 0.33670	, 297	, 6	,			, 	,	,	,	,
		, 5	, 0.03119	, 3206	, 2	,			, 5	, 0.06485	, 1542	, 9	,			, 5	, 0.35587	, 281	, 4	,			, 	,	,	,	,
		, 5	, 0.03167	, 3158	, 0	,			, 5	, 0.06557	, 1525	, 6	,			, 5	, 0.47847	, 209	, 6	,			, 	,	,	,	,
		, 5	, 0.03168	, 3157	, 1	,			, 5	, 0.06562	, 1524	, 6	,			, 5	, 0.66225	, 151	, 9	,			, 	,	,	,	,
		, 6	, 0.03571	, 2800	, 1	,			, 6	, 0.06964	, 1436	, 5	,			, 6	, 0.54945	, 182	, 5	,			, 	,	,	,	,
		, 6	, 0.03571	, 2800	, 1	,			, 6	, 0.06978	, 1433	, 5	,			, 6	, 0.54945	, 182	, 5	,			, 	,	,	,	,
		, 7	, 0.03636	, 2750	, 1	,			, 7	, 0.05640	, 1773	, 2	,			, 7	, 0.21692	, 461	, 2	,			, 	,	,	,	,
		, 7	, 0.03771	, 2652	, 0	,			, 7	, 0.05647	, 1771	, 2	,			, 7	, 0.21692	, 461	, 2	,			, 	,	,	,	,
		, 7	, 0.03775	, 2649	, 2	,			, 7	, 0.09158	, 1092	, 9	,			, 7	, 0.64935	, 154	, 13	,			, 	,	,	,	,
		, 7	, 0.03795	, 2635	, 3	,			, 7	, 0.10352	, 966	, 13	,			, 7	, 0.74074	, 135	, 17	,			, 	,	,	,	,
		, 7	, 0.03867	, 2586	, 0	,			, 7	, 0.13680	, 731	, 17	,			, 7	, 0.95238	, 105	, 9	,			, 	,	,	,	,
		, 8	, 0.04077	, 2453	, 2	,			, 8	, 0.06784	, 1474	, 4	,			, 8	, 0.35714	, 280	, 4	,			, 	,	,	,	,
		, 8	, 0.04102	, 2438	, 3	,			, 8	, 0.08453	, 1183	, 5	,			, 8	, 0.43860	, 228	, 5	,			, 	,	,	,	,
		, 8	, 0.04110	, 2433	, 0	,			, 8	, 0.08453	, 1183	, 5	,			, 8	, 0.43860	, 228	, 5	,			, 	,	,	,	,
		, 8	, 0.04122	, 2426	, 1	,			, 8	, 0.09158	, 1092	, 7	,			, 8	, 0.52632	, 190	, 7	,			, 	,	,	,	,
		, 8	, 0.04163	, 2402	, 1	,			, 8	, 0.09166	, 1091	, 7	,			, 8	, 0.52632	, 190	, 7	,			, 	,	,	,	,
		, 8	, 0.04212	, 2374	, 2	,			, 8	, 0.10395	, 962	, 7	,			, 8	, 0.52910	, 189	, 7	,			, 	,	,	,	,
		, 9	, 0.04255	, 2350	, 2	,			, 9	, 0.21930	, 456	, 20	,			, 9	, 0.90909	, 110	, 20	,			, 	,	,	,	,
		, 11	, 0.05058	, 1977	, 3	,			, 11	, 0.12970	, 771	, 6	,			, 11	, 0.56180	, 178	, 6	,			, 	,	,	,	,
		, 12	, 0.05316	, 1881	, 4	,			, 12	, 0.15974	, 626	, 12	,			, 12	, 0.89286	, 112	, 12	,			, 	,	,	,	,
		, 12	, 0.05423	, 1844	, 2	,			, 12	, 0.22272	, 449	, 14	,			, 12	, 0.95238	, 105	, 19	,			, 	,	,	,	,
		, 12	, 0.05574	, 1794	, 3	,			, 12	, 0.22321	, 448	, 14	,			, 12	, 1.19048	, 84	, 14	,			, 	,	,	,	,
		, 12	, 0.05577	, 1793	, 3	,			, 12	, 0.26316	, 380	, 19	,			, 12	, 1.19048	, 84	, 14	,			, 	,	,	,	,
		, 13	, 0.05473	, 1827	, 1	,			, 13	, 0.80645	, 124	, 140	,			, 13	, 5.72222	, 18	, 140	,			, 	,	,	,	,
		, 14	, 0.05977	, 1673	, 4	,			, 14	, 0.22676	, 441	, 15	,			, 14	, 1.03093	, 97	, 15	,			, 	,	,	,	,
		, 15	, 0.06258	, 1598	, 3	,			, 15	, 0.30864	, 324	, 20	,			, 15	, 1.35135	, 74	, 20	,			, 	,	,	,	,
		, 16	, 0.06192	, 1615	, 1	,			, 16	, 0.12407	, 806	, 7	,			, 16	, 0.57471	, 174	, 7	,			, 	,	,	,	,
		, 16	, 0.06203	, 1612	, 1	,			, 16	, 0.12422	, 805	, 7	,			, 16	, 0.57471	, 174	, 7	,			, 	,	,	,	,
		, 19	, 0.07716	, 1296	, 5	,			, 19	, 0.70422	, 142	, 29	,			, 19	, 1.75439	, 57	, 29	,			, 	,	,	,	,
		, 38	, 0.13569	, 737	, 7	,			, 38	, 1.83636	, 55	, 42	,			, 38	, 7.57143	, 14	, 42	,			, 	,	,	,	,
		, 52	, 0.18248	, 548	, 10	,			, 52	, 4.00000	, 25	, 61	,			, 52	, 11.66670	, 9	, 61	,			, 	,	,	,	,
			
			
 md5		,	,	,	,	,	 md5		, 2	, 0.02690	, 3718	, 1	,	 md5	 md5		,	,	,	,	,
		, 	,	,	,	,			, 3	, 0.03029	, 3301	, 1	,				, 	,	,	,	,
		, 	,	,	,	,			, 3	, 0.03390	, 2950	, 3	,	 sha		, 3	, 0.04921	, 2032	, 0	,			, 	,	,	,	,
		, 	,	,	,	,			, 3	, 0.03412	, 2931	, 3	,			, 6	, 0.14347	, 697	, 1	,			, 	,	,	,	,
		, 	,	,	,	,			, 4	, 0.03697	, 2705	, 3	,			, 7	, 0.91743	, 109	, 13	,			, 	,	,	,	,
		, 	,	,	,	,			, 4	, 0.03827	, 2613	, 3	,			, 8	, 0.38168	, 262	, 4	,			, 	,	,	,	,
		, 	,	,	,	,			, 4	, 0.04468	, 2238	, 6	,			, 8	, 0.50761	, 197	, 6	,			, 	,	,	,	,
		, 	,	,	,	,			, 5	, 0.04838	, 2067	, 3	,			, 8	, 0.55866	, 179	, 9	,			, 	,	,	,	,
		, 	,	,	,	,			, 5	, 0.04847	, 2063	, 3	,			, 9	, 0.30212	, 331	, 3	,			, 	,	,	,	,
		, 	,	,	,	,			, 6	, 0.10010	, 999	, 17	,			, 10	, 0.47393	, 211	, 6	,			, 	,	,	,	,
		, 	,	,	,	,			, 7	, 0.07018	, 1425	, 6	,			, 10	, 0.47847	, 209	, 6	,			, 	,	,	,	,
		, 	,	,	,	,			, 7	, 0.09479	, 1055	, 9	,			, 10	, 0.48077	, 208	, 6	,			, 	,	,	,	,
		, 	,	,	,	,			, 7	, 0.10605	, 943	, 13	,			, 10	, 0.53476	, 187	, 8	,			, 	,	,	,	,
		, 	,	,	,	,			, 10	, 0.10515	, 951	, 9	,			, 10	, 0.82645	, 121	, 13	,			, 	,	,	,	,
		, 	,	,	,	,			, 10	, 0.10834	, 923	, 12	,			, 11	, 0.70922	, 141	, 12	,			, 	,	,	,	,
		, 	,	,	,	,			, 10	, 0.13021	, 768	, 12	,			, 11	, 1.00000	, 100	, 21	,			, 	,	,	,	,
		, 	,	,	,	,			, 11	, 0.26954	, 371	, 21	,			, 12	, 0.42373	, 236	, 5	,			, 	,	,	,	,
		, 	,	,	,	,			, 12	, 0.15174	, 659	, 13	,			, 15	, 1.11111	, 90	, 22	,			, 	,	,	,	,
		, 	,	,	,	,			, 12	, 0.19157	, 522	, 10	,			, 16	, 0.32362	, 309	, 2	,			, 	,	,	,	,
		, 	,	,	,	,			, 12	, 0.20790	, 481	, 17	,			, 19	, 1.38889	, 72	, 26	,			, 	,	,	,	,
		, 	,	,	,	,			, 13	, 0.21142	, 473	, 10	,			, 24	, 2.61538	, 39	, 26	,			, 	,	,	,	,
		, 	,	,	,	,			, 13	, 0.39526	, 253	, 30	,			, 24	, 2.63158	, 38	, 26	,			, 	,	,	,	,
		, 	,	,	,	,			, 15	, 0.39526	, 253	, 27	,			, 24	, 2.63158	, 38	, 26	,			, 	,	,	,	,
		, 	,	,	,	,			, 17	, 0.37736	, 265	, 19	,			, 24	, 2.65789	, 38	, 26	,			, 	,	,	,	,
			, 19	, 0.68493	, 146	, 37	,			, 24	, 4.16667	, 24	, 41	,	
			, 20	, 0.90909	, 110	, 69	,			, 25	, 0.61728	, 162	, 5	,	
 sha		, 3	, 0.02412	, 4146	, 0	,			, 21	, 0.84034	, 119	, 49	,			, 26	, 2.63158	, 38	, 55	,	 sha		,	,	,	,	,
		, 6	, 0.03273	, 3055	, 0	,			, 27	, 0.90909	, 110	, 51	,			, 29	, 2.80556	, 36	, 56	,			, 	,	,	,	,
		, 7	, 0.03724	, 2685	, 2	,			, 37	, 1.63934	, 61	, 72	,			, 32	, 2.94118	, 34	, 55	,			, 	,	,	,	,
		, 8	, 0.04073	, 2455	, 2	,			, 39	, 8.15385	, 13	, 395	,			, 33	, 12.62500	, 8	, 259	,			, 	,	,	,	,
		, 8	, 0.04156	, 2406	, 2	,			, 55	, 3.44828	, 29	, 99	,			, 33	, 12.62500	, 8	, 259	,			, 	,	,	,	,
		, 8	, 0.04286	, 2333	, 1	,			, 87	, 10.40000	, 10	, 184	,			, 34	, 15.28570	, 7	, 280	,			, 	,	,	,	,
		, 9	, 0.04581	, 2183	, 0	,			, 959	, 7778.00000	, 1	, 16809	,			, 35	, 13.12500	, 8	, 250	,			, 	,	,	,	,
		, 10	, 0.04798	, 2084	, 1	,				, 41	, 4.08000	, 25	, 74	,			, 	,	,	,	,
		, 10	, 0.04847	, 2063	, 2	,				, 48	, 13.75000	, 8	, 89	,			, 	,	,	,	,
		, 10	, 0.04995	, 2002	, 1	,	 sha		, 3	, 0.02992	, 3342	, 0	,			, 53	, 5.31579	, 19	, 96	,			, 	,	,	,	,
		, 10	, 0.04997	, 2001	, 1	,			, 6	, 0.04314	, 2318	, 1	,			, 147	, 1936.00000	, 1	, 275	,			, 	,	,	,	,
		, 10	, 0.05058	, 1977	, 1	,			, 7	, 0.10672	, 937	, 13	,				, 	,	,	,	,
		, 11	, 0.05008	, 1997	, 2	,			, 8	, 0.07087	, 1411	, 4	,				, 	,	,	,	,
		, 11	, 0.05160	, 1938	, 1	,			, 8	, 0.07107	, 1407	, 6	,	 sor		, 2	, 0.05432	, 1841	, 0	,			, 	,	,	,	,
		, 12	, 0.05599	, 1786	, 1	,			, 8	, 0.08929	, 1120	, 9	,			, 2	, 0.18215	, 549	, 3	,			, 	,	,	,	,
		, 15	, 0.06227	, 1606	, 2	,			, 9	, 0.06309	, 1585	, 3	,			, 3	, 0.10627	, 941	, 1	,			, 	,	,	,	,
		, 16	, 0.06532	, 1531	, 0	,			, 10	, 0.09488	, 1054	, 6	,			, 3	, 0.19646	, 509	, 3	,			, 	,	,	,	,
		, 19	, 0.07782	, 1285	, 4	,			, 10	, 0.11779	, 849	, 6	,			, 4	, 0.20040	, 499	, 3	,			, 	,	,	,	,
		, 24	, 0.08818	, 1134	, 6	,			, 10	, 0.11779	, 849	, 6	,			, 5	, 0.35211	, 284	, 4	,			, 	,	,	,	,
		, 24	, 0.08850	, 1130	, 6	,			, 10	, 0.13495	, 741	, 8	,			, 5	, 0.47393	, 211	, 6	,			, 	,	,	,	,
		, 24	, 0.08857	, 1129	, 6	,			, 10	, 0.16103	, 621	, 13	,			, 5	, 0.47619	, 210	, 10	,			, 	,	,	,	,
		, 24	, 0.08921	, 1121	, 6	,			, 11	, 0.18083	, 553	, 12	,			, 5	, 0.47847	, 209	, 10	,			, 	,	,	,	,
		, 24	, 0.09479	, 1055	, 6	,			, 11	, 0.27027	, 370	, 21	,			, 8	, 0.54348	, 184	, 9	,			, 	,	,	,	,
		, 25	, 0.09390	, 1065	, 0	,			, 12	, 0.09625	, 1039	, 5	,			, 10	, 0.71429	, 140	, 9	,			, 	,	,	,	,
		, 26	, 0.09625	, 1039	, 5	,			, 15	, 0.27701	, 361	, 22	,			, 10	, 0.96154	, 104	, 20	,			, 	,	,	,	,
		, 29	, 0.10753	, 930	, 5	,			, 16	, 0.11806	, 847	, 2	,			, 14	, 0.93458	, 107	, 13	,			, 	,	,	,	,
		, 32	, 0.11628	, 860	, 8	,			, 19	, 0.37037	, 270	, 26	,			, 14	, 8.00000	, 13	, 197	,			, 	,	,	,	,
		, 33	, 0.11905	, 840	, 5	,			, 24	, 0.46729	, 214	, 26	,			, 15	, 0.98039	, 102	, 14	,			, 	,	,	,	,
		, 33	, 0.11976	, 835	, 5	,			, 24	, 0.46729	, 214	, 26	,			, 15	, 1.21951	, 82	, 19	,			, 	,	,	,	,
		, 34	, 0.12121	, 825	, 5	,			, 24	, 0.46729	, 214	, 26	,			, 29	, 2.50000	, 40	, 35	,			, 	,	,	,	,
		, 35	, 0.12531	, 798	, 5	,			, 24	, 0.47170	, 212	, 26	,			, 29	, 3.48276	, 29	, 61	,			, 	,	,	,	,
		, 41	, 0.14599	, 685	, 7	,			, 24	, 0.76923	, 130	, 41	,				, 	,	,	,	,
		, 48	, 0.16835	, 594	, 9	,			, 25	, 0.26110	, 383	, 5	,				, 	,	,	,	,
		, 53	, 0.18762	, 533	, 9	,			, 26	, 0.88496	, 113	, 55	,	 whetstone		, 3	, 0.04771	, 2096	, 0	,			, 	,	,	,	,
		, 147	, 0.47619	, 210	, 33	,			, 29	, 1.00000	, 100	, 56	,			, 3	, 0.11312	, 884	, 1	,			, 	,	,	,	,
			, 32	, 1.58730	, 63	, 55	,			, 3	, 0.11364	, 880	, 1	,			, 	,	,	,	,
			, 33	, 5.10000	, 20	, 259	,			, 3	, 0.11416	, 876	, 1	,			, 	,	,	,	,
 sor		, 2	, 0.02056	, 4864	, 1	,			, 33	, 5.10000	, 20	, 259	,			, 4	, 0.03493	, 2863	, 0	,			, 	,	,	,	,
		, 2	, 0.02083	, 4800	, 0	,			, 34	, 6.37500	, 16	, 280	,			, 4	, 0.05882	, 1700	, 0	,			, 	,	,	,	,
		, 3	, 0.02438	, 4101	, 1	,			, 35	, 5.72222	, 18	, 250	,			, 4	, 0.12500	, 800	, 1	,			, 	,	,	,	,
		, 3	, 0.02467	, 4054	, 0	,			, 41	, 2.02000	, 50	, 74	,			, 4	, 0.21097	, 474	, 3	,			, 	,	,	,	,
		, 4	, 0.02681	, 3730	, 1	,			, 48	, 2.77778	, 36	, 89	,			, 5	, 0.11601	, 862	, 1	,			, 	,	,	,	,
		, 5	, 0.02919	, 3426	, 1	,			, 53	, 3.43333	, 30	, 96	,			, 5	, 0.20576	, 486	, 3	,			, 	,	,	,	,
		, 5	, 0.02929	, 3414	, 1	,			, 147	, 24.20000	, 5	, 275	,			, 5	, 0.22173	, 451	, 3	,	
		, 5	, 0.03108	, 3218	, 2	,				, 6	, 0.20619	, 485	, 2	,	
		, 5	, 0.03117	, 3208	, 2	,				, 6	, 0.28249	, 354	, 4	,	 sor		,	,	,	,	,
		, 8	, 0.04214	, 2373	, 3	,	 sor		, 2	, 0.02670	, 3746	, 1	,			, 6	, 0.30488	, 328	, 4	,			, 	,	,	,	,
		, 10	, 0.04596	, 2176	, 2	,			, 2	, 0.02725	, 3670	, 3	,			, 7	, 0.21505	, 465	, 3	,			, 	,	,	,	,
		, 10	, 0.04748	, 2106	, 3	,			, 3	, 0.03422	, 2922	, 3	,			, 7	, 0.50505	, 198	, 9	,			, 	,	,	,	,
		, 14	, 0.05682	, 1760	, 1	,			, 3	, 0.03436	, 2910	, 1	,			, 7	, 0.50505	, 198	, 9	,			, 	,	,	,	,
		, 14	, 0.05949	, 1681	, 3	,			, 4	, 0.03764	, 2657	, 3	,			, 7	, 0.50505	, 198	, 9	,			, 	,	,	,	,
		, 15	, 0.06192	, 1615	, 4	,			, 5	, 0.05734	, 1744	, 6	,			, 7	, 0.50761	, 197	, 9	,			, 	,	,	,	,
		, 15	, 0.06378	, 1568	, 3	,			, 5	, 0.05774	, 1732	, 4	,			, 8	, 0.28902	, 346	, 3	,			, 	,	,	,	,
		, 29	, 0.10537	, 949	, 3	,			, 5	, 0.06549	, 1527	, 10	,			, 8	, 0.36101	, 277	, 4	,			, 	,	,	,	,
		, 29	, 0.10650	, 939	, 4	,			, 5	, 0.06566	, 1523	, 10	,			, 9	, 0.29851	, 335	, 3	,			, 	,	,	,	,
			, 8	, 0.11364	, 880	, 9	,			, 9	, 0.51814	, 193	, 9	,			, 	,	,	,	,
			, 10	, 0.14164	, 706	, 20	,			, 10	, 0.47847	, 209	, 6	,			, 	,	,	,	,
 whetstone		, 3	, 0.02305	, 4339	, 0	,			, 10	, 0.16207	, 617	, 17	,			, 10	, 0.53763	, 186	, 6	,			, 	,	,	,	,
		, 3	, 0.02317	, 4316	, 0	,			, 14	, 0.19881	, 503	, 13	,			, 10	, 0.68493	, 146	, 12	,			, 	,	,	,	,
		, 3	, 0.02341	, 4271	, 0	,			, 14	, 1.07527	, 93	, 197	,			, 12	, 0.39682	, 252	, 4	,			, 	,	,	,	,
		, 3	, 0.02407	, 4154	, 0	,			, 15	, 0.27027	, 370	, 19	,			, 12	, 0.80645	, 124	, 13	,			, 	,	,	,	,
		, 4	, 0.02330	, 4292	, 0	,			, 15	, 0.28090	, 356	, 14	,			, 14	, 1.26582	, 79	, 16	,			, 	,	,	,	,
		, 4	, 0.02670	, 3745	, 1	,			, 29	, 1.61290	, 62	, 35	,			, 14	, 1.28205	, 78	, 17	,			, 	,	,	,	,
		, 4	, 0.02712	, 3687	, 0	,			, 29	, 1.69492	, 59	, 61	,			, 15	, 0.49020	, 204	, 5	,	
		, 4	, 0.02851	, 3508	, 0	,				, 15	, 0.61350	, 163	, 7	,	
		, 5	, 0.02949	, 3391	, 1	,				, 18	, 0.76923	, 130	, 9	,	 whetstone		,	,	,	,	,
		, 5	, 0.03031	, 3299	, 1	,	 whetstone		, 3	, 0.02931	, 3412	, 0	,			, 19	, 0.76923	, 130	, 9	,			, 	,	,	,	,
		, 5	, 0.03053	, 3276	, 1	,			, 3	, 0.02953	, 3386	, 1	,			, 24	, 1.03061	, 98	, 12	,			, 	,	,	,	,
		, 6	, 0.03346	, 2989	, 0	,			, 3	, 0.03076	, 3251	, 1	,			, 29	, 268.00000	, 1	, 66	,			, 	,	,	,	,
		, 6	, 0.03458	, 2892	, 1	,			, 3	, 0.03119	, 3206	, 1	,			, 31	, 271.00000	, 1	, 69	,			, 	,	,	,	,
		, 6	, 0.03531	, 2832	, 1	,			, 4	, 0.02879	, 3474	, 0	,			, 39	, 29.50000	, 4	, 46	,			, 	,	,	,	,
		, 7	, 0.03465	, 2886	, 1	,			, 4	, 0.03448	, 2900	, 0	,			, 39	, 4.39130	, 23	, 57	,			, 	,	,	,	,
		, 7	, 0.03682	, 2716	, 2	,			, 4	, 0.03605	, 2774	, 1	,				, 	,	,	,	,
		, 7	, 0.03704	, 2700	, 2	,			, 4	, 0.04045	, 2472	, 3	,				, 	,	,	,	,
		, 7	, 0.03706	, 2698	, 2	,			, 5	, 0.04144	, 2413	, 3	,				, 	,	,	,	,
		, 7	, 0.03713	, 2693	, 2	,			, 5	, 0.04344	, 2302	, 1	,				, 	,	,	,	,
		, 8	, 0.03954	, 2529	, 0	,			, 5	, 0.04771	, 2096	, 3	,				, 	,	,	,	,
		, 8	, 0.04227	, 2366	, 0	,			, 6	, 0.05184	, 1929	, 2	,				, 	,	,	,	,
		, 9	, 0.04277	, 2338	, 2	,			, 6	, 0.05814	, 1720	, 4	,				, 	,	,	,	,
		, 9	, 0.04462	, 2241	, 0	,			, 6	, 0.05872	, 1703	, 4	,				, 	,	,	,	,
		, 10	, 0.04623	, 2163	, 3	,			, 7	, 0.05314	, 1882	, 3	,				, 	,	,	,	,
		, 10	, 0.04847	, 2063	, 2	,			, 7	, 0.10183	, 982	, 9	,				, 	,	,	,	,
		, 10	, 0.04933	, 2027	, 1	,			, 7	, 0.10204	, 980	, 9	,				, 	,	,	,	,
		, 12	, 0.05277	, 1895	, 0	,			, 7	, 0.10204	, 980	, 9	,				, 	,	,	,	,
		, 12	, 0.05552	, 1801	, 4	,			, 7	, 0.10214	, 979	, 9	,				, 	,	,	,	,
		, 14	, 0.06053	, 1652	, 1	,			, 8	, 0.06361	, 1572	, 3	,				, 	,	,	,	,
		, 14	, 0.06200	, 1613	, 2	,			, 8	, 0.06959	, 1437	, 4	,				, 	,	,	,	,
		, 15	, 0.06281	, 1592	, 0	,			, 9	, 0.07924	, 1262	, 3	,				, 	,	,	,	,
		, 15	, 0.06472	, 1545	, 0	,			, 9	, 0.12210	, 819	, 9	,				, 	,	,	,	,
		, 18	, 0.07519	, 1330	, 0	,			, 10	, 0.10030	, 997	, 6	,				, 	,	,	,	,
		, 19	, 0.07622	, 1312	, 3	,			, 10	, 0.11062	, 904	, 6	,				, 	,	,	,	,
		, 24	, 0.09747	, 1026	, 0	,			, 10	, 0.16155	, 619	, 12	,				, 	,	,	,	,
		, 29	, 0.10695	, 935	, 6	,			, 12	, 0.10428	, 959	, 4	,				, 	,	,	,	,
		, 31	, 0.11287	, 886	, 6	,			, 12	, 0.17153	, 583	, 13	,				, 	,	,	,	,
		, 39	, 0.13680	, 731	, 6	,			, 14	, 0.24570	, 407	, 16	,				, 	,	,	,	,
		, 39	, 0.14205	, 704	, 18	,			, 14	, 0.43668	, 229	, 17	,				, 	,	,	,	,
			, 15	, 0.14286	, 700	, 5	,				, 	,	,	,	,
			, 15	, 0.18083	, 553	, 7	,				, 	,	,	,	,
			, 18	, 0.21413	, 467	, 9	,				, 	,	,	,	,
			, 19	, 0.19763	, 506	, 9	,				, 	,	,	,	,
			, 24	, 0.33670	, 297	, 12	,				, 	,	,	,	,
			, 29	, 1.96078	, 51	, 66	,				, 	,	,	,	,
			, 31	, 2.19565	, 46	, 69	,				, 	,	,	,	,
			, 39	, 2.02000	, 50	, 57	,				, 	,	,	,	,
			, 39	, 2.72973	, 37	, 46	,		
