maxmiso	, size	, time	, it	, cand	,	singlecut	, size	, time	, it	, cand	,	union	, size	, time	, it	, cand	,	multicut	, size	, time	, it	, cand	,
			
			
 adpcm		, 3	, 0.02431	, 4114	, 1	,	 adpcm		, 3	, 0.03442	, 2905	, 3	,	 adpcm		, 3	, 0.19646	, 509	, 3	,	 adpcm		,	,	,	,	,
		, 3	, 0.02434	, 4109	, 1	,			, 3	, 0.03445	, 2903	, 3	,			, 3	, 0.19724	, 507	, 3	,			, 	,	,	,	,
		, 3	, 0.02447	, 4086	, 1	,			, 3	, 0.03455	, 2894	, 3	,			, 3	, 66.00000	, 1	, 3	,			, 	,	,	,	,
		, 4	, 0.02681	, 3730	, 0	,			, 4	, 0.03812	, 2623	, 1	,			, 4	, 0.12804	, 781	, 1	,			, 	,	,	,	,
		, 5	, 0.03007	, 3326	, 1	,			, 5	, 0.04983	, 2007	, 5	,			, 5	, 0.28571	, 350	, 4	,			, 	,	,	,	,
		, 5	, 0.03022	, 3309	, 1	,			, 5	, 0.06618	, 1511	, 6	,			, 5	, 0.33557	, 298	, 6	,			, 	,	,	,	,
		, 5	, 0.03029	, 3301	, 1	,			, 5	, 0.06631	, 1508	, 6	,			, 5	, 0.33557	, 298	, 6	,			, 	,	,	,	,
		, 5	, 0.03034	, 3296	, 1	,			, 5	, 0.06649	, 1504	, 6	,			, 5	, 0.33557	, 298	, 6	,			, 	,	,	,	,
		, 5	, 0.03120	, 3269	, 1	,			, 5	, 0.06653	, 1503	, 6	,			, 5	, 0.33557	, 298	, 6	,			, 	,	,	,	,
		, 5	, 0.03148	, 3177	, 1	,			, 5	, 0.06689	, 1495	, 13	,			, 5	, 0.47619	, 210	, 10	,			, 	,	,	,	,
		, 6	, 0.03284	, 3045	, 1	,			, 6	, 0.07008	, 1427	, 13	,			, 6	, 0.48309	, 207	, 10	,			, 	,	,	,	,
		, 6	, 0.03287	, 3042	, 1	,			, 6	, 0.07032	, 1422	, 13	,			, 6	, 0.48544	, 206	, 10	,			, 	,	,	,	,
		, 7	, 0.03776	, 2648	, 2	,			, 7	, 0.11574	, 864	, 22	,			, 7	, 0.55556	, 180	, 9	,			, 	,	,	,	,
		, 7	, 0.03786	, 2641	, 2	,			, 7	, 0.11601	, 862	, 22	,			, 7	, 0.55556	, 180	, 9	,			, 	,	,	,	,
		, 8	, 0.03884	, 2575	, 0	,			, 8	, 0.07559	, 1323	, 3	,			, 8	, 0.23256	, 430	, 2	,			, 	,	,	,	,
		, 8	, 0.03893	, 2569	, 0	,			, 8	, 0.07581	, 1319	, 3	,			, 8	, 0.23310	, 429	, 2	,			, 	,	,	,	,
		, 10	, 0.04719	, 2119	, 3	,			, 10	, 0.16475	, 607	, 21	,			, 10	, 0.57143	, 175	, 9	,			, 	,	,	,	,
		, 11	, 0.04719	, 2119	, 2	,			, 11	, 0.10267	, 974	, 7	,			, 11	, 0.30488	, 328	, 4	,			, 	,	,	,	,
		, 11	, 0.04963	, 2015	, 2	,			, 11	, 0.42194	, 237	, 78	,			, 11	, 0.97087	, 103	, 20	,			, 	,	,	,	,
		, 11	, 0.05043	, 1983	, 2	,			, 11	, 0.48780	, 205	, 96	,			, 11	, 2.12766	, 47	, 48	,			, 	,	,	,	,
		, 11	, 0.05048	, 1981	, 2	,			, 11	, 0.48780	, 205	, 96	,			, 11	, 2.12766	, 47	, 48	,			, 	,	,	,	,
		, 12	, 0.05043	, 1983	, 2	,			, 12	, 0.12180	, 821	, 15	,			, 12	, 0.40486	, 247	, 6	,			, 	,	,	,	,
		, 12	, 0.05368	, 1863	, 3	,			, 12	, 0.23529	, 425	, 24	,			, 12	, 0.64935	, 154	, 9	,			, 	,	,	,	,
		, 12	, 0.05429	, 1842	, 1	,			, 12	, 0.31546	, 317	, 44	,			, 12	, 0.84746	, 118	, 14	,			, 	,	,	,	,
		, 14	, 0.05945	, 1682	, 3	,			, 14	, 0.30212	, 331	, 29	,			, 14	, 0.62112	, 161	, 8	,			, 	,	,	,	,
		, 14	, 0.05952	, 1680	, 3	,			, 14	, 0.30303	, 330	, 44	,			, 14	, 0.70422	, 142	, 10	,			, 	,	,	,	,
		, 14	, 0.06353	, 1574	, 1	,			, 14	, 0.44053	, 227	, 32	,			, 14	, 0.85470	, 117	, 14	,			, 	,	,	,	,
		, 17	, 0.07358	, 1359	, 1	,			, 17	, 0.53476	, 187	, 50	,			, 17	, 0.90909	, 110	, 12	,			, 	,	,	,	,
		, 18	, 0.07513	, 1331	, 4	,			, 18	, 1.16279	, 86	, 168	,			, 18	, 1.33333	, 75	, 22	,			, 	,	,	,	,
		, 18	, 0.07536	, 1327	, 4	,			, 18	, 1.16279	, 86	, 168	,			, 18	, 1.33333	, 75	, 22	,			, 	,	,	,	,
		, 20	, 0.08396	, 1191	, 3	,			, 20	, 1.46377	, 69	, 128	,			, 20	, 1.92308	, 52	, 27	,			, 	,	,	,	,
		, 21	, 0.08503	, 1176	, 1	,			, 21	, 1.81818	, 55	, 156	,			, 21	, 1.56250	, 64	, 29	,			, 	,	,	,	,
		, 31	, 0.11274	, 887	, 5	,			, 31	, 15.71430	, 7	, 1765	,			, 31	, 11.11110	, 9	, 219	,			, 	,	,	,	,
		, 38	, 0.13210	, 757	, 6	,			, 38	, 68.00000	, 2	, 8323	,			, 38	, 8.75000	, 12	, 186	,			, 	,	,	,	,
		, 38	, 0.13245	, 755	, 6	,			, 38	, 68.00000	, 2	, 8323	,			, 38	, 8.75000	, 12	, 186	,			, 	,	,	,	,
		, 55	, 0.20367	, 491	, 14	,			, 55	, 148.00000	, 1	, 6841	,			, 55	, 179300000.00000	, 1	, 1168	,			, 	,	,	,	,
			
			
 aes		,	,	,	,	,	 aes		, 1	, 0.01692	, 5911	, 0	,	 aes		,	,	,	,	,	 aes		,	,	,	,	,
		, 	,	,	,	,			, 1	, 0.01693	, 5907	, 0	,			, 	,	,	,	,			, 	,	,	,	,
		, 	,	,	,	,			, 1	, 0.01703	, 5871	, 0	,			, 	,	,	,	,			, 	,	,	,	,
		, 	,	,	,	,			, 1	, 0.01707	, 5857	, 0	,			, 	,	,	,	,			, 	,	,	,	,
		, 	,	,	,	,			, 3	, 0.02979	, 3357	, 0	,			, 	,	,	,	,			, 	,	,	,	,
		, 	,	,	,	,			, 3	, 0.02986	, 3349	, 1	,			, 	,	,	,	,			, 	,	,	,	,
		, 	,	,	,	,			, 3	, 0.03390	, 2950	, 3	,			, 	,	,	,	,			, 	,	,	,	,
		, 	,	,	,	,			, 3	, 0.03394	, 2946	, 3	,			, 	,	,	,	,			, 	,	,	,	,
		, 	,	,	,	,			, 3	, 0.03400	, 2941	, 3	,			, 	,	,	,	,			, 	,	,	,	,
		, 	,	,	,	,			, 3	, 0.03405	, 2937	, 3	,			, 	,	,	,	,			, 	,	,	,	,
		, 	,	,	,	,			, 3	, 0.03414	, 2929	, 3	,			, 	,	,	,	,			, 	,	,	,	,
		, 	,	,	,	,			, 3	, 0.03415	, 2928	, 3	,			, 	,	,	,	,			, 	,	,	,	,
		, 	,	,	,	,			, 3	, 0.03422	, 2922	, 3	,			, 	,	,	,	,			, 	,	,	,	,
		, 	,	,	,	,			, 3	, 0.03425	, 2920	, 3	,			, 	,	,	,	,			, 	,	,	,	,
		, 	,	,	,	,			, 3	, 0.03425	, 2920	, 3	,			, 	,	,	,	,			, 	,	,	,	,
		, 	,	,	,	,			, 3	, 0.03426	, 2919	, 3	,			, 	,	,	,	,			, 	,	,	,	,
		, 	,	,	,	,			, 3	, 0.03446	, 2902	, 3	,			, 	,	,	,	,			, 	,	,	,	,
		, 	,	,	,	,			, 3	, 0.03447	, 2901	, 3	,			, 	,	,	,	,			, 	,	,	,	,
		, 	,	,	,	,			, 4	, 0.0345304	, 2896	, 	,			, 	,	,	,	,			, 	,	,	,	,
		, 	,	,	,	,			, 4	, 0.0345304	, 2896	, 	,			, 	,	,	,	,			, 	,	,	,	,
		, 	,	,	,	,			, 4	, 0.0346861	, 2883	, 	,			, 	,	,	,	,			, 	,	,	,	,
		, 	,	,	,	,			, 4	, 0.0347102	, 2881	, 	,			, 	,	,	,	,			, 	,	,	,	,
		, 	,	,	,	,			, 4	, 0.0347584	, 2877	, 	,			, 	,	,	,	,			, 	,	,	,	,
		, 	,	,	,	,			, 4	, 0.0348554	, 2869	, 	,			, 	,	,	,	,			, 	,	,	,	,
		, 	,	,	,	,			, 4	, 0.03788	, 2640	, 1	,			, 	,	,	,	,			, 	,	,	,	,
		, 	,	,	,	,			, 4	, 0.03789	, 2639	, 1	,			, 	,	,	,	,			, 	,	,	,	,
		, 	,	,	,	,			, 4	, 0.03795	, 2635	, 1	,			, 	,	,	,	,			, 	,	,	,	,
		, 	,	,	,	,			, 4	, 0.03799	, 2632	, 1	,			, 	,	,	,	,			, 	,	,	,	,
		, 	,	,	,	,			, 4	, 0.04924	, 2031	, 3	,			, 	,	,	,	,			, 	,	,	,	,
		, 	,	,	,	,			, 5	, 0.04160	, 2404	, 3	,			, 	,	,	,	,			, 	,	,	,	,
		, 	,	,	,	,			, 5	, 0.06002	, 1666	, 3	,			, 	,	,	,	,			, 	,	,	,	,
		, 	,	,	,	,			, 5	, 0.06553	, 1526	, 13	,			, 	,	,	,	,			, 	,	,	,	,
		, 	,	,	,	,			, 5	, 0.06562	, 1524	, 6	,			, 	,	,	,	,			, 	,	,	,	,
		, 	,	,	,	,			, 5	, 0.06570	, 1522	, 6	,			, 	,	,	,	,			, 	,	,	,	,
		, 	,	,	,	,			, 5	, 0.06575	, 1521	, 6	,			, 	,	,	,	,			, 	,	,	,	,
		, 	,	,	,	,			, 5	, 0.06579	, 1520	, 6	,			, 	,	,	,	,			, 	,	,	,	,
		, 	,	,	,	,			, 5	, 0.06583	, 1519	, 6	,			, 	,	,	,	,			, 	,	,	,	,
		, 	,	,	,	,			, 5	, 0.06588	, 1518	, 6	,			, 	,	,	,	,			, 	,	,	,	,
		, 	,	,	,	,			, 5	, 0.06588	, 1518	, 6	,			, 	,	,	,	,			, 	,	,	,	,
		, 	,	,	,	,			, 5	, 0.06601	, 1515	, 6	,			, 	,	,	,	,			, 	,	,	,	,
		, 	,	,	,	,			, 5	, 0.06614	, 1512	, 6	,			, 	,	,	,	,			, 	,	,	,	,
		, 	,	,	,	,			, 5	, 0.06807	, 1469	, 7	,			, 	,	,	,	,			, 	,	,	,	,
		, 	,	,	,	,			, 5	, 0.06821	, 1466	, 13	,			, 	,	,	,	,			, 	,	,	,	,
		, 	,	,	,	,			, 5	, 0.06826	, 1465	, 7	,			, 	,	,	,	,			, 	,	,	,	,
		, 	,	,	,	,			, 6	, 0.04608	, 2170	, 3	,			, 	,	,	,	,			, 	,	,	,	,
		, 	,	,	,	,			, 6	, 0.04733	, 2113	, 1	,			, 	,	,	,	,			, 	,	,	,	,
		, 	,	,	,	,			, 6	, 0.04744	, 2108	, 1	,			, 	,	,	,	,			, 	,	,	,	,
		, 	,	,	,	,			, 6	, 0.04748	, 2106	, 1	,			, 	,	,	,	,			, 	,	,	,	,
		, 	,	,	,	,			, 6	, 0.04751	, 2105	, 3	,			, 	,	,	,	,			, 	,	,	,	,
		, 	,	,	,	,			, 6	, 0.04936	, 2026	, 1	,			, 	,	,	,	,			, 	,	,	,	,
		, 	,	,	,	,			, 6	, 0.05675	, 1762	, 3	,			, 	,	,	,	,			, 	,	,	,	,
		, 	,	,	,	,			, 6	, 0.05682	, 1760	, 3	,			, 	,	,	,	,			, 	,	,	,	,
		, 	,	,	,	,			, 6	, 0.05685	, 1759	, 3	,			, 	,	,	,	,			, 	,	,	,	,
		, 	,	,	,	,			, 6	, 0.05688	, 1758	, 3	,			, 	,	,	,	,			, 	,	,	,	,
		, 	,	,	,	,			, 6	, 0.05692	, 1757	, 3	,			, 	,	,	,	,			, 	,	,	,	,
		, 	,	,	,	,			, 6	, 0.05695	, 1756	, 3	,			, 	,	,	,	,			, 	,	,	,	,
		, 	,	,	,	,			, 6	, 0.05698	, 1755	, 3	,			, 	,	,	,	,			, 	,	,	,	,
		, 	,	,	,	,			, 6	, 0.05705	, 1753	, 3	,			, 	,	,	,	,			, 	,	,	,	,
		, 	,	,	,	,			, 6	, 0.05705	, 1753	, 3	,			, 	,	,	,	,			, 	,	,	,	,
		, 	,	,	,	,			, 6	, 0.05708	, 1752	, 3	,			, 	,	,	,	,			, 	,	,	,	,
		, 	,	,	,	,			, 6	, 0.06274	, 1594	, 10	,			, 	,	,	,	,			, 	,	,	,	,
		, 	,	,	,	,			, 6	, 0.06277	, 1593	, 10	,			, 	,	,	,	,			, 	,	,	,	,
		, 	,	,	,	,			, 6	, 0.06305	, 1586	, 10	,			, 	,	,	,	,			, 	,	,	,	,
		, 	,	,	,	,			, 6	, 0.06313	, 1584	, 10	,			, 	,	,	,	,			, 	,	,	,	,
		, 	,	,	,	,			, 6	, 0.06321	, 1582	, 10	,			, 	,	,	,	,			, 	,	,	,	,
		, 	,	,	,	,			, 6	, 0.06321	, 1582	, 10	,			, 	,	,	,	,			, 	,	,	,	,
		, 	,	,	,	,			, 6	, 0.07102	, 1408	, 12	,			, 	,	,	,	,			, 	,	,	,	,
		, 	,	,	,	,			, 6	, 0.0715308	, 1398	, 	,			, 	,	,	,	,			, 	,	,	,	,
		, 	,	,	,	,			, 6	, 0.07315	, 1367	, 3	,			, 	,	,	,	,			, 	,	,	,	,
		, 	,	,	,	,			, 6	, 0.10121	, 988	, 24	,			, 	,	,	,	,			, 	,	,	,	,
		, 	,	,	,	,			, 6	, 0.10121	, 988	, 24	,			, 	,	,	,	,			, 	,	,	,	,
		, 	,	,	,	,			, 6	, 0.10142	, 986	, 24	,			, 	,	,	,	,			, 	,	,	,	,
		, 	,	,	,	,			, 6	, 0.10142	, 986	, 24	,			, 	,	,	,	,			, 	,	,	,	,
		, 	,	,	,	,			, 6	, 0.10142	, 986	, 24	,			, 	,	,	,	,			, 	,	,	,	,
		, 	,	,	,	,			, 6	, 0.10152	, 985	, 24	,			, 	,	,	,	,			, 	,	,	,	,
		, 	,	,	,	,			, 6	, 0.10152	, 985	, 24	,			, 	,	,	,	,			, 	,	,	,	,
		, 	,	,	,	,			, 6	, 0.10152	, 985	, 24	,			, 	,	,	,	,			, 	,	,	,	,
		, 	,	,	,	,			, 6	, 0.10152	, 985	, 24	,			, 	,	,	,	,			, 	,	,	,	,
		, 	,	,	,	,			, 6	, 0.10152	, 985	, 24	,			, 	,	,	,	,			, 	,	,	,	,
		, 	,	,	,	,			, 6	, 0.10163	, 984	, 24	,			, 	,	,	,	,			, 	,	,	,	,
		, 	,	,	,	,			, 6	, 0.10163	, 984	, 24	,			, 	,	,	,	,			, 	,	,	,	,
		, 	,	,	,	,			, 6	, 0.10173	, 983	, 24	,			, 	,	,	,	,			, 	,	,	,	,
		, 	,	,	,	,			, 6	, 0.10194	, 981	, 24	,			, 	,	,	,	,			, 	,	,	,	,
		, 	,	,	,	,			, 7	, 0.07348	, 1361	, 13	,			, 	,	,	,	,			, 	,	,	,	,
		, 	,	,	,	,			, 7	, 0.12690	, 788	, 11	,			, 	,	,	,	,			, 	,	,	,	,
		, 	,	,	,	,			, 7	, 0.12707	, 787	, 11	,			, 	,	,	,	,			, 	,	,	,	,
		, 	,	,	,	,			, 7	, 0.13245	, 755	, 24	,			, 	,	,	,	,			, 	,	,	,	,
		, 	,	,	,	,			, 7	, 0.13263	, 754	, 24	,			, 	,	,	,	,			, 	,	,	,	,
		, 	,	,	,	,			, 7	, 0.13263	, 754	, 24	,			, 	,	,	,	,			, 	,	,	,	,
		, 	,	,	,	,			, 7	, 0.13316	, 751	, 24	,			, 	,	,	,	,			, 	,	,	,	,
		, 	,	,	,	,			, 7	, 0.17271	, 579	, 46	,			, 	,	,	,	,			, 	,	,	,	,
		, 	,	,	,	,			, 7	, 0.17271	, 579	, 46	,			, 	,	,	,	,			, 	,	,	,	,
		, 	,	,	,	,			, 7	, 0.17331	, 577	, 46	,			, 	,	,	,	,			, 	,	,	,	,
		, 	,	,	,	,			, 7	, 0.17361	, 576	, 46	,			, 	,	,	,	,			, 	,	,	,	,
		, 	,	,	,	,			, 8	, 0.07855	, 1273	, 13	,			, 	,	,	,	,			, 	,	,	,	,
		, 	,	,	,	,			, 8	, 0.07862	, 1272	, 13	,			, 	,	,	,	,			, 	,	,	,	,
		, 	,	,	,	,			, 8	, 0.07868	, 1271	, 13	,			, 	,	,	,	,			, 	,	,	,	,
		, 	,	,	,	,			, 8	, 0.07880	, 1269	, 13	,			, 	,	,	,	,			, 	,	,	,	,
		, 	,	,	,	,			, 8	, 0.07893	, 1267	, 13	,			, 	,	,	,	,			, 	,	,	,	,
		, 	,	,	,	,			, 8	, 0.07955	, 1257	, 13	,			, 	,	,	,	,			, 	,	,	,	,
		, 	,	,	,	,			, 8	, 0.07987	, 1252	, 7	,			, 	,	,	,	,			, 	,	,	,	,
		, 	,	,	,	,			, 8	, 0.07994	, 1251	, 7	,			, 	,	,	,	,			, 	,	,	,	,
		, 	,	,	,	,			, 8	, 0.08026	, 1246	, 7	,			, 	,	,	,	,			, 	,	,	,	,
		, 	,	,	,	,			, 8	, 0.19084	, 524	, 24	,			, 	,	,	,	,			, 	,	,	,	,
		, 	,	,	,	,			, 8	, 0.23310	, 429	, 37	,			, 	,	,	,	,			, 	,	,	,	,
		, 	,	,	,	,			, 8	, 0.25907	, 386	, 59	,			, 	,	,	,	,			, 	,	,	,	,
		, 	,	,	,	,			, 9	, 0.09158	, 1092	, 12	,			, 	,	,	,	,			, 	,	,	,	,
		, 	,	,	,	,			, 9	, 0.09158	, 1092	, 12	,			, 	,	,	,	,			, 	,	,	,	,
		, 	,	,	,	,			, 9	, 0.09183	, 1089	, 12	,			, 	,	,	,	,			, 	,	,	,	,
		, 	,	,	,	,			, 9	, 0.21978	, 455	, 40	,			, 	,	,	,	,			, 	,	,	,	,
		, 	,	,	,	,			, 10	, 0.11933	, 838	, 8	,			, 	,	,	,	,			, 	,	,	,	,
		, 	,	,	,	,			, 10	, 0.11947	, 837	, 8	,			, 	,	,	,	,			, 	,	,	,	,
		, 	,	,	,	,			, 10	, 0.19268	, 519	, 21	,			, 	,	,	,	,			, 	,	,	,	,
		, 	,	,	,	,			, 10	, 0.36232	, 276	, 107	,			, 	,	,	,	,			, 	,	,	,	,
		, 	,	,	,	,			, 10	, 0.41494	, 241	, 82	,			, 	,	,	,	,			, 	,	,	,	,
		, 	,	,	,	,			, 11	, 0.58479	, 171	, 134	,			, 	,	,	,	,			, 	,	,	,	,
		, 	,	,	,	,			, 11	, 0.81967	, 122	, 145	,			, 	,	,	,	,			, 	,	,	,	,
		, 	,	,	,	,			, 12	, 0.65360	, 153	, 152	,			, 	,	,	,	,			, 	,	,	,	,
		, 	,	,	,	,			, 12	, 0.65360	, 153	, 152	,			, 	,	,	,	,			, 	,	,	,	,
		, 	,	,	,	,			, 12	, 0.65360	, 153	, 152	,			, 	,	,	,	,			, 	,	,	,	,
		, 	,	,	,	,			, 13	, 0.46948	, 213	, 133	,			, 	,	,	,	,			, 	,	,	,	,
		, 	,	,	,	,			, 14	, 0.28249	, 354	, 41	,			, 	,	,	,	,			, 	,	,	,	,
		, 	,	,	,	,			, 14	, 1.36986	, 73	, 278	,			, 	,	,	,	,			, 	,	,	,	,
		, 	,	,	,	,			, 14	, 1.40845	, 71	, 205	,			, 	,	,	,	,			, 	,	,	,	,
		, 	,	,	,	,			, 14	, 1.40845	, 71	, 205	,			, 	,	,	,	,			, 	,	,	,	,
		, 	,	,	,	,			, 14	, 1.40845	, 71	, 205	,			, 	,	,	,	,			, 	,	,	,	,
		, 	,	,	,	,			, 15	, 2.56410	, 39	, 241	,			, 	,	,	,	,			, 	,	,	,	,
		, 	,	,	,	,			, 17	, 0.72464	, 138	, 45	,			, 	,	,	,	,			, 	,	,	,	,
		, 	,	,	,	,			, 17	, 1.00000	, 100	, 90	,			, 	,	,	,	,			, 	,	,	,	,
		, 	,	,	,	,			, 22	, 4.90476	, 21	, 270	,			, 	,	,	,	,			, 	,	,	,	,
		, 	,	,	,	,			, 24	, 3.74074	, 27	, 200	,			, 	,	,	,	,			, 	,	,	,	,
		, 	,	,	,	,			, 25	, 3.84615	, 26	, 200	,			, 	,	,	,	,			, 	,	,	,	,
		, 	,	,	,	,			, 25	, 3.88462	, 26	, 200	,			, 	,	,	,	,			, 	,	,	,	,
		, 	,	,	,	,			, 28	, 6.31250	, 16	, 335	,			, 	,	,	,	,			, 	,	,	,	,
		, 	,	,	,	,			, 29	, 5.15000	, 20	, 486	,			, 	,	,	,	,			, 	,	,	,	,
		, 	,	,	,	,			, 29	, 6.37500	, 16	, 335	,			, 	,	,	,	,			, 	,	,	,	,
		, 	,	,	,	,			, 29	, 6.66667	, 15	, 335	,			, 	,	,	,	,			, 	,	,	,	,
		, 	,	,	,	,			, 29	, 6.86667	, 15	, 496	,			, 	,	,	,	,			, 	,	,	,	,
		, 	,	,	,	,			, 31	, 0.49751	, 201	, 25	,			, 	,	,	,	,			, 	,	,	,	,
		, 	,	,	,	,			, 31	, 14.71430	, 7	, 990	,			, 	,	,	,	,			, 	,	,	,	,
		, 	,	,	,	,			, 31	, 14.71430	, 7	, 990	,			, 	,	,	,	,			, 	,	,	,	,
		, 	,	,	,	,			, 33	, 21.40000	, 5	, 770	,			, 	,	,	,	,			, 	,	,	,	,
		, 	,	,	,	,			, 33	, 21.40000	, 5	, 770	,			, 	,	,	,	,			, 	,	,	,	,
		, 	,	,	,	,			, 33	, 21.40000	, 5	, 770	,			, 	,	,	,	,			, 	,	,	,	,
		, 	,	,	,	,			, 34	, 18.33330	, 6	, 1128	,			, 	,	,	,	,			, 	,	,	,	,
		, 	,	,	,	,			, 34	, 18.33330	, 6	, 1128	,			, 	,	,	,	,			, 	,	,	,	,
		, 	,	,	,	,			, 34	, 18.33330	, 6	, 1128	,			, 	,	,	,	,			, 	,	,	,	,
		, 	,	,	,	,			, 35	, 0.55866	, 179	, 25	,			, 	,	,	,	,			, 	,	,	,	,
		, 	,	,	,	,			, 35	, 0.58479	, 171	, 25	,			, 	,	,	,	,			, 	,	,	,	,
		, 	,	,	,	,			, 35	, 20.00000	, 5	, 1177	,			, 	,	,	,	,			, 	,	,	,	,
		, 	,	,	,	,			, 42	, 26.25000	, 4	, 668	,			, 	,	,	,	,			, 	,	,	,	,
		, 	,	,	,	,			, 54	, 68.50000	, 2	, 2086	,			, 	,	,	,	,			, 	,	,	,	,
		, 	,	,	,	,			, 54	, 9.36364	, 11	, 168	,			, 	,	,	,	,			, 	,	,	,	,
		, 	,	,	,	,			, 67	, 126.00000	, 1	, 2898	,			, 	,	,	,	,			, 	,	,	,	,
		, 	,	,	,	,			, 68	, 125.00000	, 1	, 3051	,			, 	,	,	,	,			, 	,	,	,	,
		, 	,	,	,	,			, 73	, 177.00000	, 1	, 3663	,			, 	,	,	,	,			, 	,	,	,	,
		, 	,	,	,	,			, 73	, 177.00000	, 1	, 3663	,			, 	,	,	,	,			, 	,	,	,	,
		, 	,	,	,	,			, 73	, 177.00000	, 1	, 3663	,			, 	,	,	,	,			, 	,	,	,	,
		, 	,	,	,	,			, 75	, 1.61290	, 62	, 25	,			, 	,	,	,	,			, 	,	,	,	,
		, 	,	,	,	,			, 91	, 264	, 1	, 	,			, 	,	,	,	,			, 	,	,	,	,
		, 	,	,	,	,			, 91	, 265	, 1	, 	,			, 	,	,	,	,			, 	,	,	,	,
		, 	,	,	,	,			, 115	, 13.00000	, 8	, 187	,			, 	,	,	,	,			, 	,	,	,	,
		, 	,	,	,	,			, 126	, 40911.00000	, 1	, 759762	,			, 	,	,	,	,			, 	,	,	,	,
		, 	,	,	,	,			, 131	, 15.42860	, 7	, 187	,			, 	,	,	,	,			, 	,	,	,	,
		, 	,	,	,	,			, 131	, 15.85710	, 7	, 187	,			, 	,	,	,	,			, 	,	,	,	,
		, 	,	,	,	,			, 131	, 18.16670	, 6	, 187	,			, 	,	,	,	,			, 	,	,	,	,
		, 	,	,	,	,			, 132	, 45370	, 1	, 	,			, 	,	,	,	,			, 	,	,	,	,
		, 	,	,	,	,			, 133	, 711.00000	, 1	, 5831	,			, 	,	,	,	,			, 	,	,	,	,
		, 	,	,	,	,			, 176	, 1122.00000	, 1	, 12639	,			, 	,	,	,	,			, 	,	,	,	,
		, 	,	,	,	,			, 286	, 42245.00000	, 1	, 484056	,			, 	,	,	,	,			, 	,	,	,	,
		, 	,	,	,	,			, 302	, 49892.00000	, 1	, 549240	,			, 	,	,	,	,			, 	,	,	,	,
		, 	,	,	,	,			, 311	, 56881	, 1	, 	,			, 	,	,	,	,			, 	,	,	,	,
		, 	,	,	,	,			, 311	, 57062	, 1	, 	,			, 	,	,	,	,			, 	,	,	,	,
		, 	,	,	,	,			, 691	, 1.21385e+06	, 1	, 	,			, 	,	,	,	,			, 	,	,	,	,
		, 	,	,	,	,			, 721	, 1.91194e+06	, 1	, 	,			, 	,	,	,	,			, 	,	,	,	,
		, 	,	,	,	,			, 970	, 4.96079e+06	, 1	, 	,			, 	,	,	,	,			, 	,	,	,	,
		, 	,	,	,	,			, 1079	, 3.70143e+06	, 1	, 	,			, 	,	,	,	,			, 	,	,	,	,
		, 	,	,	,	,			, 1154	, 4.6736e+06	, 1	, 	,			, 	,	,	,	,			, 	,	,	,	,
		, 	,	,	,	,			, 1407	, 5.4032e+06	, 1	, 	,			, 	,	,	,	,			, 	,	,	,	,
		, 	,	,	,	,			, 1524	, 7.23403e+06	, 1	, 	,			, 	,	,	,	,			, 	,	,	,	,
		, 	,	,	,	,			, 1619	, 1.13685e+07	, 1	, 	,			, 	,	,	,	,			, 	,	,	,	,
			
			
 blowfish		, 3	, 0.02225	, 4495	, 0	,	 blowfish		, 3	, 0.0284252	, 3518	, 	,	 blowfish		, 3	, 0.04776	, 2094	, 0	,	 blowfish		,	,	,	,	,
		, 3	, 0.02230	, 4484	, 0	,			, 3	, 0.02877	, 3476	, 0	,			, 3	, 0.04794	, 2086	, 0	,			, 	,	,	,	,
		, 3	, 0.02404	, 4159	, 0	,			, 3	, 0.0299581	, 3338	, 	,			, 3	, 0.11389	, 878	, 1	,			, 	,	,	,	,
		, 3	, 0.02424	, 4126	, 1	,			, 3	, 0.0344116	, 2906	, 	,			, 3	, 0.19646	, 509	, 3	,			, 	,	,	,	,
		, 5	, 0.02634	, 3797	, 0	,			, 5	, 0.03275	, 3053	, 0	,			, 5	, 0.04040	, 2475	, 0	,			, 	,	,	,	,
		, 7	, 0.03731	, 2680	, 2	,			, 7	, 0.09737	, 1027	, 15	,			, 7	, 0.38023	, 263	, 6	,			, 	,	,	,	,
		, 7	, 0.03759	, 2660	, 2	,			, 7	, 0.09901	, 1010	, 10	,			, 7	, 0.43860	, 228	, 7	,			, 	,	,	,	,
		, 7	, 0.03797	, 2634	, 2	,			, 7	, 0.09901	, 1010	, 10	,			, 7	, 0.44053	, 227	, 7	,			, 	,	,	,	,
		, 7	, 0.03807	, 2627	, 1	,			, 7	, 0.16340	, 612	, 50	,			, 7	, 0.61350	, 163	, 12	,			, 	,	,	,	,
		, 7	, 0.03810	, 2625	, 1	,			, 7	, 0.16420	, 609	, 50	,			, 7	, 0.62112	, 161	, 12	,			, 	,	,	,	,
		, 8	, 0.03774	, 2650	, 1	,			, 8	, 0.05914	, 1691	, 3	,			, 8	, 0.22222	, 450	, 3	,			, 	,	,	,	,
		, 8	, 0.04005	, 2497	, 3	,			, 8	, 0.11614	, 861	, 12	,			, 8	, 0.35842	, 279	, 5	,			, 	,	,	,	,
		, 8	, 0.04052	, 2468	, 1	,			, 8	, 0.11947	, 837	, 13	,			, 8	, 0.45045	, 222	, 7	,			, 	,	,	,	,
		, 8	, 0.04057	, 2465	, 1	,			, 8	, 0.11976	, 835	, 13	,			, 8	, 0.45454	, 220	, 7	,			, 	,	,	,	,
		, 9	, 0.04314	, 2318	, 2	,			, 9	, 0.21645	, 462	, 40	,			, 9	, 0.67114	, 149	, 12	,			, 	,	,	,	,
		, 9	, 0.04320	, 2315	, 2	,			, 9	, 0.21692	, 461	, 40	,			, 9	, 0.67114	, 149	, 12	,			, 	,	,	,	,
		, 9	, 0.04320	, 2315	, 2	,			, 9	, 0.21692	, 461	, 40	,			, 9	, 0.67114	, 149	, 12	,			, 	,	,	,	,
		, 9	, 0.04323	, 2313	, 2	,			, 9	, 0.21692	, 461	, 40	,			, 9	, 0.67114	, 149	, 12	,			, 	,	,	,	,
		, 9	, 0.04323	, 2313	, 2	,			, 9	, 0.21692	, 461	, 40	,			, 9	, 0.67568	, 148	, 12	,			, 	,	,	,	,
		, 9	, 0.04361	, 2293	, 2	,			, 9	, 0.21787	, 459	, 40	,			, 9	, 0.67568	, 148	, 12	,			, 	,	,	,	,
		, 10	, 0.04593	, 2177	, 2	,			, 10	, 0.188324	, 531	, 	,			, 10	, 0.68966	, 145	, 11	,			, 	,	,	,	,
		, 10	, 0.04606	, 2171	, 2	,			, 10	, 0.24814	, 403	, 48	,			, 10	, 0.68966	, 145	, 12	,			, 	,	,	,	,
		, 10	, 0.04630	, 2160	, 2	,			, 10	, 0.24814	, 403	, 48	,			, 10	, 0.68966	, 145	, 12	,			, 	,	,	,	,
		, 10	, 0.04632	, 2159	, 2	,			, 10	, 0.24876	, 402	, 48	,			, 10	, 0.68966	, 145	, 12	,			, 	,	,	,	,
		, 10	, 0.04634	, 2158	, 2	,			, 10	, 0.24876	, 402	, 48	,			, 10	, 0.68966	, 145	, 12	,			, 	,	,	,	,
		, 10	, 0.04636	, 2157	, 2	,			, 10	, 0.24876	, 402	, 48	,			, 10	, 0.68966	, 145	, 12	,			, 	,	,	,	,
		, 10	, 0.04892	, 2044	, 2	,			, 10	, 0.25000	, 400	, 48	,			, 10	, 0.68966	, 145	, 12	,			, 	,	,	,	,
		, 11	, 0.04829	, 2071	, 3	,			, 11	, 0.145773	, 686	, 	,			, 11	, 0.37879	, 264	, 5	,			, 	,	,	,	,
		, 11	, 0.05038	, 1985	, 2	,			, 11	, 0.371747	, 269	, 	,			, 11	, 0.81967	, 122	, 14	,			, 	,	,	,	,
		, 13	, 0.05653	, 1769	, 3	,			, 13	, 0.45045	, 222	, 95	,			, 13	, 0.90090	, 111	, 17	,			, 	,	,	,	,
		, 16	, 0.06766	, 1478	, 3	,			, 16	, 1.20482	, 83	, 	,			, 16	, 1.25000	, 80	, 24	,			, 	,	,	,	,
		, 16	, 0.06803	, 1470	, 5	,			, 16	, 1.57812	, 64	, 	,			, 16	, 2.19565	, 46	, 47	,			, 	,	,	,	,
		, 19	, 0.07645	, 1308	, 4	,			, 19	, 0.81301	, 123	, 89	,			, 19	, 1.09890	, 91	, 18	,			, 	,	,	,	,
		, 22	, 0.08460	, 1182	, 4	,			, 22	, 1.20482	, 83	, 	,			, 22	, 1.19048	, 84	, 20	,			, 	,	,	,	,
		, 22	, 0.08857	, 1129	, 9	,			, 22	, 5.20000	, 20	, 512	,			, 22	, 1.85185	, 54	, 33	,			, 	,	,	,	,
		, 25	, 0.09425	, 1061	, 5	,			, 25	, 3.81481	, 27	, 	,			, 25	, 9.54545	, 11	, 145	,			, 	,	,	,	,
		, 27	, 0.09785	, 1022	, 4	,			, 27	, 8.83333	, 12	, 	,			, 27	, 2.80556	, 36	, 61	,			, 	,	,	,	,
		, 38	, 0.13055	, 766	, 6	,			, 38	, 14.8571	, 7	, 	,			, 38	, 2.37209	, 43	, 38	,			, 	,	,	,	,
		, 44	, 0.15221	, 657	, 6	,			, 44	, 13.62500	, 8	, 651	,			, 44	, 2.42857	, 42	, 38	,			, 	,	,	,	,
		, 47	, 0.15552	, 643	, 7	,			, 47	, 20.6	, 5	, 	,			, 47	, 2.72973	, 37	, 42	,			, 	,	,	,	,
		, 49	, 0.16502	, 606	, 8	,			, 49	, 292	, 1	, 	,			, 49	, 103.00000	, 1	, 672	,			, 	,	,	,	,
		, 55	, 0.18382	, 544	, 5	,			, 55	, 226	, 1	, 	,			, 55	, 12.33330	, 9	, 247	,			, 	,	,	,	,
		, 59	, 0.19417	, 515	, 13	,			, 59	, 2259.00000	, 1	, 95964	,			, 59	, 45.33330	, 3	, 909	,			, 	,	,	,	,
		, 64	, 0.21053	, 475	, 15	,			, 64	, 62.00000	, 2	, 2532	,			, 64	, 4.68182	, 22	, 74	,			, 	,	,	,	,
		, 68	, 0.21882	, 457	, 11	,			, 68	, 4097.00000	, 1	, 98183	,			, 68	, 51.50000	, 2	, 908	,			, 	,	,	,	,
		, 80	, 0.25445	, 393	, 8	,			, 80	, 4290.00000	, 1	, 103382	,			, 80	, 52.00000	, 2	, 911	,			, 	,	,	,	,
		, 98	, 0.31250	, 320	, 22	,			, 98	, 7926	, 1	, 	,			, 98	, 72.50000	, 2	, 1074	,			, 	,	,	,	,
		, 108	, 0.33898	, 295	, 25	,			, 108	, 8614.00000	, 1	, 152795	,			, 108	, 64.00000	, 2	, 1015	,			, 	,	,	,	,
		, 127	, 0.40816	, 245	, 34	,			, 127	, 13516.00000	, 1	, 233048	,			, 127	, 37371.00000	, 1	, 1624	,			, 	,	,	,	,
		, 127	, 0.42017	, 238	, 21	,			, 127	, 7369.00000	, 1	, 162114	,			, 127	, 37506.00000	, 1	, 1114	,			, 	,	,	,	,
		, 127	, 0.42373	, 236	, 22	,			, 127	, 8857	, 1	, 	,			, 127	, 7178.00000	, 1	, 991	,			, 	,	,	,	,
		, 673	, 2.06122	, 49	, 92	,			, 673	, 1.13258e+06	, 1	, 	,			, 673	, 5593.00000	, 1	, 15545	,			, 	,	,	,	,
		, 674	, 2.08333	, 48	, 92	,			, 674	, 1145080.00000	, 1	, 6690404	,			, 674	, 5593.00000	, 1	, 15545	,			, 	,	,	,	,
			
			
 cjpeg		, 2	, 0.01860	, 5376	, 0	,	 cjpeg		, 2	, 0.02399	, 4169	, 0	,	 cjpeg		, 2	, 0.03807	, 2627	, 0	,	 cjpeg		,	,	,	,	,
		, 2	, 0.01872	, 5342	, 0	,			, 2	, 0.02410	, 4149	, 0	,			, 2	, 0.03815	, 2621	, 0	,			, 	,	,	,	,
		, 2	, 0.01979	, 5052	, 0	,			, 2	, 0.02415	, 4140	, 0	,			, 2	, 0.03830	, 2611	, 0	,			, 	,	,	,	,
		, 2	, 0.01990	, 5025	, 0	,			, 2	, 0.02437	, 4103	, 0	,			, 2	, 0.03861	, 2590	, 0	,			, 	,	,	,	,
		, 2	, 0.01994	, 5016	, 0	,			, 2	, 0.02440	, 4099	, 0	,			, 2	, 0.03862	, 2589	, 0	,			, 	,	,	,	,
		, 2	, 0.01998	, 5005	, 0	,			, 2	, 0.02440	, 4098	, 0	,			, 2	, 0.03864	, 2588	, 0	,			, 	,	,	,	,
		, 2	, 0.02000	, 4999	, 0	,			, 2	, 0.02440	, 4098	, 0	,			, 2	, 0.03864	, 2588	, 0	,			, 	,	,	,	,
		, 2	, 0.02001	, 4998	, 0	,			, 2	, 0.02442	, 4095	, 0	,			, 2	, 0.03864	, 2588	, 0	,			, 	,	,	,	,
		, 2	, 0.02002	, 4996	, 0	,			, 2	, 0.02442	, 4095	, 0	,			, 2	, 0.03865	, 2587	, 0	,			, 	,	,	,	,
		, 2	, 0.02002	, 4994	, 0	,			, 2	, 0.02443	, 4094	, 0	,			, 2	, 0.03865	, 2587	, 0	,			, 	,	,	,	,
		, 2	, 0.02003	, 4993	, 0	,			, 2	, 0.02445	, 4090	, 0	,			, 2	, 0.03867	, 2586	, 0	,			, 	,	,	,	,
		, 2	, 0.02005	, 4987	, 0	,			, 2	, 0.02445	, 4090	, 0	,			, 2	, 0.03868	, 2585	, 0	,			, 	,	,	,	,
		, 2	, 0.02009	, 4978	, 0	,			, 2	, 0.02445	, 4090	, 0	,			, 2	, 0.03870	, 2584	, 0	,			, 	,	,	,	,
		, 2	, 0.02009	, 4977	, 0	,			, 2	, 0.02445	, 4090	, 0	,			, 2	, 0.03870	, 2584	, 0	,			, 	,	,	,	,
		, 2	, 0.02010	, 4976	, 0	,			, 2	, 0.02446	, 4089	, 0	,			, 2	, 0.03871	, 2583	, 0	,			, 	,	,	,	,
		, 2	, 0.02010	, 4976	, 0	,			, 2	, 0.02447	, 4086	, 0	,			, 2	, 0.03874	, 2581	, 0	,			, 	,	,	,	,
		, 2	, 0.02011	, 4973	, 0	,			, 2	, 0.02449	, 4084	, 0	,			, 2	, 0.03874	, 2581	, 0	,			, 	,	,	,	,
		, 2	, 0.02013	, 4968	, 0	,			, 2	, 0.02453	, 4076	, 0	,			, 2	, 0.03874	, 2581	, 0	,			, 	,	,	,	,
		, 2	, 0.02013	, 4967	, 0	,			, 2	, 0.02458	, 4069	, 0	,			, 2	, 0.03876	, 2580	, 0	,			, 	,	,	,	,
		, 2	, 0.02014	, 4964	, 0	,			, 2	, 0.02458	, 4068	, 0	,			, 2	, 0.03877	, 2579	, 0	,			, 	,	,	,	,
		, 2	, 0.02016	, 4960	, 0	,			, 2	, 0.02461	, 4063	, 0	,			, 2	, 0.03877	, 2579	, 0	,			, 	,	,	,	,
		, 2	, 0.02017	, 4959	, 0	,			, 2	, 0.02463	, 4060	, 0	,			, 2	, 0.03877	, 2579	, 0	,			, 	,	,	,	,
		, 2	, 0.02019	, 4954	, 0	,			, 2	, 0.02465	, 4057	, 0	,			, 2	, 0.03879	, 2578	, 0	,			, 	,	,	,	,
		, 2	, 0.02023	, 4943	, 0	,			, 2	, 0.02470	, 4048	, 0	,			, 2	, 0.03880	, 2577	, 0	,			, 	,	,	,	,
		, 2	, 0.02023	, 4942	, 0	,			, 2	, 0.02472	, 4045	, 0	,			, 2	, 0.03880	, 2577	, 0	,			, 	,	,	,	,
		, 2	, 0.02027	, 4934	, 0	,			, 2	, 0.02472	, 4045	, 0	,			, 2	, 0.03882	, 2576	, 0	,			, 	,	,	,	,
		, 2	, 0.02000	, 5000	, 0	,			, 2	, 0.02473	, 4044	, 0	,			, 2	, 0.03891	, 2570	, 0	,			, 	,	,	,	,
		, 3	, 0.02192	, 4562	, 0	,			, 3	, 0.02805	, 3565	, 0	,			, 3	, 0.04333	, 2308	, 0	,			, 	,	,	,	,
		, 3	, 0.02197	, 4551	, 0	,			, 3	, 0.02896	, 3453	, 0	,			, 3	, 0.04850	, 2062	, 0	,			, 	,	,	,	,
		, 3	, 0.02312	, 4326	, 0	,			, 3	, 0.02897	, 3452	, 0	,			, 3	, 0.04859	, 2058	, 0	,			, 	,	,	,	,
		, 3	, 0.02328	, 4295	, 0	,			, 3	, 0.02952	, 3387	, 0	,			, 3	, 0.04907	, 2038	, 0	,			, 	,	,	,	,
		, 3	, 0.02348	, 4259	, 0	,			, 3	, 0.02952	, 3387	, 0	,			, 3	, 0.04909	, 2037	, 0	,			, 	,	,	,	,
		, 3	, 0.02357	, 4243	, 0	,			, 3	, 0.02957	, 3382	, 0	,			, 3	, 0.04916	, 2034	, 0	,			, 	,	,	,	,
		, 3	, 0.02358	, 4241	, 0	,			, 3	, 0.02965	, 3373	, 0	,			, 3	, 0.04919	, 2033	, 0	,			, 	,	,	,	,
		, 3	, 0.02362	, 4234	, 0	,			, 3	, 0.02967	, 3370	, 0	,			, 3	, 0.04926	, 2030	, 0	,			, 	,	,	,	,
		, 3	, 0.02365	, 4228	, 0	,			, 3	, 0.02971	, 3366	, 0	,			, 3	, 0.04929	, 2029	, 0	,			, 	,	,	,	,
		, 3	, 0.02366	, 4227	, 0	,			, 3	, 0.02990	, 3345	, 0	,			, 3	, 0.04933	, 2027	, 0	,			, 	,	,	,	,
		, 3	, 0.02369	, 4222	, 0	,			, 3	, 0.02991	, 3343	, 0	,			, 3	, 0.04936	, 2026	, 0	,			, 	,	,	,	,
		, 3	, 0.02372	, 4215	, 0	,			, 3	, 0.03083	, 3244	, 1	,			, 3	, 0.10718	, 933	, 1	,			, 	,	,	,	,
		, 3	, 0.02379	, 4204	, 0	,			, 3	, 0.03091	, 3235	, 1	,			, 3	, 0.11377	, 879	, 1	,			, 	,	,	,	,
		, 3	, 0.02384	, 4194	, 0	,			, 3	, 0.03099	, 3227	, 1	,			, 3	, 0.11416	, 876	, 1	,			, 	,	,	,	,
		, 3	, 0.02389	, 4185	, 0	,			, 3	, 0.03102	, 3224	, 1	,			, 3	, 0.11416	, 876	, 1	,			, 	,	,	,	,
		, 3	, 0.02389	, 4185	, 0	,			, 3	, 0.03108	, 3218	, 1	,			, 3	, 0.11416	, 876	, 1	,			, 	,	,	,	,
		, 3	, 0.02398	, 4171	, 0	,			, 3	, 0.03108	, 3217	, 1	,			, 3	, 0.11429	, 875	, 1	,			, 	,	,	,	,
		, 3	, 0.02408	, 4152	, 1	,			, 3	, 0.03108	, 3217	, 1	,			, 3	, 0.11429	, 875	, 1	,			, 	,	,	,	,
		, 3	, 0.02435	, 4106	, 0	,			, 3	, 0.03348	, 2987	, 3	,			, 3	, 0.11442	, 874	, 1	,			, 	,	,	,	,
		, 3	, 0.02457	, 4070	, 1	,			, 3	, 0.03357	, 2979	, 3	,			, 3	, 0.19493	, 513	, 3	,			, 	,	,	,	,
		, 3	, 0.02464	, 4059	, 1	,			, 3	, 0.03359	, 2977	, 3	,			, 3	, 0.19531	, 512	, 3	,			, 	,	,	,	,
		, 3	, 0.02469	, 4050	, 1	,			, 3	, 0.03380	, 2959	, 3	,			, 3	, 0.19531	, 512	, 3	,			, 	,	,	,	,
		, 3	, 0.02471	, 4047	, 1	,			, 3	, 0.03381	, 2958	, 3	,			, 3	, 0.19531	, 512	, 3	,			, 	,	,	,	,
		, 3	, 0.02477	, 4037	, 1	,			, 3	, 0.03382	, 2957	, 1	,			, 3	, 0.19531	, 512	, 3	,			, 	,	,	,	,
		, 3	, 0.02480	, 4032	, 1	,			, 3	, 0.03385	, 2954	, 3	,			, 3	, 0.19570	, 511	, 3	,			, 	,	,	,	,
		, 4	, 0.02557	, 3911	, 0	,			, 4	, 0.03341	, 2993	, 0	,			, 4	, 0.06109	, 1637	, 0	,			, 	,	,	,	,
		, 4	, 0.02681	, 3730	, 1	,			, 4	, 0.03416	, 2927	, 1	,			, 4	, 0.12107	, 826	, 1	,			, 	,	,	,	,
		, 4	, 0.02683	, 3727	, 1	,			, 4	, 0.03774	, 2650	, 1	,			, 4	, 0.12407	, 806	, 1	,			, 	,	,	,	,
		, 4	, 0.02687	, 3722	, 1	,			, 4	, 0.03778	, 2647	, 1	,			, 4	, 0.12903	, 775	, 1	,			, 	,	,	,	,
		, 4	, 0.02687	, 3721	, 1	,			, 4	, 0.03779	, 2646	, 1	,			, 4	, 0.12903	, 775	, 1	,			, 	,	,	,	,
		, 4	, 0.02701	, 3702	, 1	,			, 4	, 0.03786	, 2641	, 1	,			, 4	, 0.12937	, 773	, 1	,			, 	,	,	,	,
		, 4	, 0.02704	, 3698	, 1	,			, 4	, 0.03987	, 2508	, 3	,			, 4	, 0.12953	, 772	, 1	,			, 	,	,	,	,
		, 4	, 0.02710	, 3690	, 1	,			, 4	, 0.04006	, 2496	, 3	,			, 4	, 0.21008	, 476	, 3	,			, 	,	,	,	,
		, 4	, 0.02805	, 3565	, 0	,			, 4	, 0.04037	, 2477	, 3	,			, 4	, 0.21053	, 475	, 3	,			, 	,	,	,	,
		, 4	, 0.02808	, 3561	, 0	,			, 4	, 0.04000	, 2500	, 1	,			, 4	, 0.21053	, 475	, 3	,			, 	,	,	,	,
		, 5	, 0.02987	, 3348	, 1	,			, 5	, 0.04423	, 2261	, 3	,			, 5	, 0.21552	, 464	, 3	,			, 	,	,	,	,
		, 5	, 0.03071	, 3256	, 1	,			, 5	, 0.04664	, 2144	, 3	,			, 5	, 0.22173	, 451	, 3	,			, 	,	,	,	,
		, 5	, 0.03122	, 3203	, 1	,			, 5	, 0.04771	, 2096	, 3	,			, 5	, 0.23474	, 426	, 3	,			, 	,	,	,	,
		, 5	, 0.03147	, 3178	, 2	,			, 5	, 0.06523	, 1533	, 6	,			, 5	, 0.38168	, 262	, 6	,			, 	,	,	,	,
		, 5	, 0.03148	, 3177	, 2	,			, 5	, 0.06527	, 1532	, 6	,			, 5	, 0.38314	, 261	, 6	,			, 	,	,	,	,
		, 5	, 0.03149	, 3176	, 2	,			, 5	, 0.06536	, 1530	, 6	,			, 5	, 0.38314	, 261	, 6	,			, 	,	,	,	,
		, 5	, 0.03150	, 3175	, 2	,			, 5	, 0.06536	, 1530	, 6	,			, 5	, 0.38314	, 261	, 6	,			, 	,	,	,	,
		, 5	, 0.03152	, 3173	, 2	,			, 5	, 0.06540	, 1529	, 6	,			, 5	, 0.38314	, 261	, 6	,			, 	,	,	,	,
		, 5	, 0.03165	, 3160	, 2	,			, 5	, 0.06545	, 1528	, 6	,			, 5	, 0.38314	, 261	, 6	,			, 	,	,	,	,
		, 5	, 0.03175	, 3150	, 2	,			, 5	, 0.06549	, 1527	, 6	,			, 5	, 0.38461	, 260	, 6	,			, 	,	,	,	,
		, 5	, 0.03184	, 3141	, 2	,			, 5	, 0.06562	, 1524	, 6	,			, 5	, 0.38461	, 260	, 6	,			, 	,	,	,	,
		, 6	, 0.03226	, 3100	, 0	,			, 6	, 0.04429	, 2258	, 1	,			, 6	, 0.14286	, 700	, 1	,			, 	,	,	,	,
		, 6	, 0.03396	, 2945	, 1	,			, 6	, 0.04907	, 2038	, 1	,			, 6	, 0.15456	, 647	, 1	,			, 	,	,	,	,
		, 6	, 0.03493	, 2863	, 1	,			, 6	, 0.05397	, 1853	, 3	,			, 6	, 0.23310	, 429	, 3	,			, 	,	,	,	,
		, 6	, 0.03503	, 2855	, 1	,			, 6	, 0.05402	, 1851	, 3	,			, 6	, 0.23310	, 429	, 3	,			, 	,	,	,	,
		, 6	, 0.03504	, 2854	, 1	,			, 6	, 0.05414	, 1847	, 3	,			, 6	, 0.23310	, 429	, 3	,			, 	,	,	,	,
		, 6	, 0.03514	, 2846	, 1	,			, 6	, 0.05450	, 1835	, 3	,			, 6	, 0.23310	, 429	, 3	,			, 	,	,	,	,
		, 6	, 0.03526	, 2836	, 1	,			, 6	, 0.05618	, 1780	, 5	,			, 6	, 0.29586	, 338	, 4	,			, 	,	,	,	,
		, 7	, 0.03782	, 2644	, 2	,			, 7	, 0.06821	, 1466	, 8	,			, 7	, 0.31746	, 315	, 4	,			, 	,	,	,	,
		, 7	, 0.03814	, 2622	, 2	,			, 7	, 0.06821	, 1466	, 8	,			, 7	, 0.36900	, 271	, 5	,			, 	,	,	,	,
		, 7	, 0.03857	, 2593	, 1	,			, 7	, 0.06826	, 1465	, 8	,			, 7	, 0.36900	, 271	, 5	,			, 	,	,	,	,
		, 7	, 0.03858	, 2592	, 1	,			, 7	, 0.06826	, 1465	, 8	,			, 7	, 0.36900	, 271	, 5	,			, 	,	,	,	,
		, 7	, 0.03861	, 2590	, 1	,			, 7	, 0.06826	, 1465	, 8	,			, 7	, 0.36900	, 271	, 5	,			, 	,	,	,	,
		, 7	, 0.03864	, 2588	, 1	,			, 7	, 0.06831	, 1464	, 8	,			, 7	, 0.36900	, 271	, 5	,			, 	,	,	,	,
		, 7	, 0.03865	, 2587	, 1	,			, 7	, 0.06835	, 1463	, 8	,			, 7	, 0.36900	, 271	, 5	,			, 	,	,	,	,
		, 7	, 0.03865	, 2587	, 1	,			, 7	, 0.06840	, 1462	, 8	,			, 7	, 0.36900	, 271	, 5	,			, 	,	,	,	,
		, 7	, 0.03868	, 2585	, 1	,			, 7	, 0.06845	, 1461	, 8	,			, 7	, 0.36900	, 271	, 5	,			, 	,	,	,	,
		, 7	, 0.03876	, 2580	, 1	,			, 7	, 0.06845	, 1461	, 8	,			, 7	, 0.36900	, 271	, 5	,			, 	,	,	,	,
		, 7	, 0.03887	, 2573	, 1	,			, 7	, 0.06849	, 1460	, 8	,			, 7	, 0.36900	, 271	, 5	,			, 	,	,	,	,
		, 7	, 0.03897	, 2566	, 1	,			, 7	, 0.06849	, 1460	, 8	,			, 7	, 0.36900	, 271	, 5	,			, 	,	,	,	,
		, 7	, 0.03903	, 2562	, 1	,			, 7	, 0.06849	, 1460	, 8	,			, 7	, 0.37037	, 270	, 5	,			, 	,	,	,	,
		, 7	, 0.03906	, 2560	, 1	,			, 7	, 0.06854	, 1459	, 8	,			, 7	, 0.37037	, 270	, 5	,			, 	,	,	,	,
		, 7	, 0.03912	, 2556	, 1	,			, 7	, 0.06854	, 1459	, 8	,			, 7	, 0.37037	, 270	, 5	,			, 	,	,	,	,
		, 7	, 0.03914	, 2555	, 1	,			, 7	, 0.06868	, 1456	, 8	,			, 7	, 0.37037	, 270	, 5	,			, 	,	,	,	,
		, 7	, 0.03915	, 2554	, 1	,			, 7	, 0.06873	, 1455	, 8	,			, 7	, 0.37037	, 270	, 5	,			, 	,	,	,	,
		, 7	, 0.03915	, 2554	, 1	,			, 7	, 0.06873	, 1455	, 8	,			, 7	, 0.37037	, 270	, 5	,			, 	,	,	,	,
		, 7	, 0.03923	, 2549	, 1	,			, 7	, 0.06882	, 1453	, 8	,			, 7	, 0.37037	, 270	, 5	,			, 	,	,	,	,
		, 7	, 0.03946	, 2534	, 1	,			, 7	, 0.07435	, 1345	, 7	,			, 7	, 0.37037	, 270	, 5	,			, 	,	,	,	,
		, 7	, 0.03957	, 2527	, 1	,			, 7	, 0.16000	, 625	, 50	,			, 7	, 0.61728	, 162	, 12	,			, 	,	,	,	,
		, 8	, 0.04139	, 2416	, 2	,			, 8	, 0.06729	, 1486	, 3	,			, 8	, 0.25316	, 395	, 3	,			, 	,	,	,	,
		, 8	, 0.04142	, 2414	, 1	,			, 8	, 0.07485	, 1336	, 8	,			, 8	, 0.38314	, 261	, 5	,			, 	,	,	,	,
		, 8	, 0.04179	, 2393	, 2	,			, 8	, 0.07519	, 1330	, 8	,			, 8	, 0.38314	, 261	, 5	,			, 	,	,	,	,
		, 8	, 0.04225	, 2367	, 1	,			, 8	, 0.10953	, 913	, 11	,			, 8	, 0.47619	, 210	, 7	,			, 	,	,	,	,
		, 8	, 0.04228	, 2365	, 1	,			, 8	, 0.11013	, 908	, 11	,			, 8	, 0.47847	, 209	, 7	,			, 	,	,	,	,
		, 9	, 0.04384	, 2281	, 2	,			, 9	, 0.05688	, 1758	, 1	,			, 9	, 0.18018	, 555	, 1	,			, 	,	,	,	,
		, 9	, 0.04394	, 2276	, 0	,			, 9	, 0.05747	, 1740	, 1	,			, 9	, 0.18248	, 548	, 1	,			, 	,	,	,	,
		, 9	, 0.04454	, 2245	, 1	,			, 9	, 0.06024	, 1660	, 1	,			, 9	, 0.18282	, 547	, 1	,			, 	,	,	,	,
		, 9	, 0.04519	, 2213	, 0	,			, 9	, 0.06039	, 1656	, 3	,			, 9	, 0.25707	, 389	, 3	,			, 	,	,	,	,
		, 9	, 0.04527	, 2209	, 0	,			, 9	, 0.09970	, 1003	, 10	,			, 9	, 0.40000	, 250	, 5	,			, 	,	,	,	,
		, 9	, 0.04596	, 2176	, 2	,			, 9	, 0.10650	, 939	, 20	,			, 9	, 0.54945	, 182	, 8	,			, 	,	,	,	,
		, 9	, 0.04627	, 2161	, 2	,			, 9	, 0.13699	, 730	, 22	,			, 9	, 0.57143	, 175	, 9	,			, 	,	,	,	,
		, 10	, 0.04382	, 2282	, 1	,			, 10	, 0.05764	, 1735	, 1	,			, 10	, 0.14045	, 712	, 1	,			, 	,	,	,	,
		, 10	, 0.04384	, 2281	, 1	,			, 10	, 0.05784	, 1729	, 3	,			, 10	, 0.22883	, 437	, 3	,			, 	,	,	,	,
		, 10	, 0.04579	, 2184	, 2	,			, 10	, 0.06752	, 1481	, 3	,			, 10	, 0.25381	, 394	, 2	,			, 	,	,	,	,
		, 10	, 0.04739	, 2110	, 2	,			, 10	, 0.11198	, 893	, 10	,			, 10	, 0.37736	, 265	, 4	,			, 	,	,	,	,
		, 10	, 0.04798	, 2084	, 0	,			, 10	, 0.11338	, 882	, 10	,			, 10	, 0.41494	, 241	, 5	,			, 	,	,	,	,
		, 10	, 0.04857	, 2059	, 3	,			, 10	, 0.11403	, 877	, 10	,			, 10	, 0.41494	, 241	, 5	,			, 	,	,	,	,
		, 10	, 0.04859	, 2058	, 2	,			, 10	, 0.11905	, 840	, 14	,			, 10	, 0.47619	, 210	, 6	,			, 	,	,	,	,
		, 10	, 0.04864	, 2056	, 2	,			, 10	, 0.13106	, 763	, 28	,			, 10	, 0.56818	, 176	, 9	,			, 	,	,	,	,
		, 10	, 0.04936	, 2026	, 0	,			, 10	, 0.24691	, 405	, 36	,			, 10	, 0.57143	, 175	, 9	,			, 	,	,	,	,
		, 10	, 0.05043	, 1983	, 2	,			, 10	, 0.34247	, 292	, 93	,			, 10	, 1.06316	, 95	, 23	,			, 	,	,	,	,
		, 11	, 0.05189	, 1927	, 2	,			, 11	, 0.12739	, 785	, 10	,			, 11	, 0.42553	, 235	, 5	,			, 	,	,	,	,
		, 11	, 0.05247	, 1906	, 2	,			, 11	, 0.12755	, 784	, 10	,			, 11	, 0.42553	, 235	, 5	,			, 	,	,	,	,
		, 14	, 0.05900	, 1695	, 0	,			, 14	, 0.08865	, 1128	, 1	,			, 14	, 0.23697	, 422	, 1	,			, 	,	,	,	,
		, 15	, 0.06297	, 1588	, 1	,			, 15	, 0.27855	, 359	, 14	,			, 15	, 0.52083	, 192	, 7	,			, 	,	,	,	,
		, 15	, 0.06297	, 1588	, 2	,			, 15	, 0.41841	, 239	, 77	,			, 15	, 0.88496	, 113	, 14	,			, 	,	,	,	,
		, 15	, 0.06313	, 1584	, 2	,			, 15	, 0.42017	, 238	, 77	,			, 15	, 0.88496	, 113	, 14	,			, 	,	,	,	,
		, 15	, 0.06313	, 1584	, 2	,			, 15	, 0.42017	, 238	, 77	,			, 15	, 0.88496	, 113	, 14	,			, 	,	,	,	,
		, 34	, 0.12547	, 797	, 4	,			, 34	, 3.40000	, 30	, 314	,			, 34	, 1.78571	, 56	, 27	,			, 	,	,	,	,
		, 42	, 0.15385	, 650	, 6	,			, 42	, 11.88890	, 9	, 858	,			, 42	, 2.75676	, 37	, 43	,			, 	,	,	,	,
		, 48	, 0.17794	, 562	, 14	,			, 48	, 41.00000	, 3	, 2339	,			, 48	, 4.08000	, 25	, 70	,			, 	,	,	,	,
		, 137	, 0.49261	, 203	, 0	,			, 137	, 197.00000	, 1	, 3570	,			, 137	, 9.45455	, 11	, 84	,			, 	,	,	,	,
			
			
 fft		, 2	, 0.02117	, 4724	, 0	,	 fft		, 2	, 0.02660	, 3760	, 1	,	 fft		, 2	, 0.05534	, 1807	, 0	,	 fft		,	,	,	,	,
		, 3	, 0.02386	, 4192	, 1	,			, 3	, 0.03356	, 2980	, 1	,			, 3	, 0.10799	, 926	, 1	,			, 	,	,	,	,
		, 3	, 0.02393	, 4179	, 1	,			, 3	, 0.03368	, 2969	, 3	,			, 3	, 0.10846	, 922	, 1	,			, 	,	,	,	,
		, 3	, 0.02432	, 4111	, 1	,			, 3	, 0.03373	, 2965	, 3	,			, 3	, 0.19608	, 510	, 3	,			, 	,	,	,	,
		, 3	, 0.02440	, 4099	, 1	,			, 3	, 0.03376	, 2962	, 3	,			, 3	, 0.19685	, 508	, 3	,			, 	,	,	,	,
		, 3	, 0.02440	, 4098	, 1	,			, 3	, 0.03390	, 2950	, 3	,			, 3	, 0.19685	, 508	, 3	,			, 	,	,	,	,
		, 3	, 0.02447	, 4087	, 1	,			, 3	, 0.03392	, 2948	, 1	,			, 3	, 0.19724	, 507	, 3	,			, 	,	,	,	,
		, 3	, 0.02453	, 4076	, 0	,			, 3	, 0.03409	, 2933	, 3	,			, 3	, 0.19763	, 506	, 3	,			, 	,	,	,	,
		, 3	, 0.02470	, 4049	, 0	,			, 3	, 0.03419	, 2925	, 3	,			, 3	, 0.19802	, 505	, 3	,			, 	,	,	,	,
		, 4	, 0.02939	, 3403	, 1	,			, 4	, 0.05056	, 1978	, 7	,			, 4	, 0.27100	, 369	, 4	,			, 	,	,	,	,
		, 5	, 0.02989	, 3346	, 1	,			, 5	, 0.03931	, 2544	, 1	,			, 5	, 0.13495	, 741	, 1	,			, 	,	,	,	,
		, 5	, 0.02999	, 3334	, 1	,			, 5	, 0.06519	, 1534	, 6	,			, 5	, 0.33784	, 296	, 6	,			, 	,	,	,	,
		, 5	, 0.03061	, 3267	, 2	,			, 5	, 0.06536	, 1530	, 13	,			, 5	, 0.33898	, 295	, 6	,			, 	,	,	,	,
		, 5	, 0.03141	, 3184	, 1	,			, 5	, 0.06549	, 1527	, 6	,			, 5	, 0.38760	, 258	, 6	,			, 	,	,	,	,
		, 5	, 0.03142	, 3183	, 2	,			, 5	, 0.06562	, 1524	, 6	,			, 5	, 0.53763	, 186	, 10	,			, 	,	,	,	,
		, 5	, 0.03225	, 3101	, 0	,			, 5	, 0.08453	, 1183	, 24	,			, 5	, 0.78740	, 127	, 17	,			, 	,	,	,	,
		, 6	, 0.03542	, 2823	, 1	,			, 6	, 0.08780	, 1139	, 11	,			, 6	, 0.61728	, 162	, 8	,			, 	,	,	,	,
		, 6	, 0.03544	, 2822	, 1	,			, 6	, 0.08811	, 1135	, 11	,			, 6	, 0.61728	, 162	, 8	,			, 	,	,	,	,
		, 7	, 0.03640	, 2747	, 1	,			, 7	, 0.05596	, 1787	, 3	,			, 7	, 0.21645	, 462	, 2	,			, 	,	,	,	,
		, 7	, 0.03805	, 2628	, 2	,			, 7	, 0.05596	, 1787	, 3	,			, 7	, 0.21739	, 460	, 2	,			, 	,	,	,	,
		, 7	, 0.03810	, 2625	, 0	,			, 7	, 0.12953	, 772	, 28	,			, 7	, 0.65360	, 153	, 13	,			, 	,	,	,	,
		, 7	, 0.03814	, 2622	, 3	,			, 7	, 0.14749	, 678	, 21	,			, 7	, 0.74074	, 135	, 17	,			, 	,	,	,	,
		, 7	, 0.03876	, 2580	, 0	,			, 7	, 0.17212	, 581	, 46	,			, 7	, 1.17647	, 85	, 17	,			, 	,	,	,	,
		, 8	, 0.04088	, 2446	, 3	,			, 8	, 0.07524	, 1329	, 10	,			, 8	, 0.36101	, 277	, 4	,			, 	,	,	,	,
		, 8	, 0.04110	, 2433	, 2	,			, 8	, 0.11087	, 902	, 11	,			, 8	, 0.46948	, 213	, 7	,			, 	,	,	,	,
		, 8	, 0.04115	, 2430	, 0	,			, 8	, 0.11087	, 902	, 11	,			, 8	, 0.47170	, 212	, 7	,			, 	,	,	,	,
		, 8	, 0.04115	, 2430	, 1	,			, 8	, 0.13459	, 743	, 21	,			, 8	, 0.56180	, 178	, 9	,			, 	,	,	,	,
		, 8	, 0.04161	, 2403	, 1	,			, 8	, 0.13550	, 738	, 21	,			, 8	, 0.56180	, 178	, 9	,			, 	,	,	,	,
		, 8	, 0.04216	, 2372	, 2	,			, 8	, 0.15456	, 647	, 21	,			, 8	, 0.56180	, 178	, 9	,			, 	,	,	,	,
		, 9	, 0.04246	, 2355	, 2	,			, 9	, 0.33898	, 295	, 78	,			, 9	, 0.90909	, 110	, 20	,			, 	,	,	,	,
		, 11	, 0.05033	, 1987	, 3	,			, 11	, 0.19608	, 510	, 16	,			, 11	, 0.59524	, 168	, 8	,			, 	,	,	,	,
		, 12	, 0.05330	, 1876	, 4	,			, 12	, 0.31056	, 322	, 60	,			, 12	, 0.95238	, 105	, 16	,			, 	,	,	,	,
		, 12	, 0.05444	, 1837	, 2	,			, 12	, 0.47170	, 212	, 90	,			, 12	, 0.95238	, 105	, 19	,			, 	,	,	,	,
		, 12	, 0.05587	, 1790	, 3	,			, 12	, 0.61350	, 163	, 85	,			, 12	, 1.71186	, 59	, 32	,			, 	,	,	,	,
		, 12	, 0.05615	, 1781	, 3	,			, 12	, 0.61350	, 163	, 85	,			, 12	, 1.71186	, 59	, 32	,			, 	,	,	,	,
		, 13	, 0.05423	, 1844	, 1	,			, 13	, 1.75439	, 57	, 465	,			, 13	, 5.72222	, 18	, 140	,			, 	,	,	,	,
		, 14	, 0.05984	, 1671	, 4	,			, 14	, 0.60976	, 164	, 95	,			, 14	, 1.08696	, 92	, 19	,			, 	,	,	,	,
		, 15	, 0.06238	, 1603	, 3	,			, 15	, 0.80000	, 125	, 120	,			, 15	, 1.57812	, 64	, 30	,			, 	,	,	,	,
		, 16	, 0.06196	, 1614	, 1	,			, 16	, 0.14144	, 707	, 13	,			, 16	, 0.57803	, 173	, 7	,			, 	,	,	,	,
		, 16	, 0.06211	, 1610	, 1	,			, 16	, 0.14245	, 702	, 13	,			, 16	, 0.57803	, 173	, 7	,			, 	,	,	,	,
		, 19	, 0.07722	, 1295	, 5	,			, 19	, 4.80952	, 21	, 338	,			, 19	, 1.90566	, 53	, 37	,			, 	,	,	,	,
		, 38	, 0.13495	, 741	, 7	,			, 38	, 15.28570	, 7	, 725	,			, 38	, 24.40000	, 5	, 103	,			, 	,	,	,	,
		, 52	, 0.18116	, 552	, 10	,			, 52	, 62.00000	, 2	, 1628	,			, 52	, 171.00000	, 1	, 166	,			, 	,	,	,	,
			
			
 md5		,	,	,	,	,	 md5		, 2	, 0.02695	, 3711	, 1	,	 md5		,	,	,	,	,	 md5		,	,	,	,	,
		, 	,	,	,	,			, 3	, 0.03028	, 3302	, 1	,			, 	,	,	,	,			, 	,	,	,	,
		, 	,	,	,	,			, 3	, 0.033761	, 2962	, 	,			, 	,	,	,	,			, 	,	,	,	,
		, 	,	,	,	,			, 3	, 0.0338066	, 2958	, 	,			, 	,	,	,	,			, 	,	,	,	,
		, 	,	,	,	,			, 4	, 0.0368868	, 2711	, 	,			, 	,	,	,	,			, 	,	,	,	,
		, 	,	,	,	,			, 4	, 0.0381388	, 2622	, 	,			, 	,	,	,	,			, 	,	,	,	,
		, 	,	,	,	,			, 4	, 0.04480	, 2232	, 7	,			, 	,	,	,	,			, 	,	,	,	,
		, 	,	,	,	,			, 5	, 0.0484731	, 2063	, 	,			, 	,	,	,	,			, 	,	,	,	,
		, 	,	,	,	,			, 5	, 0.0485909	, 2058	, 	,			, 	,	,	,	,			, 	,	,	,	,
		, 	,	,	,	,			, 6	, 0.10152	, 985	, 24	,			, 	,	,	,	,			, 	,	,	,	,
		, 	,	,	,	,			, 7	, 0.0835422	, 1197	, 	,			, 	,	,	,	,			, 	,	,	,	,
		, 	,	,	,	,			, 7	, 0.137931	, 725	, 	,			, 	,	,	,	,			, 	,	,	,	,
		, 	,	,	,	,			, 7	, 0.146199	, 684	, 	,			, 	,	,	,	,			, 	,	,	,	,
		, 	,	,	,	,			, 10	, 0.127389	, 785	, 	,			, 	,	,	,	,			, 	,	,	,	,
		, 	,	,	,	,			, 10	, 0.152905	, 654	, 	,			, 	,	,	,	,			, 	,	,	,	,
		, 	,	,	,	,			, 10	, 0.15504	, 645	, 31	,			, 	,	,	,	,			, 	,	,	,	,
		, 	,	,	,	,			, 11	, 0.609756	, 164	, 	,			, 	,	,	,	,			, 	,	,	,	,
		, 	,	,	,	,			, 12	, 0.243309	, 411	, 	,			, 	,	,	,	,			, 	,	,	,	,
		, 	,	,	,	,			, 12	, 0.381679	, 262	, 	,			, 	,	,	,	,			, 	,	,	,	,
		, 	,	,	,	,			, 12	, 0.469484	, 213	, 	,			, 	,	,	,	,			, 	,	,	,	,
		, 	,	,	,	,			, 13	, 0.429185	, 233	, 	,			, 	,	,	,	,			, 	,	,	,	,
		, 	,	,	,	,			, 13	, 1.42857	, 70	, 	,			, 	,	,	,	,			, 	,	,	,	,
		, 	,	,	,	,			, 15	, 1.42857	, 70	, 	,			, 	,	,	,	,			, 	,	,	,	,
		, 	,	,	,	,			, 17	, 1.08696	, 92	, 	,			, 	,	,	,	,			, 	,	,	,	,
			, 19	, 3.15625	, 32	, 	,		
			, 20	, 5.36842	, 19	, 	,		
 sha		, 3	, 0.02433	, 4110	, 0	,			, 21	, 4.85714	, 21	, 	,	 sha		, 3	, 0.04878	, 2050	, 0	,	 sha		,	,	,	,	,
		, 6	, 0.03324	, 3008	, 0	,			, 27	, 8.58333	, 12	, 1110	,			, 6	, 0.14430	, 693	, 1	,			, 	,	,	,	,
		, 7	, 0.03660	, 2732	, 2	,			, 37	, 25.50000	, 4	, 2316	,			, 7	, 1.13636	, 88	, 25	,			, 	,	,	,	,
		, 8	, 0.04042	, 2474	, 2	,			, 39	, 136.00000	, 1	, 11063	,			, 8	, 0.41667	, 240	, 6	,			, 	,	,	,	,
		, 8	, 0.04136	, 2418	, 2	,			, 55	, 72.00000	, 2	, 4427	,			, 8	, 0.56180	, 178	, 9	,			, 	,	,	,	,
		, 8	, 0.04346	, 2301	, 1	,			, 87	, 429	, 1	, 	,			, 8	, 0.57471	, 174	, 10	,			, 	,	,	,	,
		, 9	, 0.04664	, 2144	, 0	,			, 959	, 1.36106e+07	, 1	, 	,			, 9	, 0.30960	, 323	, 3	,			, 	,	,	,	,
		, 10	, 0.04815	, 2077	, 1	,				, 10	, 0.47847	, 209	, 6	,			, 	,	,	,	,
		, 10	, 0.04880	, 2049	, 2	,				, 10	, 0.48077	, 208	, 6	,			, 	,	,	,	,
		, 10	, 0.04978	, 2009	, 1	,	 sha		, 3	, 0.02974	, 3362	, 0	,			, 10	, 0.48309	, 207	, 6	,			, 	,	,	,	,
		, 10	, 0.05010	, 1996	, 1	,			, 6	, 0.04297	, 2327	, 1	,			, 10	, 0.53763	, 186	, 8	,			, 	,	,	,	,
		, 10	, 0.05033	, 1987	, 1	,			, 7	, 0.14663	, 682	, 40	,			, 10	, 0.88496	, 113	, 16	,			, 	,	,	,	,
		, 11	, 0.05008	, 1997	, 2	,			, 8	, 0.07893	, 1267	, 6	,			, 11	, 0.70422	, 142	, 12	,			, 	,	,	,	,
		, 11	, 0.05102	, 1960	, 1	,			, 8	, 0.07949	, 1258	, 13	,			, 11	, 1.00000	, 100	, 21	,			, 	,	,	,	,
		, 12	, 0.05510	, 1815	, 1	,			, 8	, 0.09794	, 1021	, 20	,			, 12	, 0.42735	, 234	, 5	,			, 	,	,	,	,
		, 15	, 0.06188	, 1616	, 2	,			, 9	, 0.06515	, 1535	, 6	,			, 15	, 1.12360	, 89	, 22	,			, 	,	,	,	,
		, 16	, 0.06489	, 1541	, 0	,			, 10	, 0.10214	, 979	, 12	,			, 16	, 0.32573	, 307	, 2	,			, 	,	,	,	,
		, 19	, 0.07669	, 1304	, 4	,			, 10	, 0.14727	, 679	, 21	,			, 19	, 1.40845	, 71	, 26	,			, 	,	,	,	,
		, 24	, 0.08726	, 1146	, 6	,			, 10	, 0.15504	, 645	, 18	,			, 24	, 3.70370	, 27	, 60	,			, 	,	,	,	,
		, 24	, 0.08734	, 1145	, 6	,			, 10	, 0.15504	, 645	, 18	,			, 24	, 3.70370	, 27	, 60	,			, 	,	,	,	,
		, 24	, 0.08811	, 1135	, 6	,			, 10	, 0.25575	, 391	, 44	,			, 24	, 3.70370	, 27	, 60	,			, 	,	,	,	,
		, 24	, 0.08873	, 1127	, 6	,			, 11	, 0.22321	, 448	, 36	,			, 24	, 3.70370	, 27	, 60	,			, 	,	,	,	,
		, 24	, 0.09355	, 1069	, 6	,			, 11	, 0.60976	, 164	, 119	,			, 24	, 5.88235	, 17	, 68	,			, 	,	,	,	,
		, 25	, 0.09398	, 1064	, 0	,			, 12	, 0.10000	, 1000	, 8	,			, 25	, 0.62500	, 160	, 5	,			, 	,	,	,	,
		, 26	, 0.09461	, 1057	, 5	,			, 15	, 0.70422	, 142	, 149	,			, 26	, 2.65789	, 38	, 55	,			, 	,	,	,	,
		, 29	, 0.10638	, 940	, 5	,			, 16	, 0.11765	, 850	, 3	,			, 29	, 2.83333	, 36	, 56	,			, 	,	,	,	,
		, 32	, 0.11351	, 881	, 8	,			, 19	, 1.44286	, 70	, 253	,			, 32	, 3.03030	, 33	, 59	,			, 	,	,	,	,
		, 33	, 0.11696	, 855	, 5	,			, 24	, 1.85185	, 54	, 256	,			, 33	, 12.75000	, 8	, 263	,			, 	,	,	,	,
		, 33	, 0.11696	, 855	, 5	,			, 24	, 1.85185	, 54	, 256	,			, 33	, 12.75000	, 8	, 263	,			, 	,	,	,	,
		, 34	, 0.11905	, 840	, 5	,			, 24	, 1.87037	, 54	, 256	,			, 34	, 15.42860	, 7	, 284	,			, 	,	,	,	,
		, 35	, 0.12300	, 813	, 5	,			, 24	, 1.87037	, 54	, 256	,			, 35	, 13.12500	, 8	, 254	,			, 	,	,	,	,
		, 41	, 0.14368	, 696	, 7	,			, 24	, 5.61111	, 18	, 680	,			, 41	, 4.12000	, 25	, 74	,			, 	,	,	,	,
		, 48	, 0.16447	, 608	, 9	,			, 25	, 0.42735	, 234	, 15	,			, 48	, 20.20000	, 5	, 201	,			, 	,	,	,	,
		, 53	, 0.18553	, 539	, 9	,			, 26	, 9.72727	, 11	, 1280	,			, 53	, 5.36842	, 19	, 96	,			, 	,	,	,	,
		, 147	, 0.46296	, 216	, 33	,			, 29	, 11.33330	, 9	, 1336	,			, 147	, 1994.00000	, 1	, 403	,			, 	,	,	,	,
			, 32	, 16.14290	, 7	, 1280	,				, 	,	,	,	,
			, 33	, 75.00000	, 2	, 6691	,				, 	,	,	,	,
 sor		, 2	, 0.02050	, 4877	, 1	,			, 33	, 75.00000	, 2	, 6691	,	 sor		, 2	, 0.05432	, 1841	, 0	,			, 	,	,	,	,
		, 2	, 0.02101	, 4760	, 0	,			, 34	, 89.50000	, 2	, 6810	,			, 2	, 0.18382	, 544	, 3	,			, 	,	,	,	,
		, 3	, 0.02442	, 4095	, 1	,			, 35	, 88.50000	, 2	, 6612	,			, 3	, 0.10707	, 934	, 1	,			, 	,	,	,	,
		, 3	, 0.02456	, 4071	, 0	,			, 41	, 37.33330	, 3	, 2487	,			, 3	, 0.19646	, 509	, 3	,			, 	,	,	,	,
		, 4	, 0.02689	, 3719	, 1	,			, 48	, 60.00000	, 2	, 3602	,			, 4	, 0.20202	, 495	, 3	,			, 	,	,	,	,
		, 5	, 0.02931	, 3412	, 1	,			, 53	, 76.00000	, 2	, 4208	,			, 5	, 0.38610	, 259	, 6	,			, 	,	,	,	,
		, 5	, 0.02936	, 3406	, 1	,			, 147	, 1744.00000	, 1	, 36827	,			, 5	, 0.48077	, 208	, 10	,	
		, 5	, 0.03114	, 3211	, 2	,				, 5	, 0.48077	, 208	, 10	,	
		, 5	, 0.03150	, 3175	, 2	,				, 5	, 0.53763	, 186	, 10	,	 sor		,	,	,	,	,
		, 8	, 0.04174	, 2396	, 3	,	 sor		, 2	, 0.02665	, 3753	, 3	,			, 8	, 0.54645	, 183	, 9	,			, 	,	,	,	,
		, 10	, 0.04598	, 2175	, 2	,			, 2	, 0.02665	, 3752	, 1	,			, 10	, 0.78125	, 128	, 13	,			, 	,	,	,	,
		, 10	, 0.04773	, 2095	, 3	,			, 3	, 0.03397	, 2944	, 3	,			, 10	, 0.97087	, 103	, 20	,			, 	,	,	,	,
		, 14	, 0.05672	, 1763	, 1	,			, 3	, 0.03446	, 2902	, 1	,			, 14	, 1.00000	, 100	, 17	,			, 	,	,	,	,
		, 14	, 0.05949	, 1681	, 3	,			, 4	, 0.03751	, 2666	, 3	,			, 14	, 8.07692	, 13	, 197	,			, 	,	,	,	,
		, 15	, 0.06215	, 1609	, 4	,			, 5	, 0.06592	, 1517	, 13	,			, 15	, 1.02041	, 98	, 16	,			, 	,	,	,	,
		, 15	, 0.06321	, 1582	, 3	,			, 5	, 0.06592	, 1517	, 13	,			, 15	, 1.29487	, 78	, 23	,			, 	,	,	,	,
		, 29	, 0.10616	, 942	, 3	,			, 5	, 0.06601	, 1515	, 6	,			, 29	, 2.75676	, 37	, 43	,			, 	,	,	,	,
		, 29	, 0.10616	, 942	, 4	,			, 5	, 0.06614	, 1512	, 13	,			, 29	, 3.77778	, 27	, 71	,			, 	,	,	,	,
			, 8	, 0.20408	, 490	, 36	,				, 	,	,	,	,
			, 10	, 0.25000	, 400	, 55	,				, 	,	,	,	,
 whetstone		, 3	, 0.02286	, 4374	, 0	,			, 10	, 0.26596	, 376	, 78	,	 whetstone		, 3	, 0.04766	, 2098	, 0	,			, 	,	,	,	,
		, 3	, 0.02318	, 4315	, 0	,			, 14	, 0.43290	, 231	, 69	,			, 3	, 0.11325	, 883	, 1	,			, 	,	,	,	,
		, 3	, 0.02323	, 4304	, 0	,			, 14	, 1.72414	, 58	, 410	,			, 3	, 0.11351	, 881	, 1	,			, 	,	,	,	,
		, 3	, 0.02384	, 4194	, 0	,			, 15	, 0.74074	, 135	, 83	,			, 3	, 0.11468	, 872	, 1	,			, 	,	,	,	,
		, 4	, 0.02320	, 4311	, 0	,			, 15	, 0.80645	, 124	, 137	,			, 4	, 0.03475	, 2878	, 0	,			, 	,	,	,	,
		, 4	, 0.02650	, 3774	, 1	,			, 29	, 10.00000	, 10	, 797	,			, 4	, 0.05928	, 1687	, 0	,			, 	,	,	,	,
		, 4	, 0.02737	, 3654	, 0	,			, 29	, 9.54545	, 11	, 350	,			, 4	, 0.12407	, 806	, 1	,	
		, 4	, 0.02822	, 3544	, 0	,				, 4	, 0.21231	, 471	, 3	,	
		, 5	, 0.02925	, 3419	, 1	,				, 5	, 0.11682	, 856	, 1	,	 whetstone		,	,	,	,	,
		, 5	, 0.03000	, 3333	, 1	,	 whetstone		, 3	, 0.02951	, 3389	, 0	,			, 5	, 0.20661	, 484	, 3	,			, 	,	,	,	,
		, 5	, 0.03044	, 3285	, 1	,			, 3	, 0.02996	, 3338	, 1	,			, 5	, 0.22173	, 451	, 3	,			, 	,	,	,	,
		, 6	, 0.03322	, 3010	, 0	,			, 3	, 0.03127	, 3198	, 1	,			, 6	, 0.20534	, 487	, 2	,			, 	,	,	,	,
		, 6	, 0.03454	, 2895	, 1	,			, 3	, 0.03131	, 3194	, 1	,			, 6	, 0.28490	, 351	, 4	,			, 	,	,	,	,
		, 6	, 0.03484	, 2870	, 1	,			, 4	, 0.02847	, 3512	, 0	,			, 6	, 0.30303	, 330	, 4	,			, 	,	,	,	,
		, 7	, 0.03460	, 2890	, 1	,			, 4	, 0.03490	, 2865	, 0	,			, 7	, 0.21459	, 466	, 3	,			, 	,	,	,	,
		, 7	, 0.03663	, 2730	, 2	,			, 4	, 0.03663	, 2730	, 1	,			, 7	, 0.50251	, 199	, 9	,			, 	,	,	,	,
		, 7	, 0.03663	, 2730	, 2	,			, 4	, 0.04082	, 2450	, 3	,			, 7	, 0.50251	, 199	, 9	,			, 	,	,	,	,
		, 7	, 0.03681	, 2717	, 2	,			, 5	, 0.04193	, 2385	, 3	,			, 7	, 0.50505	, 198	, 9	,			, 	,	,	,	,
		, 7	, 0.03691	, 2709	, 2	,			, 5	, 0.04390	, 2278	, 1	,			, 7	, 0.50505	, 198	, 9	,			, 	,	,	,	,
		, 8	, 0.03877	, 2579	, 0	,			, 5	, 0.04819	, 2075	, 3	,			, 8	, 0.28902	, 346	, 3	,			, 	,	,	,	,
		, 8	, 0.04198	, 2382	, 0	,			, 6	, 0.05482	, 1824	, 3	,			, 8	, 0.36364	, 275	, 4	,			, 	,	,	,	,
		, 9	, 0.04216	, 2372	, 2	,			, 6	, 0.05992	, 1669	, 7	,			, 9	, 0.29762	, 336	, 3	,			, 	,	,	,	,
		, 9	, 0.04350	, 2299	, 0	,			, 6	, 0.06325	, 1581	, 7	,			, 9	, 0.51282	, 195	, 9	,			, 	,	,	,	,
		, 10	, 0.04625	, 2162	, 3	,			, 7	, 0.05397	, 1853	, 3	,			, 10	, 0.47847	, 209	, 6	,			, 	,	,	,	,
		, 10	, 0.04843	, 2065	, 2	,			, 7	, 0.14084	, 710	, 27	,			, 10	, 0.56497	, 177	, 8	,			, 	,	,	,	,
		, 10	, 0.04892	, 2044	, 1	,			, 7	, 0.14184	, 705	, 27	,			, 10	, 0.68027	, 147	, 12	,			, 	,	,	,	,
		, 12	, 0.05157	, 1939	, 0	,			, 7	, 0.14184	, 705	, 27	,			, 12	, 0.39216	, 255	, 4	,			, 	,	,	,	,
		, 12	, 0.05498	, 1819	, 4	,			, 7	, 0.14245	, 702	, 27	,			, 12	, 0.80645	, 124	, 13	,			, 	,	,	,	,
		, 14	, 0.06057	, 1651	, 1	,			, 8	, 0.06645	, 1505	, 6	,			, 14	, 1.44928	, 69	, 25	,			, 	,	,	,	,
		, 14	, 0.06192	, 1615	, 2	,			, 8	, 0.07825	, 1278	, 10	,			, 14	, 1.71186	, 59	, 36	,			, 	,	,	,	,
		, 15	, 0.06227	, 1606	, 0	,			, 9	, 0.09242	, 1082	, 6	,			, 15	, 0.48544	, 206	, 5	,			, 	,	,	,	,
		, 15	, 0.06414	, 1559	, 0	,			, 9	, 0.17007	, 588	, 27	,			, 15	, 0.60976	, 164	, 7	,			, 	,	,	,	,
		, 18	, 0.07496	, 1334	, 0	,			, 10	, 0.11962	, 836	, 14	,			, 18	, 0.77519	, 129	, 9	,			, 	,	,	,	,
		, 19	, 0.07651	, 1307	, 3	,			, 10	, 0.15198	, 658	, 17	,			, 19	, 0.76336	, 131	, 9	,			, 	,	,	,	,
		, 24	, 0.09671	, 1034	, 0	,			, 10	, 0.34130	, 293	, 57	,			, 24	, 1.04167	, 96	, 12	,			, 	,	,	,	,
		, 29	, 0.10764	, 929	, 6	,			, 12	, 0.13072	, 765	, 10	,			, 29	, 4290.00000	, 1	, 334	,			, 	,	,	,	,
		, 31	, 0.11236	, 890	, 6	,			, 12	, 0.42553	, 235	, 79	,			, 31	, 4328.00000	, 1	, 333	,			, 	,	,	,	,
		, 39	, 0.13774	, 726	, 6	,			, 14	, 0.62112	, 161	, 28	,			, 39	, 4.95238	, 21	, 89	,			, 	,	,	,	,
		, 39	, 0.14184	, 705	, 18	,			, 14	, 0.68966	, 145	, 88	,			, 39	, 511.00000	, 1	, 154	,			, 	,	,	,	,
			, 15	, 0.21277	, 470	, 15	,				, 	,	,	,	,
			, 15	, 0.34965	, 286	, 28	,				, 	,	,	,	,
			, 18	, 0.46083	, 217	, 45	,				, 	,	,	,	,
			, 19	, 0.29762	, 336	, 36	,				, 	,	,	,	,
			, 24	, 0.97087	, 103	, 78	,				, 	,	,	,	,
			, 29	, 22.40000	, 5	, 1499	,				, 	,	,	,	,
			, 31	, 27.75000	, 4	, 1693	,				, 	,	,	,	,
			, 39	, 30.00000	, 4	, 751	,				, 	,	,	,	,
			, 39	, 30.75000	, 4	, 1572	,		
