maxmiso	, size	, time	, it	, cand	,


 adpcm		, 3	, 0.02436	, 4105	, 1	,
		, 3	, 0.02438	, 4101	, 1	,
		, 3	, 0.02459	, 4067	, 1	,
		, 4	, 0.02685	, 3724	, 0	,
		, 5	, 0.02996	, 3338	, 1	,
		, 5	, 0.03004	, 3329	, 1	,
		, 5	, 0.03011	, 3321	, 1	,
		, 5	, 0.03015	, 3317	, 1	,
		, 5	, 0.03017	, 3315	, 1	,
		, 5	, 0.03161	, 3164	, 1	,
		, 6	, 0.03265	, 3063	, 1	,
		, 6	, 0.03268	, 3060	, 1	,
		, 7	, 0.03762	, 2658	, 2	,
		, 7	, 0.03782	, 2644	, 2	,
		, 8	, 0.03903	, 2562	, 0	,
		, 8	, 0.03956	, 2528	, 0	,
		, 10	, 0.04710	, 2123	, 3	,
		, 11	, 0.04721	, 2118	, 2	,
		, 11	, 0.04973	, 2011	, 2	,
		, 11	, 0.05020	, 1992	, 2	,
		, 11	, 0.05023	, 1991	, 2	,
		, 12	, 0.05030	, 1988	, 2	,
		, 12	, 0.05339	, 1873	, 3	,
		, 12	, 0.05405	, 1850	, 1	,
		, 14	, 0.05886	, 1699	, 3	,
		, 14	, 0.05903	, 1694	, 3	,
		, 14	, 0.06289	, 1590	, 1	,
		, 17	, 0.07331	, 1364	, 1	,
		, 18	, 0.07502	, 1333	, 4	,
		, 18	, 0.07524	, 1329	, 4	,
		, 20	, 0.08333	, 1200	, 3	,
		, 21	, 0.08425	, 1187	, 1	,
		, 31	, 0.11223	, 891	, 5	,
		, 38	, 0.13055	, 766	, 6	,
		, 38	, 0.13141	, 761	, 6	,
		, 55	, 0.20121	, 497	, 14	,


 aes		,	,	,	,	,
		, 	,	,	,	,
		, 	,	,	,	,
		, 	,	,	,	,
		, 	,	,	,	,
		, 	,	,	,	,
		, 	,	,	,	,
		, 	,	,	,	,
		, 	,	,	,	,
		, 	,	,	,	,
		, 	,	,	,	,
		, 	,	,	,	,
		, 	,	,	,	,
		, 	,	,	,	,
		, 	,	,	,	,
		, 	,	,	,	,
		, 	,	,	,	,
		, 	,	,	,	,
		, 	,	,	,	,
		, 	,	,	,	,
		, 	,	,	,	,
		, 	,	,	,	,
		, 	,	,	,	,
		, 	,	,	,	,
		, 	,	,	,	,
		, 	,	,	,	,
		, 	,	,	,	,
		, 	,	,	,	,
		, 	,	,	,	,
		, 	,	,	,	,
		, 	,	,	,	,
		, 	,	,	,	,
		, 	,	,	,	,
		, 	,	,	,	,
		, 	,	,	,	,
		, 	,	,	,	,
		, 	,	,	,	,
		, 	,	,	,	,
		, 	,	,	,	,
		, 	,	,	,	,
		, 	,	,	,	,
		, 	,	,	,	,
		, 	,	,	,	,
		, 	,	,	,	,
		, 	,	,	,	,
		, 	,	,	,	,
		, 	,	,	,	,
		, 	,	,	,	,
		, 	,	,	,	,
		, 	,	,	,	,
		, 	,	,	,	,
		, 	,	,	,	,
		, 	,	,	,	,
		, 	,	,	,	,
		, 	,	,	,	,
		, 	,	,	,	,
		, 	,	,	,	,
		, 	,	,	,	,
		, 	,	,	,	,
		, 	,	,	,	,
		, 	,	,	,	,
		, 	,	,	,	,
		, 	,	,	,	,
		, 	,	,	,	,
		, 	,	,	,	,
		, 	,	,	,	,
		, 	,	,	,	,
		, 	,	,	,	,
		, 	,	,	,	,
		, 	,	,	,	,
		, 	,	,	,	,
		, 	,	,	,	,
		, 	,	,	,	,
		, 	,	,	,	,
		, 	,	,	,	,
		, 	,	,	,	,
		, 	,	,	,	,
		, 	,	,	,	,
		, 	,	,	,	,
		, 	,	,	,	,
		, 	,	,	,	,
		, 	,	,	,	,
		, 	,	,	,	,
		, 	,	,	,	,
		, 	,	,	,	,
		, 	,	,	,	,
		, 	,	,	,	,
		, 	,	,	,	,
		, 	,	,	,	,
		, 	,	,	,	,
		, 	,	,	,	,
		, 	,	,	,	,
		, 	,	,	,	,
		, 	,	,	,	,
		, 	,	,	,	,
		, 	,	,	,	,
		, 	,	,	,	,
		, 	,	,	,	,
		, 	,	,	,	,
		, 	,	,	,	,
		, 	,	,	,	,
		, 	,	,	,	,
		, 	,	,	,	,
		, 	,	,	,	,
		, 	,	,	,	,
		, 	,	,	,	,
		, 	,	,	,	,
		, 	,	,	,	,
		, 	,	,	,	,
		, 	,	,	,	,
		, 	,	,	,	,
		, 	,	,	,	,
		, 	,	,	,	,
		, 	,	,	,	,
		, 	,	,	,	,
		, 	,	,	,	,
		, 	,	,	,	,
		, 	,	,	,	,
		, 	,	,	,	,
		, 	,	,	,	,
		, 	,	,	,	,
		, 	,	,	,	,
		, 	,	,	,	,
		, 	,	,	,	,
		, 	,	,	,	,
		, 	,	,	,	,
		, 	,	,	,	,
		, 	,	,	,	,
		, 	,	,	,	,
		, 	,	,	,	,
		, 	,	,	,	,
		, 	,	,	,	,
		, 	,	,	,	,
		, 	,	,	,	,
		, 	,	,	,	,
		, 	,	,	,	,
		, 	,	,	,	,
		, 	,	,	,	,
		, 	,	,	,	,
		, 	,	,	,	,
		, 	,	,	,	,
		, 	,	,	,	,
		, 	,	,	,	,
		, 	,	,	,	,
		, 	,	,	,	,
		, 	,	,	,	,
		, 	,	,	,	,
		, 	,	,	,	,
		, 	,	,	,	,
		, 	,	,	,	,
		, 	,	,	,	,
		, 	,	,	,	,
		, 	,	,	,	,
		, 	,	,	,	,
		, 	,	,	,	,
		, 	,	,	,	,
		, 	,	,	,	,
		, 	,	,	,	,
		, 	,	,	,	,
		, 	,	,	,	,
		, 	,	,	,	,
		, 	,	,	,	,
		, 	,	,	,	,
		, 	,	,	,	,
		, 	,	,	,	,
		, 	,	,	,	,
		, 	,	,	,	,
		, 	,	,	,	,
		, 	,	,	,	,
		, 	,	,	,	,
		, 	,	,	,	,
		, 	,	,	,	,
		, 	,	,	,	,
		, 	,	,	,	,
		, 	,	,	,	,
		, 	,	,	,	,
		, 	,	,	,	,
		, 	,	,	,	,
		, 	,	,	,	,
		, 	,	,	,	,
		, 	,	,	,	,


 blowfish		, 3	, 0.02214	, 4516	, 0	,
		, 3	, 0.02222	, 4501	, 0	,
		, 3	, 0.02393	, 4178	, 0	,
		, 3	, 0.02438	, 4101	, 1	,
		, 5	, 0.02598	, 3849	, 0	,
		, 7	, 0.03706	, 2698	, 2	,
		, 7	, 0.03717	, 2690	, 2	,
		, 7	, 0.03764	, 2657	, 2	,
		, 7	, 0.03788	, 2640	, 1	,
		, 7	, 0.03814	, 2622	, 1	,
		, 8	, 0.03826	, 2614	, 1	,
		, 8	, 0.03978	, 2514	, 3	,
		, 8	, 0.04110	, 2433	, 1	,
		, 8	, 0.04141	, 2415	, 1	,
		, 9	, 0.04277	, 2338	, 2	,
		, 9	, 0.04301	, 2325	, 2	,
		, 9	, 0.04316	, 2317	, 2	,
		, 9	, 0.04337	, 2306	, 2	,
		, 9	, 0.04340	, 2304	, 2	,
		, 9	, 0.04373	, 2287	, 2	,
		, 10	, 0.04583	, 2182	, 2	,
		, 10	, 0.04585	, 2181	, 2	,
		, 10	, 0.04585	, 2181	, 2	,
		, 10	, 0.04643	, 2154	, 2	,
		, 10	, 0.04645	, 2153	, 2	,
		, 10	, 0.04677	, 2138	, 2	,
		, 10	, 0.04873	, 2052	, 2	,
		, 11	, 0.04871	, 2053	, 3	,
		, 11	, 0.05043	, 1983	, 2	,
		, 13	, 0.05577	, 1793	, 3	,
		, 16	, 0.06854	, 1459	, 5	,
		, 16	, 0.06897	, 1450	, 3	,
		, 19	, 0.07599	, 1316	, 4	,
		, 22	, 0.08540	, 1171	, 4	,
		, 22	, 0.08842	, 1131	, 9	,
		, 25	, 0.09579	, 1044	, 5	,
		, 27	, 0.09990	, 1001	, 4	,
		, 38	, 0.13228	, 756	, 6	,
		, 44	, 0.15060	, 664	, 6	,
		, 47	, 0.15798	, 633	, 7	,
		, 49	, 0.16584	, 603	, 8	,
		, 55	, 0.18484	, 541	, 5	,
		, 59	, 0.19685	, 508	, 13	,
		, 64	, 0.21368	, 468	, 15	,
		, 68	, 0.22321	, 448	, 11	,
		, 80	, 0.25445	, 393	, 8	,
		, 98	, 0.31153	, 321	, 22	,
		, 108	, 0.34130	, 293	, 25	,
		, 127	, 0.42194	, 237	, 34	,
		, 127	, 0.42373	, 236	, 21	,
		, 127	, 0.42735	, 234	, 22	,
		, 673	, 2.10417	, 48	, 92	,
		, 674	, 2.12766	, 47	, 92	,


 cjpeg		, 2	, 0.01845	, 5421	, 0	,
		, 2	, 0.01859	, 5380	, 0	,
		, 2	, 0.01963	, 5095	, 0	,
		, 2	, 0.01984	, 5040	, 0	,
		, 2	, 0.01985	, 5038	, 0	,
		, 2	, 0.01989	, 5027	, 0	,
		, 2	, 0.01990	, 5025	, 0	,
		, 2	, 0.01990	, 5024	, 0	,
		, 2	, 0.01990	, 5024	, 0	,
		, 2	, 0.01991	, 5023	, 0	,
		, 2	, 0.01991	, 5022	, 0	,
		, 2	, 0.01994	, 5015	, 0	,
		, 2	, 0.01999	, 5003	, 0	,
		, 2	, 0.02001	, 4997	, 0	,
		, 2	, 0.02003	, 4993	, 0	,
		, 2	, 0.02005	, 4988	, 0	,
		, 2	, 0.02005	, 4988	, 0	,
		, 2	, 0.02006	, 4986	, 0	,
		, 2	, 0.02006	, 4984	, 0	,
		, 2	, 0.02007	, 4983	, 0	,
		, 2	, 0.02007	, 4982	, 0	,
		, 2	, 0.02008	, 4981	, 0	,
		, 2	, 0.02008	, 4981	, 0	,
		, 2	, 0.02010	, 4974	, 0	,
		, 2	, 0.02010	, 4974	, 0	,
		, 2	, 0.02012	, 4971	, 0	,
		, 2	, 0.02013	, 4967	, 0	,
		, 3	, 0.02163	, 4623	, 0	,
		, 3	, 0.02185	, 4577	, 0	,
		, 3	, 0.02299	, 4349	, 0	,
		, 3	, 0.02322	, 4307	, 0	,
		, 3	, 0.02326	, 4299	, 0	,
		, 3	, 0.02340	, 4273	, 0	,
		, 3	, 0.02346	, 4263	, 0	,
		, 3	, 0.02349	, 4257	, 0	,
		, 3	, 0.02351	, 4254	, 0	,
		, 3	, 0.02352	, 4252	, 0	,
		, 3	, 0.02352	, 4251	, 0	,
		, 3	, 0.02354	, 4248	, 0	,
		, 3	, 0.02360	, 4238	, 0	,
		, 3	, 0.02364	, 4230	, 0	,
		, 3	, 0.02371	, 4218	, 0	,
		, 3	, 0.02372	, 4216	, 0	,
		, 3	, 0.02372	, 4215	, 0	,
		, 3	, 0.02385	, 4193	, 1	,
		, 3	, 0.02424	, 4126	, 0	,
		, 3	, 0.02425	, 4124	, 1	,
		, 3	, 0.02428	, 4118	, 1	,
		, 3	, 0.02436	, 4105	, 1	,
		, 3	, 0.02447	, 4087	, 1	,
		, 3	, 0.02452	, 4079	, 1	,
		, 3	, 0.02455	, 4073	, 1	,
		, 4	, 0.02557	, 3911	, 0	,
		, 4	, 0.02647	, 3778	, 1	,
		, 4	, 0.02649	, 3775	, 1	,
		, 4	, 0.02655	, 3766	, 1	,
		, 4	, 0.02672	, 3743	, 1	,
		, 4	, 0.02683	, 3727	, 1	,
		, 4	, 0.02684	, 3726	, 1	,
		, 4	, 0.02693	, 3714	, 1	,
		, 4	, 0.02809	, 3560	, 0	,
		, 4	, 0.02822	, 3543	, 0	,
		, 5	, 0.02974	, 3363	, 1	,
		, 5	, 0.03027	, 3304	, 1	,
		, 5	, 0.03096	, 3230	, 1	,
		, 5	, 0.03115	, 3210	, 2	,
		, 5	, 0.03123	, 3202	, 2	,
		, 5	, 0.03125	, 3200	, 2	,
		, 5	, 0.03129	, 3196	, 2	,
		, 5	, 0.03130	, 3195	, 2	,
		, 5	, 0.03131	, 3194	, 2	,
		, 5	, 0.03146	, 3179	, 2	,
		, 5	, 0.03153	, 3172	, 2	,
		, 6	, 0.03225	, 3101	, 0	,
		, 6	, 0.03365	, 2972	, 1	,
		, 6	, 0.03421	, 2923	, 1	,
		, 6	, 0.03440	, 2907	, 1	,
		, 6	, 0.03447	, 2901	, 1	,
		, 6	, 0.03478	, 2875	, 1	,
		, 6	, 0.03487	, 2868	, 1	,
		, 7	, 0.03752	, 2665	, 2	,
		, 7	, 0.03761	, 2659	, 2	,
		, 7	, 0.03810	, 2625	, 1	,
		, 7	, 0.03812	, 2623	, 1	,
		, 7	, 0.03817	, 2620	, 1	,
		, 7	, 0.03820	, 2618	, 1	,
		, 7	, 0.03821	, 2617	, 1	,
		, 7	, 0.03821	, 2617	, 1	,
		, 7	, 0.03823	, 2616	, 1	,
		, 7	, 0.03824	, 2615	, 1	,
		, 7	, 0.03852	, 2596	, 1	,
		, 7	, 0.03852	, 2596	, 1	,
		, 7	, 0.03852	, 2596	, 1	,
		, 7	, 0.03855	, 2594	, 1	,
		, 7	, 0.03855	, 2594	, 1	,
		, 7	, 0.03861	, 2590	, 1	,
		, 7	, 0.03864	, 2588	, 1	,
		, 7	, 0.03864	, 2588	, 1	,
		, 7	, 0.03865	, 2587	, 1	,
		, 7	, 0.03871	, 2583	, 1	,
		, 7	, 0.03874	, 2581	, 1	,
		, 8	, 0.04077	, 2453	, 1	,
		, 8	, 0.04108	, 2434	, 1	,
		, 8	, 0.04115	, 2430	, 1	,
		, 8	, 0.04125	, 2424	, 2	,
		, 8	, 0.04148	, 2411	, 2	,
		, 9	, 0.04305	, 2323	, 2	,
		, 9	, 0.04355	, 2296	, 0	,
		, 9	, 0.04390	, 2278	, 0	,
		, 9	, 0.04396	, 2275	, 1	,
		, 9	, 0.04427	, 2259	, 0	,
		, 9	, 0.04523	, 2211	, 2	,
		, 9	, 0.04579	, 2184	, 2	,
		, 10	, 0.04367	, 2290	, 1	,
		, 10	, 0.04369	, 2289	, 1	,
		, 10	, 0.04531	, 2207	, 2	,
		, 10	, 0.04671	, 2141	, 2	,
		, 10	, 0.04728	, 2115	, 0	,
		, 10	, 0.04789	, 2088	, 3	,
		, 10	, 0.04796	, 2085	, 0	,
		, 10	, 0.04822	, 2074	, 2	,
		, 10	, 0.04826	, 2072	, 2	,
		, 10	, 0.04845	, 2064	, 2	,
		, 11	, 0.05112	, 1956	, 2	,
		, 11	, 0.05141	, 1945	, 2	,
		, 14	, 0.05767	, 1734	, 0	,
		, 15	, 0.06177	, 1619	, 2	,
		, 15	, 0.06188	, 1616	, 2	,
		, 15	, 0.06203	, 1612	, 1	,
		, 15	, 0.06207	, 1611	, 2	,
		, 34	, 0.12255	, 816	, 4	,
		, 42	, 0.14970	, 668	, 6	,
		, 48	, 0.17212	, 581	, 14	,
		, 137	, 0.47847	, 209	, 0	,


 fft		, 2	, 0.02100	, 4761	, 0	,
		, 3	, 0.02374	, 4213	, 1	,
		, 3	, 0.02384	, 4194	, 1	,
		, 3	, 0.02424	, 4126	, 1	,
		, 3	, 0.02440	, 4098	, 1	,
		, 3	, 0.02443	, 4093	, 1	,
		, 3	, 0.02447	, 4087	, 1	,
		, 3	, 0.02450	, 4082	, 0	,
		, 3	, 0.02481	, 4030	, 0	,
		, 4	, 0.02921	, 3423	, 1	,
		, 5	, 0.02988	, 3347	, 1	,
		, 5	, 0.02996	, 3338	, 1	,
		, 5	, 0.03087	, 3239	, 2	,
		, 5	, 0.03136	, 3189	, 2	,
		, 5	, 0.03173	, 3152	, 1	,
		, 5	, 0.03187	, 3138	, 0	,
		, 6	, 0.03586	, 2789	, 1	,
		, 6	, 0.03588	, 2787	, 1	,
		, 7	, 0.03613	, 2768	, 1	,
		, 7	, 0.03811	, 2624	, 3	,
		, 7	, 0.03812	, 2623	, 2	,
		, 7	, 0.03823	, 2616	, 0	,
		, 7	, 0.03894	, 2568	, 0	,
		, 8	, 0.04075	, 2454	, 3	,
		, 8	, 0.04105	, 2436	, 2	,
		, 8	, 0.04174	, 2396	, 1	,
		, 8	, 0.04179	, 2393	, 1	,
		, 8	, 0.04202	, 2380	, 0	,
		, 8	, 0.04205	, 2378	, 2	,
		, 9	, 0.04259	, 2348	, 2	,
		, 11	, 0.05008	, 1997	, 3	,
		, 12	, 0.05316	, 1881	, 4	,
		, 12	, 0.05423	, 1844	, 2	,
		, 12	, 0.05574	, 1794	, 3	,
		, 12	, 0.05593	, 1788	, 3	,
		, 13	, 0.05423	, 1844	, 1	,
		, 14	, 0.05952	, 1680	, 4	,
		, 15	, 0.06234	, 1604	, 3	,
		, 16	, 0.06207	, 1611	, 1	,
		, 16	, 0.06219	, 1608	, 1	,
		, 19	, 0.07669	, 1304	, 5	,
		, 38	, 0.13477	, 742	, 7	,
		, 52	, 0.18083	, 553	, 10	,


 md5		, 2	, 0.02062	, 4850	, 1	,
		, 3	, 0.02425	, 4123	, 0	,
		, 3	, 0.02437	, 4103	, 1	,
		, 3	, 0.02452	, 4079	, 1	,
		, 4	, 0.02656	, 3765	, 1	,
		, 4	, 0.02657	, 3764	, 1	,
		, 4	, 0.02757	, 3627	, 1	,
		, 5	, 0.02972	, 3365	, 1	,
		, 5	, 0.03008	, 3325	, 1	,
		, 6	, 0.03253	, 3074	, 1	,
		, 7	, 0.03711	, 2695	, 2	,
		, 7	, 0.03741	, 2673	, 2	,
		, 7	, 0.03870	, 2584	, 3	,
		, 10	, 0.04671	, 2141	, 1	,
		, 10	, 0.04697	, 2129	, 1	,
		, 10	, 0.04873	, 2052	, 1	,
		, 11	, 0.04970	, 2012	, 2	,
		, 12	, 0.05444	, 1837	, 3	,
		, 12	, 0.05447	, 1836	, 2	,
		, 12	, 0.05470	, 1828	, 3	,
		, 13	, 0.05559	, 1799	, 2	,
		, 13	, 0.05790	, 1727	, 2	,
		, 15	, 0.06386	, 1566	, 4	,
		, 17	, 0.07037	, 1421	, 2	,
		, 19	, 0.07734	, 1293	, 3	,
		, 20	, 0.07930	, 1261	, 3	,
		, 21	, 0.08071	, 1239	, 5	,
		, 27	, 0.09980	, 1002	, 6	,
		, 37	, 0.13141	, 761	, 6	,
		, 39	, 0.13351	, 749	, 8	,
		, 55	, 0.19417	, 515	, 9	,
		, 87	, 0.28653	, 349	, 21	,
		, 959	, 2.94118	, 34	, 81	,


 sha		, 3	, 0.02412	, 4146	, 0	,
		, 6	, 0.03271	, 3057	, 0	,
		, 7	, 0.03717	, 2690	, 2	,
		, 8	, 0.04052	, 2468	, 2	,
		, 8	, 0.04149	, 2410	, 2	,
		, 8	, 0.04230	, 2364	, 1	,
		, 9	, 0.04550	, 2198	, 0	,
		, 10	, 0.04794	, 2086	, 1	,
		, 10	, 0.04847	, 2063	, 2	,
		, 10	, 0.04955	, 2018	, 1	,
		, 10	, 0.05018	, 1993	, 1	,
		, 10	, 0.05020	, 1992	, 1	,
		, 11	, 0.04997	, 2001	, 2	,
		, 11	, 0.05163	, 1937	, 1	,
		, 12	, 0.05498	, 1819	, 1	,
		, 15	, 0.06192	, 1615	, 2	,
		, 16	, 0.06614	, 1512	, 0	,
		, 19	, 0.07776	, 1286	, 4	,
		, 24	, 0.08818	, 1134	, 6	,
		, 24	, 0.08865	, 1128	, 6	,
		, 24	, 0.08873	, 1127	, 6	,
		, 24	, 0.08945	, 1118	, 6	,
		, 24	, 0.09452	, 1058	, 6	,
		, 25	, 0.09407	, 1063	, 0	,
		, 26	, 0.09533	, 1049	, 5	,
		, 29	, 0.10753	, 930	, 5	,
		, 32	, 0.11682	, 856	, 8	,
		, 33	, 0.11820	, 846	, 5	,
		, 33	, 0.11820	, 846	, 5	,
		, 34	, 0.12077	, 828	, 5	,
		, 35	, 0.12422	, 805	, 5	,
		, 41	, 0.14620	, 684	, 7	,
		, 48	, 0.16863	, 593	, 9	,
		, 53	, 0.18657	, 536	, 9	,
		, 147	, 0.47619	, 210	, 33	,


 sor		, 2	, 0.02069	, 4833	, 1	,
		, 2	, 0.02107	, 4747	, 0	,
		, 3	, 0.02448	, 4085	, 1	,
		, 3	, 0.02520	, 3969	, 0	,
		, 4	, 0.02706	, 3696	, 1	,
		, 5	, 0.02961	, 3377	, 1	,
		, 5	, 0.02976	, 3360	, 1	,
		, 5	, 0.03167	, 3158	, 2	,
		, 5	, 0.03266	, 3062	, 2	,
		, 8	, 0.04205	, 2378	, 3	,
		, 10	, 0.04617	, 2166	, 2	,
		, 10	, 0.04850	, 2062	, 3	,
		, 14	, 0.05767	, 1734	, 1	,
		, 14	, 0.06046	, 1654	, 3	,
		, 15	, 0.06297	, 1588	, 4	,
		, 15	, 0.06373	, 1569	, 3	,
		, 29	, 0.10560	, 947	, 3	,
		, 29	, 0.10741	, 931	, 4	,


 whetstone		, 3	, 0.02273	, 4400	, 0	,
		, 3	, 0.02299	, 4349	, 0	,
		, 3	, 0.02321	, 4308	, 0	,
		, 3	, 0.02372	, 4216	, 0	,
		, 4	, 0.02306	, 4337	, 0	,
		, 4	, 0.02659	, 3761	, 1	,
		, 4	, 0.02753	, 3633	, 0	,
		, 4	, 0.02796	, 3577	, 0	,
		, 5	, 0.02904	, 3444	, 1	,
		, 5	, 0.02990	, 3345	, 1	,
		, 5	, 0.03047	, 3282	, 1	,
		, 6	, 0.03364	, 2973	, 0	,
		, 6	, 0.03428	, 2917	, 1	,
		, 6	, 0.03481	, 2873	, 1	,
		, 7	, 0.03503	, 2855	, 1	,
		, 7	, 0.03651	, 2739	, 2	,
		, 7	, 0.03658	, 2734	, 2	,
		, 7	, 0.03659	, 2733	, 2	,
		, 7	, 0.03682	, 2716	, 2	,
		, 8	, 0.03918	, 2552	, 0	,
		, 8	, 0.04200	, 2381	, 0	,
		, 9	, 0.04261	, 2347	, 2	,
		, 9	, 0.04401	, 2272	, 0	,
		, 10	, 0.04632	, 2159	, 3	,
		, 10	, 0.04859	, 2058	, 2	,
		, 10	, 0.04878	, 2050	, 1	,
		, 12	, 0.05179	, 1931	, 0	,
		, 12	, 0.05510	, 1815	, 4	,
		, 14	, 0.06057	, 1651	, 1	,
		, 14	, 0.06188	, 1616	, 2	,
		, 15	, 0.06203	, 1612	, 0	,
		, 15	, 0.06382	, 1567	, 0	,
		, 18	, 0.07508	, 1332	, 0	,
		, 19	, 0.07634	, 1310	, 3	,
		, 24	, 0.09625	, 1039	, 0	,
		, 29	, 0.10718	, 933	, 6	,
		, 31	, 0.11312	, 884	, 6	,
		, 39	, 0.13717	, 729	, 6	,
		, 39	, 0.14306	, 699	, 18	,
