maxmiso	, size	, time	, it	, cand	,


 adpcm		, 3	, 0.02434	, 4108	, 1	,
		, 3	, 0.02438	, 4102	, 1	,
		, 3	, 0.02449	, 4083	, 1	,
		, 4	, 0.02677	, 3736	, 0	,
		, 5	, 0.02992	, 3342	, 1	,
		, 5	, 0.03013	, 3319	, 1	,
		, 5	, 0.03016	, 3316	, 1	,
		, 5	, 0.03016	, 3316	, 1	,
		, 5	, 0.03042	, 3287	, 1	,
		, 5	, 0.03132	, 3193	, 1	,
		, 6	, 0.03296	, 3034	, 1	,
		, 6	, 0.03305	, 3026	, 1	,
		, 7	, 0.03795	, 2635	, 2	,
		, 7	, 0.03797	, 2634	, 2	,
		, 8	, 0.03891	, 2570	, 0	,
		, 8	, 0.03899	, 2565	, 0	,
		, 10	, 0.04773	, 2095	, 3	,
		, 11	, 0.04719	, 2119	, 2	,
		, 11	, 0.04988	, 2005	, 2	,
		, 11	, 0.05023	, 1991	, 2	,
		, 11	, 0.05056	, 1978	, 2	,
		, 12	, 0.05015	, 1994	, 2	,
		, 12	, 0.05417	, 1846	, 3	,
		, 12	, 0.05420	, 1845	, 1	,
		, 14	, 0.05882	, 1700	, 3	,
		, 14	, 0.05935	, 1685	, 3	,
		, 14	, 0.06262	, 1597	, 1	,
		, 17	, 0.07252	, 1379	, 1	,
		, 18	, 0.07479	, 1337	, 4	,
		, 18	, 0.07491	, 1335	, 4	,
		, 20	, 0.08333	, 1200	, 3	,
		, 21	, 0.08467	, 1181	, 1	,
		, 31	, 0.11287	, 886	, 5	,
		, 38	, 0.13158	, 760	, 6	,
		, 38	, 0.13158	, 760	, 6	,
		, 55	, 0.20202	, 495	, 14	,


 aes		,	,	,	,	,
		, 	,	,	,	,
		, 	,	,	,	,
		, 	,	,	,	,
		, 	,	,	,	,
		, 	,	,	,	,
		, 	,	,	,	,
		, 	,	,	,	,
		, 	,	,	,	,
		, 	,	,	,	,
		, 	,	,	,	,
		, 	,	,	,	,
		, 	,	,	,	,
		, 	,	,	,	,
		, 	,	,	,	,
		, 	,	,	,	,
		, 	,	,	,	,
		, 	,	,	,	,
		, 	,	,	,	,
		, 	,	,	,	,
		, 	,	,	,	,
		, 	,	,	,	,
		, 	,	,	,	,
		, 	,	,	,	,
		, 	,	,	,	,
		, 	,	,	,	,
		, 	,	,	,	,
		, 	,	,	,	,
		, 	,	,	,	,
		, 	,	,	,	,
		, 	,	,	,	,
		, 	,	,	,	,
		, 	,	,	,	,
		, 	,	,	,	,
		, 	,	,	,	,
		, 	,	,	,	,
		, 	,	,	,	,
		, 	,	,	,	,
		, 	,	,	,	,
		, 	,	,	,	,
		, 	,	,	,	,
		, 	,	,	,	,
		, 	,	,	,	,
		, 	,	,	,	,
		, 	,	,	,	,
		, 	,	,	,	,
		, 	,	,	,	,
		, 	,	,	,	,
		, 	,	,	,	,
		, 	,	,	,	,
		, 	,	,	,	,
		, 	,	,	,	,
		, 	,	,	,	,
		, 	,	,	,	,
		, 	,	,	,	,
		, 	,	,	,	,
		, 	,	,	,	,
		, 	,	,	,	,
		, 	,	,	,	,
		, 	,	,	,	,
		, 	,	,	,	,
		, 	,	,	,	,
		, 	,	,	,	,
		, 	,	,	,	,
		, 	,	,	,	,
		, 	,	,	,	,
		, 	,	,	,	,
		, 	,	,	,	,
		, 	,	,	,	,
		, 	,	,	,	,
		, 	,	,	,	,
		, 	,	,	,	,
		, 	,	,	,	,
		, 	,	,	,	,
		, 	,	,	,	,
		, 	,	,	,	,
		, 	,	,	,	,
		, 	,	,	,	,
		, 	,	,	,	,
		, 	,	,	,	,
		, 	,	,	,	,
		, 	,	,	,	,
		, 	,	,	,	,
		, 	,	,	,	,
		, 	,	,	,	,
		, 	,	,	,	,
		, 	,	,	,	,
		, 	,	,	,	,
		, 	,	,	,	,
		, 	,	,	,	,
		, 	,	,	,	,
		, 	,	,	,	,
		, 	,	,	,	,
		, 	,	,	,	,
		, 	,	,	,	,
		, 	,	,	,	,
		, 	,	,	,	,
		, 	,	,	,	,
		, 	,	,	,	,
		, 	,	,	,	,
		, 	,	,	,	,
		, 	,	,	,	,
		, 	,	,	,	,
		, 	,	,	,	,
		, 	,	,	,	,
		, 	,	,	,	,
		, 	,	,	,	,
		, 	,	,	,	,
		, 	,	,	,	,
		, 	,	,	,	,
		, 	,	,	,	,
		, 	,	,	,	,
		, 	,	,	,	,
		, 	,	,	,	,
		, 	,	,	,	,
		, 	,	,	,	,
		, 	,	,	,	,
		, 	,	,	,	,
		, 	,	,	,	,
		, 	,	,	,	,
		, 	,	,	,	,
		, 	,	,	,	,
		, 	,	,	,	,
		, 	,	,	,	,
		, 	,	,	,	,
		, 	,	,	,	,
		, 	,	,	,	,
		, 	,	,	,	,
		, 	,	,	,	,
		, 	,	,	,	,
		, 	,	,	,	,
		, 	,	,	,	,
		, 	,	,	,	,
		, 	,	,	,	,
		, 	,	,	,	,
		, 	,	,	,	,
		, 	,	,	,	,
		, 	,	,	,	,
		, 	,	,	,	,
		, 	,	,	,	,
		, 	,	,	,	,
		, 	,	,	,	,
		, 	,	,	,	,
		, 	,	,	,	,
		, 	,	,	,	,
		, 	,	,	,	,
		, 	,	,	,	,
		, 	,	,	,	,
		, 	,	,	,	,
		, 	,	,	,	,
		, 	,	,	,	,
		, 	,	,	,	,
		, 	,	,	,	,
		, 	,	,	,	,
		, 	,	,	,	,
		, 	,	,	,	,
		, 	,	,	,	,
		, 	,	,	,	,
		, 	,	,	,	,
		, 	,	,	,	,
		, 	,	,	,	,
		, 	,	,	,	,
		, 	,	,	,	,
		, 	,	,	,	,
		, 	,	,	,	,
		, 	,	,	,	,
		, 	,	,	,	,
		, 	,	,	,	,
		, 	,	,	,	,
		, 	,	,	,	,
		, 	,	,	,	,
		, 	,	,	,	,
		, 	,	,	,	,
		, 	,	,	,	,
		, 	,	,	,	,
		, 	,	,	,	,
		, 	,	,	,	,
		, 	,	,	,	,
		, 	,	,	,	,
		, 	,	,	,	,
		, 	,	,	,	,


 blowfish		, 3	, 0.02242	, 4461	, 0	,
		, 3	, 0.02259	, 4426	, 0	,
		, 3	, 0.02413	, 4144	, 0	,
		, 3	, 0.02463	, 4060	, 1	,
		, 5	, 0.02627	, 3806	, 0	,
		, 7	, 0.03750	, 2667	, 2	,
		, 7	, 0.03759	, 2660	, 2	,
		, 7	, 0.03779	, 2646	, 1	,
		, 7	, 0.03821	, 2617	, 2	,
		, 7	, 0.03833	, 2609	, 1	,
		, 8	, 0.03824	, 2615	, 1	,
		, 8	, 0.04026	, 2484	, 3	,
		, 8	, 0.04058	, 2464	, 1	,
		, 8	, 0.04097	, 2441	, 1	,
		, 9	, 0.04338	, 2305	, 2	,
		, 9	, 0.04350	, 2299	, 2	,
		, 9	, 0.04357	, 2295	, 2	,
		, 9	, 0.04357	, 2295	, 2	,
		, 9	, 0.04373	, 2287	, 2	,
		, 9	, 0.04374	, 2286	, 2	,
		, 10	, 0.04608	, 2170	, 2	,
		, 10	, 0.04613	, 2168	, 2	,
		, 10	, 0.04617	, 2166	, 2	,
		, 10	, 0.04660	, 2146	, 2	,
		, 10	, 0.04662	, 2145	, 2	,
		, 10	, 0.04666	, 2143	, 2	,
		, 10	, 0.04888	, 2046	, 2	,
		, 11	, 0.04857	, 2059	, 3	,
		, 11	, 0.05058	, 1977	, 2	,
		, 13	, 0.05669	, 1764	, 3	,
		, 16	, 0.06859	, 1458	, 5	,
		, 16	, 0.06863	, 1457	, 3	,
		, 19	, 0.07599	, 1316	, 4	,
		, 22	, 0.08446	, 1184	, 4	,
		, 22	, 0.08921	, 1121	, 9	,
		, 25	, 0.09461	, 1057	, 5	,
		, 27	, 0.09881	, 1012	, 4	,
		, 38	, 0.13038	, 767	, 6	,
		, 44	, 0.15432	, 648	, 6	,
		, 47	, 0.15699	, 637	, 7	,
		, 49	, 0.16502	, 606	, 8	,
		, 55	, 0.18657	, 536	, 5	,
		, 59	, 0.19608	, 510	, 13	,
		, 64	, 0.21277	, 470	, 15	,
		, 68	, 0.22124	, 452	, 11	,
		, 80	, 0.25641	, 390	, 8	,
		, 98	, 0.31348	, 319	, 22	,
		, 108	, 0.34483	, 290	, 25	,
		, 127	, 0.40984	, 244	, 34	,
		, 127	, 0.41841	, 239	, 21	,
		, 127	, 0.42553	, 235	, 22	,
		, 673	, 2.12766	, 47	, 92	,
		, 674	, 2.12766	, 47	, 92	,


 cjpeg		, 2	, 0.01871	, 5346	, 0	,
		, 2	, 0.01887	, 5298	, 0	,
		, 2	, 0.01976	, 5060	, 0	,
		, 2	, 0.02006	, 4984	, 0	,
		, 2	, 0.02007	, 4983	, 0	,
		, 2	, 0.02007	, 4983	, 0	,
		, 2	, 0.02007	, 4982	, 0	,
		, 2	, 0.02009	, 4978	, 0	,
		, 2	, 0.02010	, 4975	, 0	,
		, 2	, 0.02011	, 4972	, 0	,
		, 2	, 0.02012	, 4971	, 0	,
		, 2	, 0.02014	, 4965	, 0	,
		, 2	, 0.02016	, 4961	, 0	,
		, 2	, 0.02017	, 4959	, 0	,
		, 2	, 0.02020	, 4950	, 0	,
		, 2	, 0.02021	, 4947	, 0	,
		, 2	, 0.02022	, 4946	, 0	,
		, 2	, 0.02022	, 4945	, 0	,
		, 2	, 0.02023	, 4942	, 0	,
		, 2	, 0.02025	, 4938	, 0	,
		, 2	, 0.02027	, 4934	, 0	,
		, 2	, 0.02029	, 4929	, 0	,
		, 2	, 0.02029	, 4928	, 0	,
		, 2	, 0.02031	, 4924	, 0	,
		, 2	, 0.02031	, 4924	, 0	,
		, 2	, 0.02033	, 4919	, 0	,
		, 2	, 0.02050	, 4879	, 0	,
		, 3	, 0.02210	, 4525	, 0	,
		, 3	, 0.02220	, 4504	, 0	,
		, 3	, 0.02323	, 4305	, 0	,
		, 3	, 0.02350	, 4256	, 0	,
		, 3	, 0.02351	, 4254	, 0	,
		, 3	, 0.02358	, 4241	, 0	,
		, 3	, 0.02359	, 4239	, 0	,
		, 3	, 0.02363	, 4232	, 0	,
		, 3	, 0.02366	, 4227	, 0	,
		, 3	, 0.02367	, 4225	, 0	,
		, 3	, 0.02367	, 4224	, 0	,
		, 3	, 0.02372	, 4215	, 0	,
		, 3	, 0.02376	, 4209	, 0	,
		, 3	, 0.02379	, 4203	, 0	,
		, 3	, 0.02380	, 4201	, 0	,
		, 3	, 0.02384	, 4194	, 0	,
		, 3	, 0.02386	, 4192	, 0	,
		, 3	, 0.02404	, 4159	, 1	,
		, 3	, 0.02458	, 4068	, 0	,
		, 3	, 0.02458	, 4068	, 1	,
		, 3	, 0.02458	, 4068	, 1	,
		, 3	, 0.02467	, 4054	, 1	,
		, 3	, 0.02469	, 4050	, 1	,
		, 3	, 0.02473	, 4043	, 1	,
		, 3	, 0.02486	, 4022	, 1	,
		, 4	, 0.02617	, 3821	, 0	,
		, 4	, 0.02665	, 3753	, 1	,
		, 4	, 0.02670	, 3746	, 1	,
		, 4	, 0.02701	, 3702	, 1	,
		, 4	, 0.02703	, 3699	, 1	,
		, 4	, 0.02709	, 3692	, 1	,
		, 4	, 0.02718	, 3679	, 1	,
		, 4	, 0.02723	, 3673	, 1	,
		, 4	, 0.02839	, 3522	, 0	,
		, 4	, 0.02864	, 3492	, 0	,
		, 5	, 0.03054	, 3274	, 1	,
		, 5	, 0.03055	, 3273	, 1	,
		, 5	, 0.03132	, 3193	, 1	,
		, 5	, 0.03151	, 3174	, 2	,
		, 5	, 0.03152	, 3173	, 2	,
		, 5	, 0.03153	, 3172	, 2	,
		, 5	, 0.03173	, 3152	, 2	,
		, 5	, 0.03179	, 3146	, 2	,
		, 5	, 0.03180	, 3145	, 2	,
		, 5	, 0.03185	, 3140	, 2	,
		, 5	, 0.03200	, 3125	, 2	,
		, 6	, 0.03252	, 3075	, 0	,
		, 6	, 0.03359	, 2977	, 1	,
		, 6	, 0.03453	, 2896	, 1	,
		, 6	, 0.03506	, 2852	, 1	,
		, 6	, 0.03536	, 2828	, 1	,
		, 6	, 0.03537	, 2827	, 1	,
		, 6	, 0.03546	, 2820	, 1	,
		, 7	, 0.03789	, 2639	, 2	,
		, 7	, 0.03794	, 2636	, 2	,
		, 7	, 0.03860	, 2591	, 1	,
		, 7	, 0.03864	, 2588	, 1	,
		, 7	, 0.03865	, 2587	, 1	,
		, 7	, 0.03873	, 2582	, 1	,
		, 7	, 0.03874	, 2581	, 1	,
		, 7	, 0.03874	, 2581	, 1	,
		, 7	, 0.03876	, 2580	, 1	,
		, 7	, 0.03893	, 2569	, 1	,
		, 7	, 0.03894	, 2568	, 1	,
		, 7	, 0.03897	, 2566	, 1	,
		, 7	, 0.03900	, 2564	, 1	,
		, 7	, 0.03902	, 2563	, 1	,
		, 7	, 0.03918	, 2552	, 1	,
		, 7	, 0.03928	, 2546	, 1	,
		, 7	, 0.03929	, 2545	, 1	,
		, 7	, 0.03929	, 2545	, 1	,
		, 7	, 0.03931	, 2544	, 1	,
		, 7	, 0.03932	, 2543	, 1	,
		, 7	, 0.03951	, 2531	, 1	,
		, 8	, 0.04163	, 2402	, 2	,
		, 8	, 0.04182	, 2391	, 2	,
		, 8	, 0.04193	, 2385	, 1	,
		, 8	, 0.04195	, 2384	, 1	,
		, 8	, 0.04211	, 2375	, 1	,
		, 9	, 0.04365	, 2291	, 2	,
		, 9	, 0.04378	, 2284	, 1	,
		, 9	, 0.04423	, 2261	, 0	,
		, 9	, 0.04444	, 2250	, 0	,
		, 9	, 0.04468	, 2238	, 0	,
		, 9	, 0.04566	, 2190	, 2	,
		, 9	, 0.04581	, 2183	, 2	,
		, 10	, 0.04388	, 2279	, 1	,
		, 10	, 0.04405	, 2270	, 1	,
		, 10	, 0.04615	, 2167	, 2	,
		, 10	, 0.04730	, 2114	, 2	,
		, 10	, 0.04792	, 2087	, 0	,
		, 10	, 0.04871	, 2053	, 0	,
		, 10	, 0.04871	, 2053	, 3	,
		, 10	, 0.04878	, 2050	, 2	,
		, 10	, 0.04880	, 2049	, 2	,
		, 10	, 0.04985	, 2006	, 2	,
		, 11	, 0.05203	, 1922	, 2	,
		, 11	, 0.05222	, 1915	, 2	,
		, 14	, 0.05869	, 1704	, 0	,
		, 15	, 0.06250	, 1600	, 2	,
		, 15	, 0.06262	, 1597	, 2	,
		, 15	, 0.06270	, 1595	, 2	,
		, 15	, 0.06293	, 1589	, 1	,
		, 34	, 0.12438	, 804	, 4	,
		, 42	, 0.15152	, 660	, 6	,
		, 48	, 0.17513	, 571	, 14	,
		, 137	, 0.48544	, 206	, 0	,


 fft		, 2	, 0.02129	, 4696	, 0	,
		, 3	, 0.02387	, 4189	, 1	,
		, 3	, 0.02399	, 4169	, 1	,
		, 3	, 0.02431	, 4113	, 1	,
		, 3	, 0.02434	, 4108	, 1	,
		, 3	, 0.02447	, 4086	, 1	,
		, 3	, 0.02456	, 4071	, 0	,
		, 3	, 0.02462	, 4062	, 0	,
		, 3	, 0.02462	, 4062	, 1	,
		, 4	, 0.02930	, 3413	, 1	,
		, 5	, 0.02996	, 3338	, 1	,
		, 5	, 0.03024	, 3307	, 1	,
		, 5	, 0.03090	, 3236	, 2	,
		, 5	, 0.03135	, 3190	, 2	,
		, 5	, 0.03155	, 3170	, 0	,
		, 5	, 0.03160	, 3165	, 1	,
		, 6	, 0.03564	, 2806	, 1	,
		, 6	, 0.03589	, 2786	, 1	,
		, 7	, 0.03662	, 2731	, 1	,
		, 7	, 0.03808	, 2626	, 3	,
		, 7	, 0.03810	, 2625	, 2	,
		, 7	, 0.03824	, 2615	, 0	,
		, 7	, 0.03876	, 2580	, 0	,
		, 8	, 0.04083	, 2449	, 3	,
		, 8	, 0.04122	, 2426	, 2	,
		, 8	, 0.04139	, 2416	, 1	,
		, 8	, 0.04163	, 2402	, 1	,
		, 8	, 0.04174	, 2396	, 0	,
		, 8	, 0.04200	, 2381	, 2	,
		, 9	, 0.04283	, 2335	, 2	,
		, 11	, 0.05040	, 1984	, 3	,
		, 12	, 0.05379	, 1859	, 4	,
		, 12	, 0.05473	, 1827	, 2	,
		, 12	, 0.05605	, 1784	, 3	,
		, 12	, 0.05609	, 1783	, 3	,
		, 13	, 0.05438	, 1839	, 1	,
		, 14	, 0.06116	, 1635	, 4	,
		, 15	, 0.06277	, 1593	, 3	,
		, 16	, 0.06238	, 1603	, 1	,
		, 16	, 0.06246	, 1601	, 1	,
		, 19	, 0.07782	, 1285	, 5	,
		, 38	, 0.13587	, 736	, 7	,
		, 52	, 0.18248	, 548	, 10	,


 md5		, 2	, 0.02084	, 4799	, 1	,
		, 3	, 0.02456	, 4071	, 0	,
		, 3	, 0.02470	, 4049	, 1	,
		, 3	, 0.02475	, 4041	, 1	,
		, 4	, 0.02687	, 3722	, 1	,
		, 4	, 0.02691	, 3716	, 1	,
		, 4	, 0.02776	, 3602	, 1	,
		, 5	, 0.03014	, 3318	, 1	,
		, 5	, 0.03018	, 3314	, 1	,
		, 6	, 0.03298	, 3032	, 1	,
		, 7	, 0.03702	, 2701	, 2	,
		, 7	, 0.03784	, 2643	, 2	,
		, 7	, 0.03911	, 2557	, 3	,
		, 10	, 0.04794	, 2086	, 1	,
		, 10	, 0.04794	, 2086	, 1	,
		, 10	, 0.04943	, 2023	, 1	,
		, 11	, 0.05023	, 1991	, 2	,
		, 12	, 0.05559	, 1799	, 2	,
		, 12	, 0.05602	, 1785	, 3	,
		, 12	, 0.05647	, 1771	, 3	,
		, 13	, 0.05692	, 1757	, 2	,
		, 13	, 0.05893	, 1697	, 2	,
		, 15	, 0.06489	, 1541	, 4	,
		, 17	, 0.07158	, 1397	, 2	,
		, 19	, 0.07949	, 1258	, 3	,
		, 20	, 0.08183	, 1222	, 3	,
		, 21	, 0.08084	, 1237	, 5	,
		, 27	, 0.10152	, 985	, 6	,
		, 37	, 0.13405	, 746	, 6	,
		, 39	, 0.13441	, 744	, 8	,
		, 55	, 0.19493	, 513	, 9	,
		, 87	, 0.29240	, 342	, 21	,
		, 959	, 2.97059	, 34	, 81	,


 sha		, 3	, 0.02424	, 4125	, 0	,
		, 6	, 0.03300	, 3030	, 0	,
		, 7	, 0.03731	, 2680	, 2	,
		, 8	, 0.04078	, 2452	, 2	,
		, 8	, 0.04142	, 2414	, 2	,
		, 8	, 0.04314	, 2318	, 1	,
		, 9	, 0.04548	, 2199	, 0	,
		, 10	, 0.04843	, 2065	, 1	,
		, 10	, 0.04907	, 2038	, 2	,
		, 10	, 0.04997	, 2001	, 1	,
		, 10	, 0.05079	, 1969	, 1	,
		, 10	, 0.05000	, 2000	, 1	,
		, 11	, 0.05043	, 1983	, 2	,
		, 11	, 0.05126	, 1951	, 1	,
		, 12	, 0.05531	, 1808	, 1	,
		, 15	, 0.06188	, 1616	, 2	,
		, 16	, 0.06536	, 1530	, 0	,
		, 19	, 0.07874	, 1270	, 4	,
		, 24	, 0.08826	, 1133	, 6	,
		, 24	, 0.08834	, 1132	, 6	,
		, 24	, 0.08865	, 1128	, 6	,
		, 24	, 0.08905	, 1123	, 6	,
		, 24	, 0.09488	, 1054	, 6	,
		, 25	, 0.09443	, 1059	, 0	,
		, 26	, 0.09579	, 1044	, 5	,
		, 29	, 0.10672	, 937	, 5	,
		, 32	, 0.11547	, 866	, 8	,
		, 33	, 0.11834	, 845	, 5	,
		, 33	, 0.11947	, 837	, 5	,
		, 34	, 0.12107	, 826	, 5	,
		, 35	, 0.12500	, 800	, 5	,
		, 41	, 0.14684	, 681	, 7	,
		, 48	, 0.16778	, 596	, 9	,
		, 53	, 0.18762	, 533	, 9	,
		, 147	, 0.47393	, 211	, 33	,


 sor		, 2	, 0.02054	, 4869	, 1	,
		, 2	, 0.02110	, 4739	, 0	,
		, 3	, 0.02438	, 4101	, 1	,
		, 3	, 0.02442	, 4095	, 0	,
		, 4	, 0.02690	, 3717	, 1	,
		, 5	, 0.02928	, 3415	, 1	,
		, 5	, 0.02940	, 3401	, 1	,
		, 5	, 0.03120	, 3205	, 2	,
		, 5	, 0.03131	, 3194	, 2	,
		, 8	, 0.04184	, 2390	, 3	,
		, 10	, 0.04552	, 2197	, 2	,
		, 10	, 0.04764	, 2099	, 3	,
		, 14	, 0.05688	, 1758	, 1	,
		, 14	, 0.05928	, 1687	, 3	,
		, 15	, 0.06154	, 1625	, 4	,
		, 15	, 0.06325	, 1581	, 3	,
		, 29	, 0.10449	, 957	, 3	,
		, 29	, 0.10593	, 944	, 4	,


 whetstone		, 3	, 0.02309	, 4330	, 0	,
		, 3	, 0.02323	, 4305	, 0	,
		, 3	, 0.02339	, 4275	, 0	,
		, 3	, 0.02379	, 4203	, 0	,
		, 4	, 0.02355	, 4246	, 0	,
		, 4	, 0.02625	, 3809	, 1	,
		, 4	, 0.02709	, 3692	, 0	,
		, 4	, 0.02804	, 3566	, 0	,
		, 5	, 0.02892	, 3458	, 1	,
		, 5	, 0.02987	, 3348	, 1	,
		, 5	, 0.03040	, 3290	, 1	,
		, 6	, 0.03351	, 2984	, 0	,
		, 6	, 0.03459	, 2891	, 1	,
		, 6	, 0.03524	, 2838	, 1	,
		, 7	, 0.03447	, 2901	, 1	,
		, 7	, 0.03664	, 2729	, 2	,
		, 7	, 0.03666	, 2728	, 2	,
		, 7	, 0.03694	, 2707	, 2	,
		, 7	, 0.03704	, 2700	, 2	,
		, 8	, 0.03949	, 2532	, 0	,
		, 8	, 0.04214	, 2373	, 0	,
		, 9	, 0.04277	, 2338	, 2	,
		, 9	, 0.04452	, 2246	, 0	,
		, 10	, 0.04638	, 2156	, 3	,
		, 10	, 0.04904	, 2039	, 2	,
		, 10	, 0.04909	, 2037	, 1	,
		, 12	, 0.05222	, 1915	, 0	,
		, 12	, 0.05522	, 1811	, 4	,
		, 14	, 0.06061	, 1650	, 1	,
		, 14	, 0.06188	, 1616	, 2	,
		, 15	, 0.06231	, 1605	, 0	,
		, 15	, 0.06553	, 1526	, 0	,
		, 18	, 0.07519	, 1330	, 0	,
		, 19	, 0.07616	, 1313	, 3	,
		, 24	, 0.09756	, 1025	, 0	,
		, 29	, 0.10650	, 939	, 6	,
		, 31	, 0.11236	, 890	, 6	,
		, 39	, 0.13661	, 732	, 6	,
		, 39	, 0.14184	, 705	, 18	,
