multicut	, size	, time	, it	, cand	,


 adpcm		,	,	,	,	,
		, 	,	,	,	,
		, 	,	,	,	,
		, 	,	,	,	,
		, 	,	,	,	,
		, 	,	,	,	,
		, 	,	,	,	,
		, 	,	,	,	,
		, 	,	,	,	,
		, 	,	,	,	,
		, 	,	,	,	,
		, 	,	,	,	,
		, 	,	,	,	,
		, 	,	,	,	,
		, 	,	,	,	,
		, 	,	,	,	,
		, 	,	,	,	,
		, 	,	,	,	,
		, 	,	,	,	,
		, 	,	,	,	,
		, 	,	,	,	,
		, 	,	,	,	,
		, 	,	,	,	,
		, 	,	,	,	,
		, 	,	,	,	,
		, 	,	,	,	,
		, 	,	,	,	,
		, 	,	,	,	,
		, 	,	,	,	,
		, 	,	,	,	,
		, 	,	,	,	,
		, 	,	,	,	,
		, 	,	,	,	,
		, 	,	,	,	,
		, 	,	,	,	,
		, 	,	,	,	,


 aes		,	,	,	,	,
		, 	,	,	,	,
		, 	,	,	,	,
		, 	,	,	,	,
		, 	,	,	,	,
		, 	,	,	,	,
		, 	,	,	,	,
		, 	,	,	,	,
		, 	,	,	,	,
		, 	,	,	,	,
		, 	,	,	,	,
		, 	,	,	,	,
		, 	,	,	,	,
		, 	,	,	,	,
		, 	,	,	,	,
		, 	,	,	,	,
		, 	,	,	,	,
		, 	,	,	,	,
		, 	,	,	,	,
		, 	,	,	,	,
		, 	,	,	,	,
		, 	,	,	,	,
		, 	,	,	,	,
		, 	,	,	,	,
		, 	,	,	,	,
		, 	,	,	,	,
		, 	,	,	,	,
		, 	,	,	,	,
		, 	,	,	,	,
		, 	,	,	,	,
		, 	,	,	,	,
		, 	,	,	,	,
		, 	,	,	,	,
		, 	,	,	,	,
		, 	,	,	,	,
		, 	,	,	,	,
		, 	,	,	,	,
		, 	,	,	,	,
		, 	,	,	,	,
		, 	,	,	,	,
		, 	,	,	,	,
		, 	,	,	,	,
		, 	,	,	,	,
		, 	,	,	,	,
		, 	,	,	,	,
		, 	,	,	,	,
		, 	,	,	,	,
		, 	,	,	,	,
		, 	,	,	,	,
		, 	,	,	,	,
		, 	,	,	,	,
		, 	,	,	,	,
		, 	,	,	,	,
		, 	,	,	,	,
		, 	,	,	,	,
		, 	,	,	,	,
		, 	,	,	,	,
		, 	,	,	,	,
		, 	,	,	,	,
		, 	,	,	,	,
		, 	,	,	,	,
		, 	,	,	,	,
		, 	,	,	,	,
		, 	,	,	,	,
		, 	,	,	,	,
		, 	,	,	,	,
		, 	,	,	,	,
		, 	,	,	,	,
		, 	,	,	,	,
		, 	,	,	,	,
		, 	,	,	,	,
		, 	,	,	,	,
		, 	,	,	,	,
		, 	,	,	,	,
		, 	,	,	,	,
		, 	,	,	,	,
		, 	,	,	,	,
		, 	,	,	,	,
		, 	,	,	,	,
		, 	,	,	,	,
		, 	,	,	,	,
		, 	,	,	,	,
		, 	,	,	,	,
		, 	,	,	,	,
		, 	,	,	,	,
		, 	,	,	,	,
		, 	,	,	,	,
		, 	,	,	,	,
		, 	,	,	,	,
		, 	,	,	,	,
		, 	,	,	,	,
		, 	,	,	,	,
		, 	,	,	,	,
		, 	,	,	,	,
		, 	,	,	,	,
		, 	,	,	,	,
		, 	,	,	,	,
		, 	,	,	,	,
		, 	,	,	,	,
		, 	,	,	,	,
		, 	,	,	,	,
		, 	,	,	,	,
		, 	,	,	,	,
		, 	,	,	,	,
		, 	,	,	,	,
		, 	,	,	,	,
		, 	,	,	,	,
		, 	,	,	,	,
		, 	,	,	,	,
		, 	,	,	,	,
		, 	,	,	,	,
		, 	,	,	,	,
		, 	,	,	,	,
		, 	,	,	,	,
		, 	,	,	,	,
		, 	,	,	,	,
		, 	,	,	,	,
		, 	,	,	,	,
		, 	,	,	,	,
		, 	,	,	,	,
		, 	,	,	,	,
		, 	,	,	,	,
		, 	,	,	,	,
		, 	,	,	,	,
		, 	,	,	,	,
		, 	,	,	,	,
		, 	,	,	,	,
		, 	,	,	,	,
		, 	,	,	,	,
		, 	,	,	,	,
		, 	,	,	,	,
		, 	,	,	,	,
		, 	,	,	,	,
		, 	,	,	,	,
		, 	,	,	,	,
		, 	,	,	,	,
		, 	,	,	,	,
		, 	,	,	,	,
		, 	,	,	,	,
		, 	,	,	,	,
		, 	,	,	,	,
		, 	,	,	,	,
		, 	,	,	,	,
		, 	,	,	,	,
		, 	,	,	,	,
		, 	,	,	,	,
		, 	,	,	,	,
		, 	,	,	,	,
		, 	,	,	,	,
		, 	,	,	,	,
		, 	,	,	,	,
		, 	,	,	,	,
		, 	,	,	,	,
		, 	,	,	,	,
		, 	,	,	,	,
		, 	,	,	,	,
		, 	,	,	,	,
		, 	,	,	,	,
		, 	,	,	,	,
		, 	,	,	,	,
		, 	,	,	,	,
		, 	,	,	,	,
		, 	,	,	,	,
		, 	,	,	,	,
		, 	,	,	,	,
		, 	,	,	,	,
		, 	,	,	,	,
		, 	,	,	,	,
		, 	,	,	,	,
		, 	,	,	,	,
		, 	,	,	,	,
		, 	,	,	,	,
		, 	,	,	,	,
		, 	,	,	,	,
		, 	,	,	,	,
		, 	,	,	,	,
		, 	,	,	,	,
		, 	,	,	,	,
		, 	,	,	,	,
		, 	,	,	,	,
		, 	,	,	,	,


 blowfish		,	,	,	,	,
		, 	,	,	,	,
		, 	,	,	,	,
		, 	,	,	,	,
		, 	,	,	,	,
		, 	,	,	,	,
		, 	,	,	,	,
		, 	,	,	,	,
		, 	,	,	,	,
		, 	,	,	,	,
		, 	,	,	,	,
		, 	,	,	,	,
		, 	,	,	,	,
		, 	,	,	,	,
		, 	,	,	,	,
		, 	,	,	,	,
		, 	,	,	,	,
		, 	,	,	,	,
		, 	,	,	,	,
		, 	,	,	,	,
		, 	,	,	,	,
		, 	,	,	,	,
		, 	,	,	,	,
		, 	,	,	,	,
		, 	,	,	,	,
		, 	,	,	,	,
		, 	,	,	,	,
		, 	,	,	,	,
		, 	,	,	,	,
		, 	,	,	,	,
		, 	,	,	,	,
		, 	,	,	,	,
		, 	,	,	,	,
		, 	,	,	,	,
		, 	,	,	,	,
		, 	,	,	,	,
		, 	,	,	,	,
		, 	,	,	,	,
		, 	,	,	,	,
		, 	,	,	,	,
		, 	,	,	,	,
		, 	,	,	,	,
		, 	,	,	,	,
		, 	,	,	,	,
		, 	,	,	,	,
		, 	,	,	,	,
		, 	,	,	,	,
		, 	,	,	,	,
		, 	,	,	,	,
		, 	,	,	,	,
		, 	,	,	,	,
		, 	,	,	,	,
		, 	,	,	,	,


 cjpeg		, 2	, 0.04299	, 2326	, 0	,
		, 2	, 0.04323	, 2313	, 0	,
		, 2	, 0.04329	, 2310	, 0	,
		, 2	, 0.04337	, 2306	, 0	,
		, 2	, 0.04338	, 2305	, 0	,
		, 2	, 0.04338	, 2305	, 0	,
		, 2	, 0.04350	, 2299	, 0	,
		, 2	, 0.04350	, 2299	, 0	,
		, 2	, 0.04352	, 2298	, 0	,
		, 2	, 0.04352	, 2298	, 0	,
		, 2	, 0.04353	, 2297	, 0	,
		, 2	, 0.04353	, 2297	, 0	,
		, 2	, 0.04353	, 2297	, 0	,
		, 2	, 0.04359	, 2294	, 0	,
		, 2	, 0.04359	, 2294	, 0	,
		, 2	, 0.04365	, 2291	, 0	,
		, 2	, 0.04367	, 2290	, 0	,
		, 2	, 0.04367	, 2290	, 0	,
		, 2	, 0.04371	, 2288	, 0	,
		, 2	, 0.04371	, 2288	, 0	,
		, 2	, 0.04371	, 2288	, 0	,
		, 2	, 0.04373	, 2287	, 0	,
		, 2	, 0.04378	, 2284	, 0	,
		, 2	, 0.04390	, 2278	, 0	,
		, 2	, 0.04411	, 2267	, 0	,
		, 2	, 0.04437	, 2254	, 0	,
		, 2	, 0.04470	, 2237	, 0	,
		, 3	, 0.05105	, 1959	, 0	,
		, 3	, 0.05181	, 1930	, 0	,
		, 3	, 0.05189	, 1927	, 0	,
		, 3	, 0.05252	, 1904	, 0	,
		, 3	, 0.05260	, 1901	, 0	,
		, 3	, 0.05269	, 1898	, 0	,
		, 3	, 0.05302	, 1886	, 0	,
		, 3	, 0.05308	, 1884	, 0	,
		, 3	, 0.05311	, 1883	, 0	,
		, 3	, 0.05311	, 1883	, 0	,
		, 3	, 0.05325	, 1878	, 0	,
		, 3	, 0.06180	, 1618	, 0	,
		, 3	, 0.06188	, 1616	, 0	,
		, 3	, 0.06192	, 1615	, 0	,
		, 3	, 0.06192	, 1615	, 0	,
		, 3	, 0.06207	, 1611	, 0	,
		, 3	, 0.06234	, 1604	, 0	,
		, 3	, 0.06277	, 1593	, 0	,
		, 3	, 0.07418	, 1348	, 0	,
		, 3	, 0.07424	, 1347	, 0	,
		, 3	, 0.07440	, 1344	, 0	,
		, 3	, 0.07446	, 1343	, 0	,
		, 3	, 0.07457	, 1341	, 0	,
		, 3	, 0.07457	, 1341	, 0	,
		, 3	, 0.07463	, 1340	, 0	,
		, 4	, 0.06028	, 1659	, 0	,
		, 4	, 0.06135	, 1630	, 0	,
		, 4	, 0.08170	, 1224	, 0	,
		, 4	, 0.08177	, 1223	, 0	,
		, 4	, 0.08183	, 1222	, 0	,
		, 4	, 0.08197	, 1220	, 0	,
		, 4	, 0.09390	, 1065	, 0	,
		, 4	, 0.09407	, 1063	, 0	,
		, 4	, 0.09443	, 1059	, 0	,
		, 4	, 0.09588	, 1043	, 0	,
		, 5	, 0.10204	, 980	, 0	,
		, 5	, 0.10638	, 940	, 0	,
		, 5	, 0.11507	, 869	, 0	,
		, 5	, 0.28329	, 353	, 0	,
		, 5	, 0.28409	, 352	, 0	,
		, 5	, 0.28409	, 352	, 0	,
		, 5	, 0.28409	, 352	, 0	,
		, 5	, 0.28409	, 352	, 0	,
		, 5	, 0.28409	, 352	, 0	,
		, 5	, 0.28490	, 351	, 0	,
		, 5	, 0.28490	, 351	, 0	,
		, 6	, 0.08613	, 1161	, 0	,
		, 6	, 0.10881	, 919	, 0	,
		, 6	, 0.13405	, 746	, 0	,
		, 6	, 0.13423	, 745	, 0	,
		, 6	, 0.13423	, 745	, 0	,
		, 6	, 0.13514	, 740	, 0	,
		, 6	, 0.15649	, 639	, 0	,
		, 7	, 0.22026	, 454	, 0	,
		, 7	, 0.24752	, 404	, 0	,
		, 7	, 0.24814	, 403	, 0	,
		, 7	, 0.24814	, 403	, 0	,
		, 7	, 0.24814	, 403	, 0	,
		, 7	, 0.24876	, 402	, 0	,
		, 7	, 0.24876	, 402	, 0	,
		, 7	, 0.24876	, 402	, 0	,
		, 7	, 0.24876	, 402	, 0	,
		, 7	, 0.24876	, 402	, 0	,
		, 7	, 0.24876	, 402	, 0	,
		, 7	, 0.24876	, 402	, 0	,
		, 7	, 0.24876	, 402	, 0	,
		, 7	, 0.24876	, 402	, 0	,
		, 7	, 0.24876	, 402	, 0	,
		, 7	, 0.24876	, 402	, 0	,
		, 7	, 0.24876	, 402	, 0	,
		, 7	, 0.24876	, 402	, 0	,
		, 7	, 0.24876	, 402	, 0	,
		, 7	, 0.25000	, 400	, 0	,
		, 7	, 1.87037	, 54	, 0	,
		, 8	, 0.17361	, 576	, 0	,
		, 8	, 0.26810	, 373	, 0	,
		, 8	, 0.26882	, 372	, 0	,
		, 8	, 0.74074	, 135	, 0	,
		, 8	, 0.74074	, 135	, 0	,
		, 9	, 0.10384	, 963	, 0	,
		, 9	, 0.10406	, 961	, 0	,
		, 9	, 0.12376	, 808	, 0	,
		, 9	, 0.12453	, 803	, 0	,
		, 9	, 0.35461	, 282	, 0	,
		, 9	, 0.64935	, 154	, 0	,
		, 9	, 1.33333	, 75	, 0	,
		, 10	, 0.12019	, 832	, 0	,
		, 10	, 0.12063	, 829	, 0	,
		, 10	, 0.14389	, 695	, 0	,
		, 10	, 0.44248	, 226	, 0	,
		, 10	, 0.44248	, 226	, 0	,
		, 10	, 0.55866	, 179	, 0	,
		, 10	, 0.74074	, 135	, 0	,
		, 10	, 0.83333	, 120	, 0	,
		, 10	, 3.12500	, 32	, 0	,
		, 10	, 9.18182	, 11	, 0	,
		, 11	, 0.53476	, 187	, 0	,
		, 11	, 0.53476	, 187	, 0	,
		, 14	, 0.19157	, 522	, 0	,
		, 15	, 10.00000	, 10	, 0	,
		, 15	, 10.00000	, 10	, 0	,
		, 15	, 10.00000	, 10	, 0	,
		, 15	, 2.10417	, 48	, 0	,
		, 34	, 408.00000	, 1	, 0	,
		, 42	, 7643.00000	, 1	, 0	,
		, 48	, 97603.00000	, 1	, 0	,
		, 137	, 1001200.00000	, 1	, 0	,


 fft		, 2	, 0.05488	, 1822	, 0	,
		, 3	, 0.07391	, 1353	, 0	,
		, 3	, 0.07429	, 1346	, 0	,
		, 3	, 0.07440	, 1344	, 0	,
		, 3	, 0.07457	, 1341	, 0	,
		, 3	, 0.07508	, 1332	, 0	,
		, 3	, 0.07508	, 1332	, 0	,
		, 3	, 0.07553	, 1324	, 0	,
		, 3	, 0.07593	, 1317	, 0	,
		, 4	, 0.16949	, 590	, 0	,
		, 5	, 0.07013	, 1426	, 0	,
		, 5	, 0.28329	, 353	, 0	,
		, 5	, 0.28329	, 353	, 0	,
		, 5	, 0.28490	, 351	, 0	,
		, 5	, 0.28490	, 351	, 0	,
		, 5	, 0.59880	, 167	, 0	,
		, 6	, 0.46512	, 215	, 0	,
		, 6	, 0.46512	, 215	, 0	,
		, 7	, 0.12903	, 775	, 0	,
		, 7	, 0.12937	, 773	, 0	,
		, 7	, 1.33333	, 75	, 0	,
		, 7	, 1.48529	, 68	, 0	,
		, 7	, 1.94231	, 52	, 0	,
		, 8	, 0.28090	, 356	, 0	,
		, 8	, 0.56497	, 177	, 0	,
		, 8	, 0.56497	, 177	, 0	,
		, 8	, 1.13636	, 88	, 0	,
		, 8	, 1.14943	, 87	, 0	,
		, 8	, 1.31169	, 77	, 0	,
		, 9	, 6.11765	, 17	, 0	,
		, 11	, 1.40845	, 71	, 0	,
		, 12	, 10.80000	, 10	, 0	,
		, 12	, 15.85710	, 7	, 0	,
		, 12	, 16.28570	, 7	, 0	,
		, 12	, 7.21429	, 14	, 0	,
		, 13	, 103.00000	, 1	, 0	,
		, 14	, 19.00000	, 6	, 0	,
		, 15	, 23.40000	, 5	, 0	,
		, 16	, 0.58823	, 170	, 0	,
		, 16	, 0.59172	, 169	, 0	,
		, 19	, 240.00000	, 1	, 0	,
		, 38	, 3260.00000	, 1	, 0	,
		, 52	, 22150.00000	, 1	, 0	,


 md5		,	,	,	,	,
		, 	,	,	,	,
		, 	,	,	,	,
		, 	,	,	,	,
		, 	,	,	,	,
		, 	,	,	,	,
		, 	,	,	,	,
		, 	,	,	,	,
		, 	,	,	,	,
		, 	,	,	,	,
		, 	,	,	,	,
		, 	,	,	,	,
		, 	,	,	,	,
		, 	,	,	,	,
		, 	,	,	,	,
		, 	,	,	,	,
		, 	,	,	,	,
		, 	,	,	,	,
		, 	,	,	,	,
		, 	,	,	,	,
		, 	,	,	,	,
		, 	,	,	,	,
		, 	,	,	,	,
		, 	,	,	,	,


 sha		,	,	,	,	,
		, 	,	,	,	,
		, 	,	,	,	,
		, 	,	,	,	,
		, 	,	,	,	,
		, 	,	,	,	,
		, 	,	,	,	,
		, 	,	,	,	,
		, 	,	,	,	,
		, 	,	,	,	,
		, 	,	,	,	,
		, 	,	,	,	,
		, 	,	,	,	,
		, 	,	,	,	,
		, 	,	,	,	,
		, 	,	,	,	,
		, 	,	,	,	,
		, 	,	,	,	,
		, 	,	,	,	,
		, 	,	,	,	,
		, 	,	,	,	,
		, 	,	,	,	,
		, 	,	,	,	,
		, 	,	,	,	,
		, 	,	,	,	,
		, 	,	,	,	,
		, 	,	,	,	,
		, 	,	,	,	,
		, 	,	,	,	,
		, 	,	,	,	,
		, 	,	,	,	,
		, 	,	,	,	,
		, 	,	,	,	,
		, 	,	,	,	,
		, 	,	,	,	,
		, 	,	,	,	,
		, 	,	,	,	,
		, 	,	,	,	,
		, 	,	,	,	,
		, 	,	,	,	,
		, 	,	,	,	,
		, 	,	,	,	,
		, 	,	,	,	,


 sor		,	,	,	,	,
		, 	,	,	,	,
		, 	,	,	,	,
		, 	,	,	,	,
		, 	,	,	,	,
		, 	,	,	,	,
		, 	,	,	,	,
		, 	,	,	,	,
		, 	,	,	,	,
		, 	,	,	,	,
		, 	,	,	,	,
		, 	,	,	,	,
		, 	,	,	,	,
		, 	,	,	,	,
		, 	,	,	,	,
		, 	,	,	,	,
		, 	,	,	,	,
		, 	,	,	,	,


 whetstone		,	,	,	,	,
		, 	,	,	,	,
		, 	,	,	,	,
		, 	,	,	,	,
		, 	,	,	,	,
		, 	,	,	,	,
		, 	,	,	,	,
		, 	,	,	,	,
		, 	,	,	,	,
		, 	,	,	,	,
		, 	,	,	,	,
		, 	,	,	,	,
		, 	,	,	,	,
		, 	,	,	,	,
		, 	,	,	,	,
		, 	,	,	,	,
		, 	,	,	,	,
		, 	,	,	,	,
		, 	,	,	,	,
		, 	,	,	,	,
		, 	,	,	,	,
		, 	,	,	,	,
		, 	,	,	,	,
		, 	,	,	,	,
		, 	,	,	,	,
		, 	,	,	,	,
		, 	,	,	,	,
		, 	,	,	,	,
		, 	,	,	,	,
		, 	,	,	,	,
		, 	,	,	,	,
		, 	,	,	,	,
		, 	,	,	,	,
		, 	,	,	,	,
		, 	,	,	,	,
		, 	,	,	,	,
		, 	,	,	,	,
		, 	,	,	,	,
		, 	,	,	,	,
