multicut	, size	, time	, it	, cand	,


 adpcm		, 3	, 0.07479	, 1337	, 0	,
		, 3	, 0.07485	, 1336	, 0	,
		, 3	, 0.07519	, 1330	, 0	,
		, 4	, 0.08163	, 1225	, 0	,
		, 5	, 0.13661	, 732	, 0	,
		, 5	, 0.27855	, 359	, 0	,
		, 5	, 0.28090	, 356	, 0	,
		, 5	, 0.28169	, 355	, 0	,
		, 5	, 0.28249	, 354	, 0	,
		, 5	, 0.28409	, 352	, 0	,
		, 6	, 0.28490	, 351	, 0	,
		, 6	, 0.28902	, 346	, 0	,
		, 7	, 0.44053	, 227	, 0	,
		, 7	, 0.44843	, 223	, 0	,
		, 8	, 0.22026	, 454	, 0	,
		, 8	, 0.22026	, 454	, 0	,
		, 10	, 0.69930	, 143	, 0	,
		, 11	, 0.34843	, 287	, 0	,
		, 11	, 3.09091	, 33	, 0	,
		, 11	, 3.12500	, 32	, 0	,
		, 11	, 3.33333	, 30	, 0	,
		, 12	, 0.43103	, 232	, 0	,
		, 12	, 0.98039	, 102	, 0	,
		, 12	, 1.47059	, 68	, 0	,
		, 14	, 1.38356	, 73	, 0	,
		, 14	, 1.38889	, 72	, 0	,
		, 14	, 2.17391	, 46	, 0	,
		, 17	, 2.52500	, 40	, 0	,
		, 18	, 6.66667	, 15	, 0	,
		, 18	, 6.73333	, 15	, 0	,
		, 20	, 8.23077	, 13	, 0	,
		, 21	, 11.00000	, 10	, 0	,
		, 31	, 76.50000	, 2	, 0	,
		, 38	, 345.00000	, 1	, 0	,
		, 38	, 355.00000	, 1	, 0	,
		, 55	, 794.00000	, 1	, 0	,


 aes		,	,	,	,	,
		, 	,	,	,	,
		, 	,	,	,	,
		, 	,	,	,	,
		, 	,	,	,	,
		, 	,	,	,	,
		, 	,	,	,	,
		, 	,	,	,	,
		, 	,	,	,	,
		, 	,	,	,	,
		, 	,	,	,	,
		, 	,	,	,	,
		, 	,	,	,	,
		, 	,	,	,	,
		, 	,	,	,	,
		, 	,	,	,	,
		, 	,	,	,	,
		, 	,	,	,	,
		, 	,	,	,	,
		, 	,	,	,	,
		, 	,	,	,	,
		, 	,	,	,	,
		, 	,	,	,	,
		, 	,	,	,	,
		, 	,	,	,	,
		, 	,	,	,	,
		, 	,	,	,	,
		, 	,	,	,	,
		, 	,	,	,	,
		, 	,	,	,	,
		, 	,	,	,	,
		, 	,	,	,	,
		, 	,	,	,	,
		, 	,	,	,	,
		, 	,	,	,	,
		, 	,	,	,	,
		, 	,	,	,	,
		, 	,	,	,	,
		, 	,	,	,	,
		, 	,	,	,	,
		, 	,	,	,	,
		, 	,	,	,	,
		, 	,	,	,	,
		, 	,	,	,	,
		, 	,	,	,	,
		, 	,	,	,	,
		, 	,	,	,	,
		, 	,	,	,	,
		, 	,	,	,	,
		, 	,	,	,	,
		, 	,	,	,	,
		, 	,	,	,	,
		, 	,	,	,	,
		, 	,	,	,	,
		, 	,	,	,	,
		, 	,	,	,	,
		, 	,	,	,	,
		, 	,	,	,	,
		, 	,	,	,	,
		, 	,	,	,	,
		, 	,	,	,	,
		, 	,	,	,	,
		, 	,	,	,	,
		, 	,	,	,	,
		, 	,	,	,	,
		, 	,	,	,	,
		, 	,	,	,	,
		, 	,	,	,	,
		, 	,	,	,	,
		, 	,	,	,	,
		, 	,	,	,	,
		, 	,	,	,	,
		, 	,	,	,	,
		, 	,	,	,	,
		, 	,	,	,	,
		, 	,	,	,	,
		, 	,	,	,	,
		, 	,	,	,	,
		, 	,	,	,	,
		, 	,	,	,	,
		, 	,	,	,	,
		, 	,	,	,	,
		, 	,	,	,	,
		, 	,	,	,	,
		, 	,	,	,	,
		, 	,	,	,	,
		, 	,	,	,	,
		, 	,	,	,	,
		, 	,	,	,	,
		, 	,	,	,	,
		, 	,	,	,	,
		, 	,	,	,	,
		, 	,	,	,	,
		, 	,	,	,	,
		, 	,	,	,	,
		, 	,	,	,	,
		, 	,	,	,	,
		, 	,	,	,	,
		, 	,	,	,	,
		, 	,	,	,	,
		, 	,	,	,	,
		, 	,	,	,	,
		, 	,	,	,	,
		, 	,	,	,	,
		, 	,	,	,	,
		, 	,	,	,	,
		, 	,	,	,	,
		, 	,	,	,	,
		, 	,	,	,	,
		, 	,	,	,	,
		, 	,	,	,	,
		, 	,	,	,	,
		, 	,	,	,	,
		, 	,	,	,	,
		, 	,	,	,	,
		, 	,	,	,	,
		, 	,	,	,	,
		, 	,	,	,	,
		, 	,	,	,	,
		, 	,	,	,	,
		, 	,	,	,	,
		, 	,	,	,	,
		, 	,	,	,	,
		, 	,	,	,	,
		, 	,	,	,	,
		, 	,	,	,	,
		, 	,	,	,	,
		, 	,	,	,	,
		, 	,	,	,	,
		, 	,	,	,	,
		, 	,	,	,	,
		, 	,	,	,	,
		, 	,	,	,	,
		, 	,	,	,	,
		, 	,	,	,	,
		, 	,	,	,	,
		, 	,	,	,	,
		, 	,	,	,	,
		, 	,	,	,	,
		, 	,	,	,	,
		, 	,	,	,	,
		, 	,	,	,	,
		, 	,	,	,	,
		, 	,	,	,	,
		, 	,	,	,	,
		, 	,	,	,	,
		, 	,	,	,	,
		, 	,	,	,	,
		, 	,	,	,	,
		, 	,	,	,	,
		, 	,	,	,	,
		, 	,	,	,	,
		, 	,	,	,	,
		, 	,	,	,	,
		, 	,	,	,	,
		, 	,	,	,	,
		, 	,	,	,	,
		, 	,	,	,	,
		, 	,	,	,	,
		, 	,	,	,	,
		, 	,	,	,	,
		, 	,	,	,	,
		, 	,	,	,	,
		, 	,	,	,	,
		, 	,	,	,	,
		, 	,	,	,	,
		, 	,	,	,	,
		, 	,	,	,	,
		, 	,	,	,	,
		, 	,	,	,	,
		, 	,	,	,	,
		, 	,	,	,	,
		, 	,	,	,	,
		, 	,	,	,	,
		, 	,	,	,	,
		, 	,	,	,	,
		, 	,	,	,	,
		, 	,	,	,	,
		, 	,	,	,	,
		, 	,	,	,	,
		, 	,	,	,	,


 blowfish		, 3	, 0.05099	, 1961	, 0	,
		, 3	, 0.05118	, 1954	, 0	,
		, 3	, 0.05241	, 1908	, 0	,
		, 3	, 0.07429	, 1346	, 0	,
		, 5	, 0.06013	, 1663	, 0	,
		, 7	, 0.40161	, 249	, 0	,
		, 7	, 0.50000	, 200	, 0	,
		, 7	, 0.50000	, 200	, 0	,
		, 7	, 0.76336	, 131	, 0	,
		, 7	, 0.76923	, 130	, 0	,
		, 8	, 0.15129	, 661	, 0	,
		, 8	, 0.42735	, 234	, 0	,
		, 8	, 0.60241	, 166	, 0	,
		, 8	, 0.60606	, 165	, 0	,
		, 9	, 1.34667	, 75	, 0	,
		, 9	, 1.35135	, 74	, 0	,
		, 9	, 1.35135	, 74	, 0	,
		, 9	, 1.35135	, 74	, 0	,
		, 9	, 1.35135	, 74	, 0	,
		, 9	, 1.35135	, 74	, 0	,
		, 10	, 1.04167	, 96	, 0	,
		, 10	, 1.35135	, 74	, 0	,
		, 10	, 1.36486	, 74	, 0	,
		, 10	, 1.36486	, 74	, 0	,
		, 10	, 1.36486	, 74	, 0	,
		, 10	, 1.36486	, 74	, 0	,
		, 10	, 1.36486	, 74	, 0	,
		, 11	, 0.55249	, 181	, 0	,
		, 11	, 1.94231	, 52	, 0	,
		, 13	, 2.37209	, 43	, 0	,
		, 16	, 6.37500	, 16	, 0	,
		, 16	, 8.00000	, 13	, 0	,
		, 19	, 4.68182	, 22	, 0	,
		, 22	, 27.75000	, 4	, 0	,
		, 22	, 6.93333	, 15	, 0	,
		, 25	, 19.33330	, 6	, 0	,
		, 27	, 50.50000	, 2	, 0	,
		, 38	, 80.50000	, 2	, 0	,
		, 44	, 75.00000	, 2	, 0	,
		, 47	, 111.00000	, 1	, 0	,
		, 49	, 1292.00000	, 1	, 0	,
		, 55	, 953.00000	, 1	, 0	,
		, 59	, 6173.00000	, 1	, 0	,
		, 64	, 345.00000	, 1	, 0	,
		, 68	, 10209.00000	, 1	, 0	,
		, 80	, 11967.00000	, 1	, 0	,
		, 98	, 19338.00000	, 1	, 0	,
		, 108	, 22222.00000	, 1	, 0	,
		, 127	, 21783.00000	, 1	, 0	,
		, 127	, 25190.00000	, 1	, 0	,
		, 127	, 31124.00000	, 1	, 0	,
		, 673	, 4092280.00000	, 1	, 0	,
		, 674	, 4123580.00000	, 1	, 0	,


 cjpeg		, 2	, 0.04257	, 2349	, 0	,
		, 2	, 0.04308	, 2321	, 0	,
		, 2	, 0.04310	, 2320	, 0	,
		, 2	, 0.04310	, 2320	, 0	,
		, 2	, 0.04312	, 2319	, 0	,
		, 2	, 0.04312	, 2319	, 0	,
		, 2	, 0.04312	, 2319	, 0	,
		, 2	, 0.04314	, 2318	, 0	,
		, 2	, 0.04314	, 2318	, 0	,
		, 2	, 0.04316	, 2317	, 0	,
		, 2	, 0.04322	, 2314	, 0	,
		, 2	, 0.04322	, 2314	, 0	,
		, 2	, 0.04325	, 2312	, 0	,
		, 2	, 0.04329	, 2310	, 0	,
		, 2	, 0.04333	, 2308	, 0	,
		, 2	, 0.04342	, 2303	, 0	,
		, 2	, 0.04342	, 2303	, 0	,
		, 2	, 0.04350	, 2299	, 0	,
		, 2	, 0.04350	, 2299	, 0	,
		, 2	, 0.04353	, 2297	, 0	,
		, 2	, 0.04359	, 2294	, 0	,
		, 2	, 0.04373	, 2287	, 0	,
		, 2	, 0.04396	, 2275	, 0	,
		, 2	, 0.04407	, 2269	, 0	,
		, 2	, 0.04413	, 2266	, 0	,
		, 2	, 0.04415	, 2265	, 0	,
		, 2	, 0.04433	, 2256	, 0	,
		, 3	, 0.05063	, 1975	, 0	,
		, 3	, 0.05136	, 1947	, 0	,
		, 3	, 0.05136	, 1947	, 0	,
		, 3	, 0.05225	, 1914	, 0	,
		, 3	, 0.05244	, 1907	, 0	,
		, 3	, 0.05263	, 1900	, 0	,
		, 3	, 0.05269	, 1898	, 0	,
		, 3	, 0.05271	, 1897	, 0	,
		, 3	, 0.05274	, 1896	, 0	,
		, 3	, 0.05319	, 1880	, 0	,
		, 3	, 0.05456	, 1833	, 0	,
		, 3	, 0.06135	, 1630	, 0	,
		, 3	, 0.06143	, 1628	, 0	,
		, 3	, 0.06146	, 1627	, 0	,
		, 3	, 0.06158	, 1624	, 0	,
		, 3	, 0.06177	, 1619	, 0	,
		, 3	, 0.06192	, 1615	, 0	,
		, 3	, 0.06192	, 1615	, 0	,
		, 3	, 0.07396	, 1352	, 0	,
		, 3	, 0.07402	, 1351	, 0	,
		, 3	, 0.07402	, 1351	, 0	,
		, 3	, 0.07418	, 1348	, 0	,
		, 3	, 0.07418	, 1348	, 0	,
		, 3	, 0.07418	, 1348	, 0	,
		, 3	, 0.07530	, 1328	, 0	,
		, 4	, 0.05981	, 1672	, 0	,
		, 4	, 0.06143	, 1628	, 0	,
		, 4	, 0.08137	, 1229	, 0	,
		, 4	, 0.08143	, 1228	, 0	,
		, 4	, 0.08150	, 1227	, 0	,
		, 4	, 0.08157	, 1226	, 0	,
		, 4	, 0.09311	, 1074	, 0	,
		, 4	, 0.09381	, 1066	, 0	,
		, 4	, 0.09381	, 1066	, 0	,
		, 4	, 0.09479	, 1055	, 0	,
		, 5	, 0.10081	, 992	, 0	,
		, 5	, 0.10616	, 942	, 0	,
		, 5	, 0.11429	, 875	, 0	,
		, 5	, 0.22272	, 449	, 0	,
		, 5	, 0.22272	, 449	, 0	,
		, 5	, 0.22321	, 448	, 0	,
		, 5	, 0.22321	, 448	, 0	,
		, 5	, 0.22321	, 448	, 0	,
		, 5	, 0.22371	, 447	, 0	,
		, 5	, 0.22421	, 446	, 0	,
		, 5	, 0.22472	, 445	, 0	,
		, 6	, 0.08554	, 1169	, 0	,
		, 6	, 0.11312	, 884	, 0	,
		, 6	, 0.13351	, 749	, 0	,
		, 6	, 0.13369	, 748	, 0	,
		, 6	, 0.13369	, 748	, 0	,
		, 6	, 0.13405	, 746	, 0	,
		, 6	, 0.15528	, 644	, 0	,
		, 7	, 0.22321	, 448	, 0	,
		, 7	, 0.22573	, 443	, 0	,
		, 7	, 0.22573	, 443	, 0	,
		, 7	, 0.22573	, 443	, 0	,
		, 7	, 0.22624	, 442	, 0	,
		, 7	, 0.22624	, 442	, 0	,
		, 7	, 0.22624	, 442	, 0	,
		, 7	, 0.22624	, 442	, 0	,
		, 7	, 0.22624	, 442	, 0	,
		, 7	, 0.22624	, 442	, 0	,
		, 7	, 0.22676	, 441	, 0	,
		, 7	, 0.22676	, 441	, 0	,
		, 7	, 0.22676	, 441	, 0	,
		, 7	, 0.22676	, 441	, 0	,
		, 7	, 0.22676	, 441	, 0	,
		, 7	, 0.22676	, 441	, 0	,
		, 7	, 0.22676	, 441	, 0	,
		, 7	, 0.22727	, 440	, 0	,
		, 7	, 0.22727	, 440	, 0	,
		, 7	, 0.22779	, 439	, 0	,
		, 7	, 0.78740	, 127	, 0	,
		, 8	, 0.17361	, 576	, 0	,
		, 8	, 0.24630	, 406	, 0	,
		, 8	, 0.24691	, 405	, 0	,
		, 8	, 0.40816	, 245	, 0	,
		, 8	, 0.40984	, 244	, 0	,
		, 9	, 0.10278	, 973	, 0	,
		, 9	, 0.10352	, 966	, 0	,
		, 9	, 0.12285	, 814	, 0	,
		, 9	, 0.12315	, 812	, 0	,
		, 9	, 0.33113	, 302	, 0	,
		, 9	, 0.50251	, 199	, 0	,
		, 9	, 0.72993	, 137	, 0	,
		, 10	, 0.11947	, 837	, 0	,
		, 10	, 0.11962	, 836	, 0	,
		, 10	, 0.14306	, 699	, 0	,
		, 10	, 0.38314	, 261	, 0	,
		, 10	, 0.39841	, 251	, 0	,
		, 10	, 0.39841	, 251	, 0	,
		, 10	, 0.44053	, 227	, 0	,
		, 10	, 0.50505	, 198	, 0	,
		, 10	, 1.19048	, 84	, 0	,
		, 10	, 2.50000	, 40	, 0	,
		, 11	, 0.46729	, 214	, 0	,
		, 11	, 0.46729	, 214	, 0	,
		, 14	, 0.18975	, 527	, 0	,
		, 15	, 1.56250	, 64	, 0	,
		, 15	, 2.10417	, 48	, 0	,
		, 15	, 2.12500	, 48	, 0	,
		, 15	, 2.12766	, 47	, 0	,
		, 34	, 19.50000	, 6	, 0	,
		, 42	, 65.50000	, 2	, 0	,
		, 48	, 225.00000	, 1	, 0	,
		, 137	, 1078.00000	, 1	, 0	,


 fft		, 2	, 0.05498	, 1819	, 0	,
		, 3	, 0.07369	, 1357	, 0	,
		, 3	, 0.07386	, 1354	, 0	,
		, 3	, 0.07435	, 1345	, 0	,
		, 3	, 0.07435	, 1345	, 0	,
		, 3	, 0.07463	, 1340	, 0	,
		, 3	, 0.07519	, 1330	, 0	,
		, 3	, 0.07530	, 1328	, 0	,
		, 3	, 0.07541	, 1326	, 0	,
		, 4	, 0.14389	, 695	, 0	,
		, 5	, 0.06969	, 1435	, 0	,
		, 5	, 0.22321	, 448	, 0	,
		, 5	, 0.22421	, 446	, 0	,
		, 5	, 0.27548	, 363	, 0	,
		, 5	, 0.27548	, 363	, 0	,
		, 5	, 0.35971	, 278	, 0	,
		, 6	, 0.29851	, 335	, 0	,
		, 6	, 0.29940	, 334	, 0	,
		, 7	, 0.12739	, 785	, 0	,
		, 7	, 0.12739	, 785	, 0	,
		, 7	, 0.58823	, 170	, 0	,
		, 7	, 0.81967	, 122	, 0	,
		, 7	, 1.12222	, 90	, 0	,
		, 8	, 0.20747	, 482	, 0	,
		, 8	, 0.41667	, 240	, 0	,
		, 8	, 0.41667	, 240	, 0	,
		, 8	, 0.54645	, 183	, 0	,
		, 8	, 0.55249	, 181	, 0	,
		, 8	, 0.67114	, 149	, 0	,
		, 9	, 2.65789	, 38	, 0	,
		, 11	, 0.87719	, 114	, 0	,
		, 12	, 1.58730	, 63	, 0	,
		, 12	, 2.94118	, 34	, 0	,
		, 12	, 2.97059	, 34	, 0	,
		, 12	, 3.18750	, 32	, 0	,
		, 13	, 20.20000	, 5	, 0	,
		, 14	, 3.09091	, 33	, 0	,
		, 15	, 5.10000	, 20	, 0	,
		, 16	, 0.44248	, 226	, 0	,
		, 16	, 0.44643	, 224	, 0	,
		, 19	, 16.42860	, 7	, 0	,
		, 38	, 86.50000	, 2	, 0	,
		, 52	, 294.00000	, 1	, 0	,


 md5		,	,	,	,	,
		, 	,	,	,	,
		, 	,	,	,	,
		, 	,	,	,	,
		, 	,	,	,	,
		, 	,	,	,	,
		, 	,	,	,	,
		, 	,	,	,	,
		, 	,	,	,	,
		, 	,	,	,	,
		, 	,	,	,	,
		, 	,	,	,	,
		, 	,	,	,	,
		, 	,	,	,	,
		, 	,	,	,	,
		, 	,	,	,	,
		, 	,	,	,	,
		, 	,	,	,	,
		, 	,	,	,	,
		, 	,	,	,	,
		, 	,	,	,	,
		, 	,	,	,	,
		, 	,	,	,	,
		, 	,	,	,	,


 sha		, 3	, 0.05258	, 1902	, 0	,
		, 6	, 0.07770	, 1287	, 0	,
		, 7	, 0.80000	, 125	, 0	,
		, 8	, 0.24938	, 401	, 0	,
		, 8	, 0.25000	, 400	, 0	,
		, 8	, 0.46083	, 217	, 0	,
		, 9	, 0.14409	, 694	, 0	,
		, 10	, 0.40161	, 249	, 0	,
		, 10	, 0.67114	, 149	, 0	,
		, 10	, 0.67568	, 148	, 0	,
		, 10	, 0.80645	, 124	, 0	,
		, 10	, 1.71186	, 59	, 0	,
		, 11	, 1.48529	, 68	, 0	,
		, 11	, 4.00000	, 25	, 0	,
		, 12	, 0.33113	, 302	, 0	,
		, 15	, 4.16667	, 24	, 0	,
		, 16	, 0.31153	, 321	, 0	,
		, 19	, 8.58333	, 12	, 0	,
		, 24	, 10.60000	, 10	, 0	,
		, 24	, 10.60000	, 10	, 0	,
		, 24	, 10.70000	, 10	, 0	,
		, 24	, 10.70000	, 10	, 0	,
		, 24	, 34.33330	, 3	, 0	,
		, 25	, 1.80357	, 56	, 0	,
		, 26	, 52.00000	, 2	, 0	,
		, 29	, 61.00000	, 2	, 0	,
		, 32	, 83.00000	, 2	, 0	,
		, 33	, 262.00000	, 1	, 0	,
		, 33	, 262.00000	, 1	, 0	,
		, 34	, 278.00000	, 1	, 0	,
		, 35	, 293.00000	, 1	, 0	,
		, 41	, 197.00000	, 1	, 0	,
		, 48	, 325.00000	, 1	, 0	,
		, 53	, 405.00000	, 1	, 0	,
		, 147	, 9275.00000	, 1	, 0	,


 sor		, 2	, 0.05444	, 1837	, 0	,
		, 2	, 0.05447	, 1836	, 0	,
		, 3	, 0.07452	, 1342	, 0	,
		, 3	, 0.07479	, 1337	, 0	,
		, 4	, 0.08130	, 1230	, 0	,
		, 5	, 0.22321	, 448	, 0	,
		, 5	, 0.22523	, 444	, 0	,
		, 5	, 0.27933	, 358	, 0	,
		, 5	, 0.28011	, 357	, 0	,
		, 8	, 0.96154	, 104	, 0	,
		, 10	, 1.40845	, 71	, 0	,
		, 10	, 1.75439	, 57	, 0	,
		, 14	, 2.08333	, 48	, 0	,
		, 14	, 24.60000	, 5	, 0	,
		, 15	, 3.88462	, 26	, 0	,
		, 15	, 4.20833	, 24	, 0	,
		, 29	, 40.66670	, 3	, 0	,
		, 29	, 53.00000	, 2	, 0	,


 whetstone		, 3	, 0.05211	, 1919	, 0	,
		, 3	, 0.05263	, 1900	, 0	,
		, 3	, 0.06211	, 1610	, 0	,
		, 3	, 0.06309	, 1585	, 0	,
		, 4	, 0.05294	, 1889	, 0	,
		, 4	, 0.06200	, 1613	, 0	,
		, 4	, 0.07067	, 1415	, 0	,
		, 4	, 0.09479	, 1055	, 0	,
		, 5	, 0.08913	, 1122	, 0	,
		, 5	, 0.10537	, 949	, 0	,
		, 5	, 0.11534	, 867	, 0	,
		, 6	, 0.13889	, 720	, 0	,
		, 6	, 0.17544	, 570	, 0	,
		, 6	, 0.17986	, 556	, 0	,
		, 7	, 0.13532	, 739	, 0	,
		, 7	, 0.68966	, 145	, 0	,
		, 7	, 0.68966	, 145	, 0	,
		, 7	, 0.68966	, 145	, 0	,
		, 7	, 0.69444	, 144	, 0	,
		, 8	, 0.16863	, 593	, 0	,
		, 8	, 0.22624	, 442	, 0	,
		, 9	, 0.29154	, 343	, 0	,
		, 9	, 0.85470	, 117	, 0	,
		, 10	, 0.44248	, 226	, 0	,
		, 10	, 0.62893	, 159	, 0	,
		, 10	, 1.77193	, 57	, 0	,
		, 12	, 0.44843	, 223	, 0	,
		, 12	, 2.04082	, 49	, 0	,
		, 14	, 3.74074	, 27	, 0	,
		, 14	, 4.54545	, 22	, 0	,
		, 15	, 0.84034	, 119	, 0	,
		, 15	, 1.58730	, 63	, 0	,
		, 18	, 2.12766	, 47	, 0	,
		, 19	, 1.21951	, 82	, 0	,
		, 24	, 4.76190	, 21	, 0	,
		, 29	, 124.00000	, 1	, 0	,
		, 31	, 151.00000	, 1	, 0	,
		, 39	, 129.00000	, 1	, 0	,
		, 39	, 165.00000	, 1	, 0	,
