singlecut	, size	, time	, it	, cand	,


 adpcm		, 3	, 0.03420	, 2924	, 3	,
		, 3	, 0.03449	, 2899	, 3	,
		, 3	, 0.03455	, 2894	, 3	,
		, 4	, 0.03845	, 2601	, 1	,
		, 5	, 0.05005	, 1998	, 5	,
		, 5	, 0.06579	, 1520	, 5	,
		, 5	, 0.06609	, 1513	, 5	,
		, 5	, 0.06623	, 1510	, 5	,
		, 5	, 0.06636	, 1507	, 5	,
		, 5	, 0.06671	, 1499	, 12	,
		, 6	, 0.06998	, 1429	, 12	,
		, 6	, 0.07013	, 1426	, 12	,
		, 7	, 0.11521	, 868	, 18	,
		, 7	, 0.11534	, 867	, 18	,
		, 8	, 0.07541	, 1326	, 3	,
		, 8	, 0.07547	, 1325	, 3	,
		, 10	, 0.14859	, 673	, 15	,
		, 11	, 0.09017	, 1109	, 5	,
		, 11	, 0.33223	, 301	, 40	,
		, 11	, 0.37037	, 270	, 36	,
		, 11	, 0.37175	, 269	, 36	,
		, 12	, 0.10438	, 958	, 9	,
		, 12	, 0.23310	, 429	, 21	,
		, 12	, 0.28249	, 354	, 29	,
		, 14	, 0.23042	, 434	, 16	,
		, 14	, 0.23923	, 418	, 28	,
		, 14	, 0.42017	, 238	, 30	,
		, 17	, 0.52910	, 189	, 41	,
		, 18	, 0.99010	, 101	, 96	,
		, 18	, 1.00000	, 100	, 96	,
		, 20	, 1.26582	, 79	, 98	,
		, 21	, 0.99010	, 101	, 61	,
		, 31	, 5.55556	, 18	, 271	,
		, 38	, 26.25000	, 4	, 931	,
		, 38	, 26.50000	, 4	, 931	,
		, 55	, 66.50000	, 2	, 1102	,


 aes		, 1	, 0.01702	, 5875	, 0	,
		, 1	, 0.01709	, 5851	, 0	,
		, 1	, 0.01710	, 5849	, 0	,
		, 1	, 0.01716	, 5828	, 0	,
		, 3	, 0.03000	, 3333	, 0	,
		, 3	, 0.03021	, 3310	, 1	,
		, 3	, 0.03412	, 2931	, 3	,
		, 3	, 0.03413	, 2930	, 3	,
		, 3	, 0.03414	, 2929	, 3	,
		, 3	, 0.03414	, 2929	, 3	,
		, 3	, 0.03421	, 2923	, 3	,
		, 3	, 0.03438	, 2909	, 3	,
		, 3	, 0.03439	, 2908	, 3	,
		, 3	, 0.03444	, 2904	, 3	,
		, 3	, 0.03448	, 2900	, 3	,
		, 3	, 0.03454	, 2895	, 3	,
		, 3	, 0.03461	, 2889	, 3	,
		, 3	, 0.03464	, 2887	, 3	,
		, 4	, 0.03476	, 2877	, 0	,
		, 4	, 0.03477	, 2876	, 0	,
		, 4	, 0.03478	, 2875	, 0	,
		, 4	, 0.03499	, 2858	, 0	,
		, 4	, 0.03505	, 2853	, 0	,
		, 4	, 0.03512	, 2847	, 0	,
		, 4	, 0.03807	, 2627	, 1	,
		, 4	, 0.03814	, 2622	, 1	,
		, 4	, 0.03817	, 2620	, 1	,
		, 4	, 0.03827	, 2613	, 1	,
		, 4	, 0.04926	, 2030	, 3	,
		, 5	, 0.04205	, 2378	, 3	,
		, 5	, 0.05388	, 1856	, 2	,
		, 5	, 0.06553	, 1526	, 5	,
		, 5	, 0.06570	, 1522	, 5	,
		, 5	, 0.06570	, 1522	, 5	,
		, 5	, 0.06579	, 1520	, 12	,
		, 5	, 0.06592	, 1517	, 5	,
		, 5	, 0.06596	, 1516	, 5	,
		, 5	, 0.06601	, 1515	, 5	,
		, 5	, 0.06601	, 1515	, 5	,
		, 5	, 0.06601	, 1515	, 5	,
		, 5	, 0.06605	, 1514	, 5	,
		, 5	, 0.06807	, 1469	, 6	,
		, 5	, 0.06812	, 1468	, 6	,
		, 5	, 0.06854	, 1459	, 11	,
		, 6	, 0.04625	, 2162	, 3	,
		, 6	, 0.04751	, 2105	, 1	,
		, 6	, 0.04751	, 2105	, 3	,
		, 6	, 0.04755	, 2103	, 1	,
		, 6	, 0.04762	, 2100	, 1	,
		, 6	, 0.04929	, 2029	, 1	,
		, 6	, 0.05669	, 1764	, 3	,
		, 6	, 0.05682	, 1760	, 3	,
		, 6	, 0.05682	, 1760	, 3	,
		, 6	, 0.05685	, 1759	, 3	,
		, 6	, 0.05685	, 1759	, 3	,
		, 6	, 0.05692	, 1757	, 3	,
		, 6	, 0.05698	, 1755	, 3	,
		, 6	, 0.05705	, 1753	, 3	,
		, 6	, 0.05714	, 1750	, 3	,
		, 6	, 0.05714	, 1750	, 3	,
		, 6	, 0.06289	, 1590	, 10	,
		, 6	, 0.06289	, 1590	, 10	,
		, 6	, 0.06309	, 1585	, 10	,
		, 6	, 0.06317	, 1583	, 10	,
		, 6	, 0.06317	, 1583	, 10	,
		, 6	, 0.06317	, 1583	, 10	,
		, 6	, 0.06859	, 1458	, 3	,
		, 6	, 0.07102	, 1408	, 10	,
		, 6	, 0.07102	, 1408	, 10	,
		, 6	, 0.10132	, 987	, 22	,
		, 6	, 0.10142	, 986	, 22	,
		, 6	, 0.10152	, 985	, 22	,
		, 6	, 0.10163	, 984	, 22	,
		, 6	, 0.10163	, 984	, 22	,
		, 6	, 0.10163	, 984	, 22	,
		, 6	, 0.10163	, 984	, 22	,
		, 6	, 0.10173	, 983	, 22	,
		, 6	, 0.10173	, 983	, 22	,
		, 6	, 0.10183	, 982	, 22	,
		, 6	, 0.10183	, 982	, 22	,
		, 6	, 0.10194	, 981	, 22	,
		, 6	, 0.10214	, 979	, 22	,
		, 6	, 0.10214	, 979	, 22	,
		, 7	, 0.07342	, 1362	, 12	,
		, 7	, 0.11876	, 842	, 8	,
		, 7	, 0.11891	, 841	, 8	,
		, 7	, 0.12422	, 805	, 16	,
		, 7	, 0.12422	, 805	, 16	,
		, 7	, 0.12422	, 805	, 16	,
		, 7	, 0.12484	, 801	, 16	,
		, 7	, 0.17301	, 578	, 36	,
		, 7	, 0.17301	, 578	, 36	,
		, 7	, 0.17301	, 578	, 36	,
		, 7	, 0.17331	, 577	, 36	,
		, 8	, 0.07880	, 1269	, 11	,
		, 8	, 0.07893	, 1267	, 11	,
		, 8	, 0.07905	, 1265	, 11	,
		, 8	, 0.07905	, 1265	, 11	,
		, 8	, 0.07937	, 1260	, 11	,
		, 8	, 0.07943	, 1259	, 11	,
		, 8	, 0.08006	, 1249	, 6	,
		, 8	, 0.08006	, 1249	, 6	,
		, 8	, 0.08006	, 1249	, 6	,
		, 8	, 0.15649	, 639	, 13	,
		, 8	, 0.22124	, 452	, 27	,
		, 8	, 0.25974	, 385	, 46	,
		, 9	, 0.09158	, 1092	, 12	,
		, 9	, 0.09191	, 1088	, 12	,
		, 9	, 0.09234	, 1083	, 12	,
		, 9	, 0.18182	, 550	, 18	,
		, 10	, 0.10941	, 914	, 7	,
		, 10	, 0.10965	, 912	, 7	,
		, 10	, 0.12755	, 784	, 9	,
		, 10	, 0.33670	, 297	, 71	,
		, 10	, 0.40984	, 244	, 60	,
		, 11	, 0.54348	, 184	, 64	,
		, 11	, 0.81967	, 122	, 121	,
		, 12	, 0.59524	, 168	, 95	,
		, 12	, 0.59524	, 168	, 95	,
		, 12	, 0.59524	, 168	, 95	,
		, 13	, 0.44444	, 225	, 79	,
		, 14	, 0.28571	, 350	, 37	,
		, 14	, 1.29870	, 77	, 159	,
		, 14	, 1.29870	, 77	, 159	,
		, 14	, 1.29870	, 77	, 159	,
		, 14	, 1.32895	, 76	, 163	,
		, 15	, 0.99010	, 101	, 39	,
		, 17	, 0.34014	, 294	, 18	,
		, 17	, 0.73529	, 136	, 53	,
		, 22	, 4.43478	, 23	, 145	,
		, 24	, 2.24444	, 45	, 70	,
		, 25	, 2.32558	, 43	, 70	,
		, 25	, 2.34884	, 43	, 70	,
		, 28	, 3.09091	, 33	, 112	,
		, 29	, 3.15625	, 32	, 112	,
		, 29	, 3.22581	, 31	, 112	,
		, 29	, 4.47826	, 23	, 180	,
		, 29	, 5.05000	, 20	, 383	,
		, 31	, 0.31646	, 316	, 11	,
		, 31	, 14.71430	, 7	, 885	,
		, 31	, 14.71430	, 7	, 885	,
		, 33	, 17.66670	, 6	, 300	,
		, 33	, 17.66670	, 6	, 300	,
		, 33	, 17.66670	, 6	, 300	,
		, 34	, 17.16670	, 6	, 978	,
		, 34	, 17.33330	, 6	, 978	,
		, 34	, 17.33330	, 6	, 978	,
		, 35	, 0.36101	, 277	, 11	,
		, 35	, 0.37175	, 269	, 11	,
		, 35	, 19.83330	, 6	, 1030	,
		, 42	, 15.00000	, 7	, 213	,
		, 54	, 1.55385	, 65	, 33	,
		, 54	, 62.00000	, 2	, 1315	,
		, 67	, 90.00000	, 2	, 1191	,
		, 68	, 93.50000	, 2	, 1031	,
		, 73	, 136.00000	, 1	, 1750	,
		, 73	, 136.00000	, 1	, 1750	,
		, 73	, 136.00000	, 1	, 1750	,
		, 75	, 0.87719	, 114	, 11	,
		, 91	, 258.00000	, 1	, 4699	,
		, 91	, 258.00000	, 1	, 4699	,
		, 115	, 2.61538	, 39	, 35	,
		, 126	, 1317.00000	, 1	, 9363	,
		, 131	, 3.09091	, 33	, 35	,
		, 131	, 3.15625	, 32	, 35	,
		, 131	, 3.36667	, 30	, 35	,
		, 132	, 1506.00000	, 1	, 10438	,
		, 133	, 383.00000	, 1	, 2092	,
		, 176	, 638.00000	, 1	, 5080	,
		, 286	, 9514.00000	, 1	, 42712	,
		, 302	, 11129.00000	, 1	, 51344	,
		, 311	, 11412.00000	, 1	, 51348	,
		, 311	, 11879.00000	, 1	, 51348	,
		, 691	, 144145.00000	, 1	, 281995	,
		, 721	, 163959.00000	, 1	, 310546	,
		, 970	, 414229.00000	, 1	, 562153	,
		, 1079	, 561763.00000	, 1	, 669956	,
		, 1154	, 616075.00000	, 1	, 719346	,
		, 1407	, 1267360.00000	, 1	, 1063576	,
		, 1524	, 1553880.00000	, 1	, 1270581	,
		, 1619	, 1697610.00000	, 1	, 1388291	,


 blowfish		, 3	, 0.02814	, 3554	, 0	,
		, 3	, 0.02838	, 3523	, 0	,
		, 3	, 0.02984	, 3351	, 1	,
		, 3	, 0.03377	, 2961	, 3	,
		, 5	, 0.03262	, 3066	, 0	,
		, 7	, 0.09662	, 1035	, 14	,
		, 7	, 0.09814	, 1019	, 8	,
		, 7	, 0.09843	, 1016	, 8	,
		, 7	, 0.16051	, 623	, 33	,
		, 7	, 0.16051	, 623	, 33	,
		, 8	, 0.05841	, 1712	, 3	,
		, 8	, 0.08643	, 1157	, 7	,
		, 8	, 0.11001	, 909	, 8	,
		, 8	, 0.11038	, 906	, 8	,
		, 9	, 0.20161	, 496	, 25	,
		, 9	, 0.20202	, 495	, 25	,
		, 9	, 0.20202	, 495	, 25	,
		, 9	, 0.20243	, 494	, 25	,
		, 9	, 0.20243	, 494	, 25	,
		, 9	, 0.20243	, 494	, 25	,
		, 10	, 0.18587	, 538	, 33	,
		, 10	, 0.20576	, 486	, 24	,
		, 10	, 0.20576	, 486	, 24	,
		, 10	, 0.20576	, 486	, 24	,
		, 10	, 0.20619	, 485	, 24	,
		, 10	, 0.20619	, 485	, 24	,
		, 10	, 0.20619	, 485	, 24	,
		, 11	, 0.10776	, 928	, 7	,
		, 11	, 0.34965	, 286	, 56	,
		, 13	, 0.36765	, 272	, 50	,
		, 16	, 1.14943	, 87	, 97	,
		, 16	, 1.56250	, 64	, 204	,
		, 19	, 0.59524	, 168	, 45	,
		, 22	, 0.83333	, 120	, 60	,
		, 22	, 4.90476	, 21	, 362	,
		, 25	, 2.56410	, 39	, 151	,
		, 27	, 5.20000	, 20	, 229	,
		, 38	, 13.62500	, 8	, 447	,
		, 44	, 13.25000	, 8	, 387	,
		, 47	, 18.83330	, 6	, 562	,
		, 49	, 53.50000	, 2	, 767	,
		, 55	, 48.33330	, 3	, 1181	,
		, 59	, 153.00000	, 1	, 2098	,
		, 64	, 54.00000	, 2	, 1621	,
		, 68	, 165.00000	, 1	, 2059	,
		, 80	, 190.00000	, 1	, 2087	,
		, 98	, 463.00000	, 1	, 5729	,
		, 108	, 663.00000	, 1	, 6278	,
		, 127	, 772.00000	, 1	, 7075	,
		, 127	, 933.00000	, 1	, 5902	,
		, 127	, 934.00000	, 1	, 5783	,
		, 673	, 238972.00000	, 1	, 376363	,
		, 674	, 236535.00000	, 1	, 376363	,


 cjpeg		, 2	, 0.02465	, 4057	, 0	,
		, 2	, 0.02471	, 4047	, 0	,
		, 2	, 0.02475	, 4040	, 0	,
		, 2	, 0.02491	, 4014	, 0	,
		, 2	, 0.02498	, 4003	, 0	,
		, 2	, 0.02499	, 4002	, 0	,
		, 2	, 0.02501	, 3998	, 0	,
		, 2	, 0.02503	, 3995	, 0	,
		, 2	, 0.02504	, 3994	, 0	,
		, 2	, 0.02505	, 3992	, 0	,
		, 2	, 0.02506	, 3990	, 0	,
		, 2	, 0.02507	, 3989	, 0	,
		, 2	, 0.02508	, 3987	, 0	,
		, 2	, 0.02509	, 3986	, 0	,
		, 2	, 0.02511	, 3982	, 0	,
		, 2	, 0.02513	, 3979	, 0	,
		, 2	, 0.02514	, 3978	, 0	,
		, 2	, 0.02516	, 3975	, 0	,
		, 2	, 0.02516	, 3975	, 0	,
		, 2	, 0.02517	, 3973	, 0	,
		, 2	, 0.02521	, 3966	, 0	,
		, 2	, 0.02524	, 3962	, 0	,
		, 2	, 0.02524	, 3962	, 0	,
		, 2	, 0.02525	, 3960	, 0	,
		, 2	, 0.02526	, 3959	, 0	,
		, 2	, 0.02530	, 3953	, 0	,
		, 2	, 0.02531	, 3951	, 0	,
		, 3	, 0.02896	, 3453	, 0	,
		, 3	, 0.02983	, 3352	, 0	,
		, 3	, 0.02989	, 3346	, 0	,
		, 3	, 0.03007	, 3326	, 0	,
		, 3	, 0.03024	, 3307	, 0	,
		, 3	, 0.03027	, 3304	, 0	,
		, 3	, 0.03028	, 3303	, 0	,
		, 3	, 0.03033	, 3297	, 0	,
		, 3	, 0.03034	, 3296	, 0	,
		, 3	, 0.03034	, 3296	, 0	,
		, 3	, 0.03056	, 3272	, 0	,
		, 3	, 0.03151	, 3174	, 1	,
		, 3	, 0.03163	, 3162	, 1	,
		, 3	, 0.03167	, 3158	, 1	,
		, 3	, 0.03176	, 3149	, 1	,
		, 3	, 0.03181	, 3144	, 1	,
		, 3	, 0.03181	, 3144	, 1	,
		, 3	, 0.03191	, 3134	, 1	,
		, 3	, 0.03440	, 2907	, 3	,
		, 3	, 0.03453	, 2896	, 3	,
		, 3	, 0.03454	, 2895	, 3	,
		, 3	, 0.03461	, 2889	, 1	,
		, 3	, 0.03461	, 2889	, 3	,
		, 3	, 0.03465	, 2886	, 3	,
		, 3	, 0.03500	, 2857	, 3	,
		, 4	, 0.03454	, 2895	, 0	,
		, 4	, 0.03527	, 2835	, 1	,
		, 4	, 0.03884	, 2575	, 1	,
		, 4	, 0.03884	, 2575	, 1	,
		, 4	, 0.03893	, 2569	, 1	,
		, 4	, 0.03894	, 2568	, 1	,
		, 4	, 0.04090	, 2445	, 1	,
		, 4	, 0.04119	, 2428	, 3	,
		, 4	, 0.04120	, 2427	, 3	,
		, 4	, 0.04122	, 2426	, 3	,
		, 5	, 0.04531	, 2207	, 3	,
		, 5	, 0.04766	, 2098	, 3	,
		, 5	, 0.04866	, 2055	, 3	,
		, 5	, 0.06680	, 1497	, 5	,
		, 5	, 0.06689	, 1495	, 5	,
		, 5	, 0.06689	, 1495	, 5	,
		, 5	, 0.06693	, 1494	, 5	,
		, 5	, 0.06693	, 1494	, 5	,
		, 5	, 0.06711	, 1490	, 5	,
		, 5	, 0.06711	, 1490	, 5	,
		, 5	, 0.06720	, 1488	, 5	,
		, 6	, 0.04548	, 2199	, 1	,
		, 6	, 0.05013	, 1995	, 1	,
		, 6	, 0.05528	, 1809	, 3	,
		, 6	, 0.05531	, 1808	, 3	,
		, 6	, 0.05534	, 1807	, 3	,
		, 6	, 0.05574	, 1794	, 3	,
		, 6	, 0.05767	, 1734	, 5	,
		, 7	, 0.06878	, 1454	, 5	,
		, 7	, 0.06969	, 1435	, 8	,
		, 7	, 0.06978	, 1433	, 8	,
		, 7	, 0.06978	, 1433	, 8	,
		, 7	, 0.06983	, 1432	, 8	,
		, 7	, 0.06993	, 1430	, 8	,
		, 7	, 0.06993	, 1430	, 8	,
		, 7	, 0.06998	, 1429	, 8	,
		, 7	, 0.06998	, 1429	, 8	,
		, 7	, 0.07003	, 1428	, 8	,
		, 7	, 0.07003	, 1428	, 8	,
		, 7	, 0.07003	, 1428	, 8	,
		, 7	, 0.07008	, 1427	, 8	,
		, 7	, 0.07008	, 1427	, 8	,
		, 7	, 0.07013	, 1426	, 8	,
		, 7	, 0.07027	, 1423	, 8	,
		, 7	, 0.07032	, 1422	, 8	,
		, 7	, 0.07037	, 1421	, 8	,
		, 7	, 0.07037	, 1421	, 8	,
		, 7	, 0.07042	, 1420	, 8	,
		, 7	, 0.16077	, 622	, 33	,
		, 8	, 0.06873	, 1455	, 3	,
		, 8	, 0.07663	, 1305	, 8	,
		, 8	, 0.07669	, 1304	, 8	,
		, 8	, 0.11223	, 891	, 10	,
		, 8	, 0.11236	, 890	, 10	,
		, 9	, 0.05838	, 1713	, 1	,
		, 9	, 0.05872	, 1703	, 1	,
		, 9	, 0.06143	, 1628	, 3	,
		, 9	, 0.06177	, 1619	, 1	,
		, 9	, 0.09141	, 1094	, 8	,
		, 9	, 0.10905	, 917	, 18	,
		, 9	, 0.14065	, 711	, 22	,
		, 10	, 0.05848	, 1710	, 1	,
		, 10	, 0.05886	, 1699	, 3	,
		, 10	, 0.06873	, 1455	, 3	,
		, 10	, 0.10341	, 967	, 8	,
		, 10	, 0.10352	, 966	, 8	,
		, 10	, 0.10953	, 913	, 12	,
		, 10	, 0.11481	, 871	, 10	,
		, 10	, 0.13210	, 757	, 19	,
		, 10	, 0.25063	, 399	, 34	,
		, 10	, 0.32787	, 305	, 59	,
		, 11	, 0.11574	, 864	, 8	,
		, 11	, 0.11601	, 862	, 8	,
		, 14	, 0.08969	, 1115	, 1	,
		, 15	, 0.25575	, 391	, 9	,
		, 15	, 0.38314	, 261	, 48	,
		, 15	, 0.38314	, 261	, 48	,
		, 15	, 0.38314	, 261	, 48	,
		, 34	, 2.72973	, 37	, 188	,
		, 42	, 11.00000	, 10	, 527	,
		, 48	, 40.33330	, 3	, 1626	,
		, 137	, 202.00000	, 1	, 3570	,


 fft		, 2	, 0.02706	, 3696	, 1	,
		, 3	, 0.03416	, 2927	, 1	,
		, 3	, 0.03416	, 2927	, 3	,
		, 3	, 0.03421	, 2923	, 1	,
		, 3	, 0.03427	, 2918	, 3	,
		, 3	, 0.03434	, 2912	, 3	,
		, 3	, 0.03451	, 2898	, 3	,
		, 3	, 0.03451	, 2898	, 3	,
		, 3	, 0.03470	, 2882	, 3	,
		, 4	, 0.05097	, 1962	, 7	,
		, 5	, 0.03948	, 2533	, 1	,
		, 5	, 0.06557	, 1525	, 5	,
		, 5	, 0.06566	, 1523	, 5	,
		, 5	, 0.06627	, 1509	, 12	,
		, 5	, 0.06636	, 1507	, 5	,
		, 5	, 0.08460	, 1182	, 22	,
		, 6	, 0.08826	, 1133	, 8	,
		, 6	, 0.08857	, 1129	, 8	,
		, 7	, 0.05593	, 1788	, 3	,
		, 7	, 0.05637	, 1774	, 3	,
		, 7	, 0.12987	, 770	, 26	,
		, 7	, 0.14389	, 695	, 16	,
		, 7	, 0.17361	, 576	, 36	,
		, 8	, 0.07541	, 1326	, 10	,
		, 8	, 0.09542	, 1048	, 7	,
		, 8	, 0.09560	, 1046	, 7	,
		, 8	, 0.13141	, 761	, 15	,
		, 8	, 0.13193	, 758	, 15	,
		, 8	, 0.14065	, 711	, 15	,
		, 9	, 0.30395	, 329	, 50	,
		, 11	, 0.15898	, 629	, 10	,
		, 12	, 0.29762	, 336	, 42	,
		, 12	, 0.47393	, 211	, 74	,
		, 12	, 0.51282	, 195	, 47	,
		, 12	, 0.51282	, 195	, 47	,
		, 13	, 1.29870	, 77	, 125	,
		, 14	, 0.52083	, 192	, 59	,
		, 15	, 0.64935	, 154	, 62	,
		, 16	, 0.14327	, 698	, 9	,
		, 16	, 0.14389	, 695	, 9	,
		, 19	, 1.69492	, 59	, 61	,
		, 38	, 8.83333	, 12	, 194	,
		, 52	, 21.20000	, 5	, 248	,


 md5		, 2	, 0.02692	, 3715	, 1	,
		, 3	, 0.03046	, 3283	, 1	,
		, 3	, 0.03433	, 2913	, 3	,
		, 3	, 0.03454	, 2895	, 3	,
		, 4	, 0.03737	, 2676	, 3	,
		, 4	, 0.03854	, 2595	, 3	,
		, 4	, 0.04505	, 2220	, 6	,
		, 5	, 0.04926	, 2030	, 3	,
		, 5	, 0.04936	, 2026	, 3	,
		, 6	, 0.10173	, 983	, 22	,
		, 7	, 0.07358	, 1359	, 9	,
		, 7	, 0.13793	, 725	, 26	,
		, 7	, 0.14599	, 685	, 33	,
		, 10	, 0.12579	, 795	, 18	,
		, 10	, 0.15152	, 660	, 18	,
		, 10	, 0.15601	, 641	, 27	,
		, 11	, 0.40816	, 245	, 46	,
		, 12	, 0.17575	, 569	, 18	,
		, 12	, 0.30864	, 324	, 22	,
		, 12	, 0.41841	, 239	, 50	,
		, 13	, 0.27778	, 360	, 17	,
		, 13	, 0.93458	, 107	, 74	,
		, 15	, 1.13636	, 88	, 132	,
		, 17	, 0.79365	, 126	, 46	,
		, 19	, 1.49254	, 67	, 101	,
		, 20	, 3.44828	, 29	, 228	,
		, 21	, 3.09091	, 33	, 217	,
		, 27	, 7.14286	, 14	, 455	,
		, 37	, 19.50000	, 6	, 933	,
		, 39	, 31.75000	, 4	, 676	,
		, 55	, 58.50000	, 2	, 2065	,
		, 87	, 338.00000	, 1	, 6045	,
		, 959	, 1386430.00000	, 1	, 458096	,


 sha		, 3	, 0.02950	, 3390	, 0	,
		, 6	, 0.04272	, 2341	, 1	,
		, 7	, 0.14620	, 684	, 33	,
		, 8	, 0.07911	, 1264	, 5	,
		, 8	, 0.07949	, 1258	, 12	,
		, 8	, 0.09794	, 1021	, 18	,
		, 9	, 0.06519	, 1534	, 6	,
		, 10	, 0.10267	, 974	, 12	,
		, 10	, 0.13569	, 737	, 16	,
		, 10	, 0.13587	, 736	, 16	,
		, 10	, 0.14472	, 691	, 18	,
		, 10	, 0.24096	, 415	, 31	,
		, 11	, 0.20619	, 485	, 24	,
		, 11	, 0.40650	, 246	, 46	,
		, 12	, 0.09901	, 1010	, 8	,
		, 15	, 0.58823	, 170	, 60	,
		, 16	, 0.11751	, 851	, 3	,
		, 19	, 1.20482	, 83	, 130	,
		, 24	, 1.53030	, 66	, 145	,
		, 24	, 1.53846	, 65	, 145	,
		, 24	, 1.53846	, 65	, 145	,
		, 24	, 1.55385	, 65	, 145	,
		, 24	, 5.00000	, 20	, 385	,
		, 25	, 0.26178	, 382	, 5	,
		, 26	, 7.00000	, 15	, 450	,
		, 29	, 7.92308	, 13	, 486	,
		, 32	, 8.33333	, 12	, 391	,
		, 33	, 12.00000	, 9	, 469	,
		, 33	, 12.00000	, 9	, 469	,
		, 34	, 12.33330	, 9	, 491	,
		, 35	, 14.85710	, 7	, 490	,
		, 41	, 27.00000	, 4	, 1116	,
		, 48	, 46.33330	, 3	, 1735	,
		, 53	, 58.00000	, 2	, 1970	,
		, 147	, 1206.00000	, 1	, 14219	,


 sor		, 2	, 0.02687	, 3721	, 1	,
		, 2	, 0.02715	, 3683	, 3	,
		, 3	, 0.03486	, 2869	, 1	,
		, 3	, 0.03494	, 2862	, 3	,
		, 4	, 0.03810	, 2625	, 3	,
		, 5	, 0.06662	, 1501	, 12	,
		, 5	, 0.06680	, 1497	, 12	,
		, 5	, 0.06689	, 1495	, 12	,
		, 5	, 0.06689	, 1495	, 5	,
		, 8	, 0.19841	, 504	, 29	,
		, 10	, 0.22573	, 443	, 44	,
		, 10	, 0.24630	, 406	, 36	,
		, 14	, 0.40816	, 245	, 46	,
		, 14	, 1.21951	, 82	, 101	,
		, 15	, 0.62893	, 159	, 47	,
		, 15	, 0.65360	, 153	, 60	,
		, 29	, 2.43902	, 41	, 55	,
		, 29	, 3.57143	, 28	, 157	,


 whetstone		, 3	, 0.02959	, 3379	, 0	,
		, 3	, 0.03037	, 3293	, 1	,
		, 3	, 0.03155	, 3170	, 1	,
		, 3	, 0.03216	, 3109	, 1	,
		, 4	, 0.02935	, 3407	, 0	,
		, 4	, 0.03517	, 2843	, 0	,
		, 4	, 0.03695	, 2706	, 1	,
		, 4	, 0.04120	, 2427	, 3	,
		, 5	, 0.04263	, 2346	, 3	,
		, 5	, 0.04403	, 2271	, 1	,
		, 5	, 0.04850	, 2062	, 3	,
		, 6	, 0.05556	, 1800	, 3	,
		, 6	, 0.05869	, 1704	, 5	,
		, 6	, 0.06046	, 1654	, 7	,
		, 7	, 0.05402	, 1851	, 3	,
		, 7	, 0.13316	, 751	, 19	,
		, 7	, 0.13387	, 747	, 19	,
		, 7	, 0.13405	, 746	, 19	,
		, 7	, 0.13423	, 745	, 19	,
		, 8	, 0.06689	, 1495	, 6	,
		, 8	, 0.07825	, 1278	, 10	,
		, 9	, 0.09251	, 1081	, 6	,
		, 9	, 0.16103	, 621	, 19	,
		, 10	, 0.10941	, 914	, 12	,
		, 10	, 0.15337	, 652	, 16	,
		, 10	, 0.27855	, 359	, 36	,
		, 12	, 0.13210	, 757	, 10	,
		, 12	, 0.42735	, 234	, 73	,
		, 14	, 0.40650	, 246	, 6	,
		, 14	, 0.70922	, 141	, 79	,
		, 15	, 0.21552	, 464	, 15	,
		, 15	, 0.35587	, 281	, 28	,
		, 18	, 0.46729	, 214	, 45	,
		, 19	, 0.22624	, 442	, 15	,
		, 24	, 0.97087	, 103	, 78	,
		, 29	, 10.00000	, 10	, 217	,
		, 31	, 11.88890	, 9	, 232	,
		, 39	, 29.50000	, 4	, 1141	,
		, 39	, 7.21429	, 14	, 61	,
