singlecut	, size	, time	, it	, cand	,


 adpcm		, 3	, 0.03425	, 2920	, 3	,
		, 3	, 0.03436	, 2910	, 3	,
		, 3	, 0.03449	, 2899	, 3	,
		, 4	, 0.03804	, 2629	, 1	,
		, 5	, 0.04970	, 2012	, 4	,
		, 5	, 0.06549	, 1527	, 6	,
		, 5	, 0.06579	, 1520	, 6	,
		, 5	, 0.06583	, 1519	, 10	,
		, 5	, 0.06588	, 1518	, 6	,
		, 5	, 0.06596	, 1516	, 6	,
		, 6	, 0.06964	, 1436	, 10	,
		, 6	, 0.06988	, 1431	, 10	,
		, 7	, 0.08251	, 1212	, 7	,
		, 7	, 0.08264	, 1210	, 7	,
		, 8	, 0.06882	, 1453	, 2	,
		, 8	, 0.06892	, 1451	, 2	,
		, 10	, 0.11136	, 898	, 7	,
		, 11	, 0.08985	, 1113	, 4	,
		, 11	, 0.27548	, 363	, 20	,
		, 11	, 0.27855	, 359	, 26	,
		, 11	, 0.27855	, 359	, 26	,
		, 12	, 0.10183	, 982	, 6	,
		, 12	, 0.13175	, 759	, 7	,
		, 12	, 0.15898	, 629	, 10	,
		, 14	, 0.16778	, 596	, 10	,
		, 14	, 0.16835	, 594	, 8	,
		, 14	, 0.20492	, 488	, 8	,
		, 17	, 0.22371	, 447	, 10	,
		, 18	, 0.33784	, 296	, 20	,
		, 18	, 0.33898	, 295	, 20	,
		, 20	, 0.41667	, 240	, 17	,
		, 21	, 0.67568	, 148	, 25	,
		, 31	, 1.61290	, 62	, 81	,
		, 38	, 3.06061	, 33	, 145	,
		, 38	, 3.06061	, 33	, 145	,
		, 55	, 6.17647	, 17	, 99	,


 aes		, 1	, 0.01685	, 5933	, 0	,
		, 1	, 0.01694	, 5904	, 0	,
		, 1	, 0.01696	, 5895	, 0	,
		, 1	, 0.01704	, 5868	, 0	,
		, 3	, 0.02973	, 3364	, 0	,
		, 3	, 0.02996	, 3338	, 1	,
		, 3	, 0.03404	, 2938	, 3	,
		, 3	, 0.03405	, 2937	, 3	,
		, 3	, 0.03406	, 2936	, 3	,
		, 3	, 0.03412	, 2931	, 3	,
		, 3	, 0.03414	, 2929	, 3	,
		, 3	, 0.03415	, 2928	, 3	,
		, 3	, 0.03415	, 2928	, 3	,
		, 3	, 0.03419	, 2925	, 3	,
		, 3	, 0.03419	, 2925	, 3	,
		, 3	, 0.03426	, 2919	, 3	,
		, 3	, 0.03429	, 2916	, 3	,
		, 3	, 0.03439	, 2908	, 3	,
		, 4	, 0.03453	, 2896	, 0	,
		, 4	, 0.03454	, 2895	, 0	,
		, 4	, 0.03478	, 2875	, 0	,
		, 4	, 0.03487	, 2868	, 0	,
		, 4	, 0.03493	, 2863	, 0	,
		, 4	, 0.03511	, 2848	, 0	,
		, 4	, 0.03766	, 2655	, 1	,
		, 4	, 0.03792	, 2637	, 1	,
		, 4	, 0.03795	, 2635	, 1	,
		, 4	, 0.03804	, 2629	, 1	,
		, 4	, 0.04941	, 2024	, 3	,
		, 5	, 0.04174	, 2396	, 3	,
		, 5	, 0.05695	, 1756	, 4	,
		, 5	, 0.05701	, 1754	, 4	,
		, 5	, 0.05921	, 1689	, 6	,
		, 5	, 0.05999	, 1667	, 3	,
		, 5	, 0.06523	, 1533	, 10	,
		, 5	, 0.06553	, 1526	, 6	,
		, 5	, 0.06562	, 1524	, 6	,
		, 5	, 0.06570	, 1522	, 6	,
		, 5	, 0.06570	, 1522	, 6	,
		, 5	, 0.06575	, 1521	, 6	,
		, 5	, 0.06579	, 1520	, 6	,
		, 5	, 0.06596	, 1516	, 6	,
		, 5	, 0.06605	, 1514	, 6	,
		, 5	, 0.06631	, 1508	, 6	,
		, 6	, 0.04623	, 2163	, 3	,
		, 6	, 0.04710	, 2123	, 1	,
		, 6	, 0.04710	, 2123	, 3	,
		, 6	, 0.04717	, 2120	, 1	,
		, 6	, 0.04733	, 2113	, 1	,
		, 6	, 0.04892	, 2044	, 1	,
		, 6	, 0.05491	, 1821	, 4	,
		, 6	, 0.05504	, 1817	, 4	,
		, 6	, 0.05507	, 1816	, 4	,
		, 6	, 0.05510	, 1815	, 4	,
		, 6	, 0.05525	, 1810	, 4	,
		, 6	, 0.05528	, 1809	, 4	,
		, 6	, 0.05653	, 1769	, 3	,
		, 6	, 0.05666	, 1765	, 3	,
		, 6	, 0.05669	, 1764	, 3	,
		, 6	, 0.05669	, 1764	, 3	,
		, 6	, 0.05672	, 1763	, 3	,
		, 6	, 0.05679	, 1761	, 3	,
		, 6	, 0.05688	, 1758	, 3	,
		, 6	, 0.05695	, 1756	, 3	,
		, 6	, 0.05698	, 1755	, 3	,
		, 6	, 0.05705	, 1753	, 3	,
		, 6	, 0.06010	, 1664	, 2	,
		, 6	, 0.07082	, 1412	, 11	,
		, 6	, 0.07174	, 1394	, 11	,
		, 6	, 0.09881	, 1012	, 17	,
		, 6	, 0.09881	, 1012	, 17	,
		, 6	, 0.09891	, 1011	, 17	,
		, 6	, 0.09891	, 1011	, 17	,
		, 6	, 0.09891	, 1011	, 17	,
		, 6	, 0.09901	, 1010	, 17	,
		, 6	, 0.09901	, 1010	, 17	,
		, 6	, 0.09911	, 1009	, 17	,
		, 6	, 0.09921	, 1008	, 17	,
		, 6	, 0.09921	, 1008	, 17	,
		, 6	, 0.09921	, 1008	, 17	,
		, 6	, 0.09921	, 1008	, 17	,
		, 6	, 0.09930	, 1007	, 17	,
		, 6	, 0.09930	, 1007	, 17	,
		, 7	, 0.07283	, 1373	, 10	,
		, 7	, 0.08636	, 1158	, 5	,
		, 7	, 0.08658	, 1155	, 5	,
		, 7	, 0.10173	, 983	, 13	,
		, 7	, 0.10204	, 980	, 13	,
		, 7	, 0.10225	, 978	, 13	,
		, 7	, 0.10235	, 977	, 13	,
		, 7	, 0.11848	, 844	, 15	,
		, 7	, 0.11862	, 843	, 15	,
		, 7	, 0.11891	, 841	, 15	,
		, 7	, 0.11891	, 841	, 15	,
		, 8	, 0.07831	, 1277	, 10	,
		, 8	, 0.07831	, 1277	, 10	,
		, 8	, 0.07831	, 1277	, 10	,
		, 8	, 0.07849	, 1274	, 10	,
		, 8	, 0.07886	, 1268	, 10	,
		, 8	, 0.07886	, 1268	, 10	,
		, 8	, 0.07968	, 1255	, 6	,
		, 8	, 0.07981	, 1253	, 6	,
		, 8	, 0.07981	, 1253	, 6	,
		, 8	, 0.12739	, 785	, 11	,
		, 8	, 0.12755	, 784	, 14	,
		, 8	, 0.20408	, 490	, 28	,
		, 9	, 0.07576	, 1320	, 5	,
		, 9	, 0.07587	, 1318	, 5	,
		, 9	, 0.07605	, 1315	, 5	,
		, 9	, 0.19685	, 508	, 20	,
		, 10	, 0.10811	, 925	, 5	,
		, 10	, 0.10834	, 923	, 5	,
		, 10	, 0.12285	, 814	, 8	,
		, 10	, 0.18416	, 543	, 17	,
		, 10	, 0.24272	, 412	, 37	,
		, 11	, 0.23364	, 428	, 19	,
		, 11	, 0.30581	, 327	, 38	,
		, 12	, 0.29940	, 334	, 40	,
		, 12	, 0.30030	, 333	, 40	,
		, 12	, 0.30030	, 333	, 40	,
		, 13	, 0.19531	, 512	, 23	,
		, 14	, 0.17730	, 564	, 11	,
		, 14	, 0.32362	, 309	, 22	,
		, 14	, 0.32362	, 309	, 22	,
		, 14	, 0.32467	, 308	, 22	,
		, 14	, 0.37453	, 267	, 43	,
		, 15	, 0.54348	, 184	, 28	,
		, 17	, 0.29070	, 344	, 10	,
		, 17	, 0.36765	, 272	, 16	,
		, 22	, 0.76336	, 131	, 25	,
		, 24	, 0.73529	, 136	, 23	,
		, 25	, 0.76336	, 131	, 23	,
		, 25	, 0.76923	, 130	, 23	,
		, 28	, 1.01010	, 99	, 29	,
		, 29	, 0.78740	, 127	, 33	,
		, 29	, 0.97087	, 103	, 36	,
		, 29	, 1.03093	, 97	, 29	,
		, 29	, 1.06383	, 94	, 29	,
		, 31	, 0.31348	, 319	, 7	,
		, 31	, 1.28205	, 78	, 45	,
		, 31	, 1.29487	, 78	, 45	,
		, 33	, 1.80357	, 56	, 41	,
		, 33	, 1.80357	, 56	, 41	,
		, 33	, 1.80357	, 56	, 41	,
		, 34	, 1.51515	, 66	, 48	,
		, 34	, 1.51515	, 66	, 48	,
		, 34	, 1.51515	, 66	, 48	,
		, 35	, 0.35842	, 279	, 7	,
		, 35	, 0.37037	, 270	, 7	,
		, 35	, 1.60317	, 63	, 49	,
		, 42	, 2.34884	, 43	, 40	,
		, 54	, 1.51515	, 66	, 18	,
		, 54	, 3.88462	, 26	, 66	,
		, 67	, 5.72222	, 18	, 78	,
		, 68	, 6.05882	, 17	, 81	,
		, 73	, 7.35714	, 14	, 87	,
		, 73	, 7.35714	, 14	, 87	,
		, 73	, 7.35714	, 14	, 87	,
		, 75	, 0.86957	, 115	, 7	,
		, 91	, 9.09091	, 11	, 121	,
		, 91	, 9.09091	, 11	, 121	,
		, 115	, 2.58974	, 39	, 19	,
		, 126	, 125.00000	, 1	, 910	,
		, 131	, 3.06061	, 33	, 19	,
		, 131	, 3.12500	, 32	, 19	,
		, 131	, 3.33333	, 30	, 19	,
		, 132	, 135.00000	, 1	, 922	,
		, 133	, 19.00000	, 6	, 110	,
		, 176	, 28.25000	, 4	, 161	,
		, 286	, 177.00000	, 1	, 896	,
		, 302	, 195.00000	, 1	, 960	,
		, 311	, 214.00000	, 1	, 1000	,
		, 311	, 214.00000	, 1	, 1000	,
		, 691	, 1479.00000	, 1	, 2322	,
		, 721	, 1884.00000	, 1	, 2600	,
		, 970	, 3430.00000	, 1	, 3642	,
		, 1079	, 3153.00000	, 1	, 3615	,
		, 1154	, 3657.00000	, 1	, 3694	,
		, 1407	, 4342.00000	, 1	, 4480	,
		, 1524	, 5232.00000	, 1	, 4984	,
		, 1619	, 6734.00000	, 1	, 5030	,


 blowfish		, 3	, 0.02844	, 3516	, 0	,
		, 3	, 0.02861	, 3495	, 0	,
		, 3	, 0.03024	, 3307	, 1	,
		, 3	, 0.03409	, 2933	, 3	,
		, 5	, 0.03281	, 3048	, 0	,
		, 7	, 0.08313	, 1203	, 6	,
		, 7	, 0.08881	, 1126	, 7	,
		, 7	, 0.08929	, 1120	, 7	,
		, 7	, 0.09653	, 1036	, 12	,
		, 7	, 0.09728	, 1028	, 12	,
		, 8	, 0.05893	, 1697	, 3	,
		, 8	, 0.08576	, 1166	, 5	,
		, 8	, 0.10627	, 941	, 7	,
		, 8	, 0.10707	, 934	, 7	,
		, 9	, 0.14389	, 695	, 12	,
		, 9	, 0.14409	, 694	, 12	,
		, 9	, 0.14409	, 694	, 12	,
		, 9	, 0.14451	, 692	, 12	,
		, 9	, 0.14451	, 692	, 12	,
		, 9	, 0.14451	, 692	, 12	,
		, 10	, 0.12870	, 777	, 11	,
		, 10	, 0.15528	, 644	, 12	,
		, 10	, 0.15552	, 643	, 12	,
		, 10	, 0.15552	, 643	, 12	,
		, 10	, 0.15576	, 642	, 12	,
		, 10	, 0.15576	, 642	, 12	,
		, 10	, 0.15601	, 641	, 12	,
		, 11	, 0.10718	, 933	, 5	,
		, 11	, 0.15898	, 629	, 14	,
		, 13	, 0.20325	, 492	, 17	,
		, 16	, 0.32051	, 312	, 24	,
		, 16	, 0.34014	, 294	, 23	,
		, 19	, 0.31746	, 315	, 16	,
		, 22	, 0.37879	, 264	, 18	,
		, 22	, 0.68966	, 145	, 33	,
		, 25	, 0.69444	, 144	, 32	,
		, 27	, 1.17647	, 85	, 51	,
		, 38	, 1.60317	, 63	, 38	,
		, 44	, 1.57812	, 64	, 38	,
		, 47	, 2.04082	, 49	, 42	,
		, 49	, 11.66670	, 9	, 252	,
		, 55	, 6.05882	, 17	, 193	,
		, 59	, 26.00000	, 4	, 425	,
		, 64	, 3.74074	, 27	, 74	,
		, 68	, 39.66670	, 3	, 428	,
		, 80	, 56.50000	, 2	, 431	,
		, 98	, 52.00000	, 2	, 482	,
		, 108	, 59.00000	, 2	, 487	,
		, 127	, 63.50000	, 2	, 496	,
		, 127	, 72.50000	, 2	, 431	,
		, 127	, 84.00000	, 2	, 516	,
		, 673	, 1305.00000	, 1	, 3068	,
		, 674	, 1315.00000	, 1	, 3068	,


 cjpeg		, 2	, 0.02437	, 4104	, 0	,
		, 2	, 0.02449	, 4084	, 0	,
		, 2	, 0.02455	, 4073	, 0	,
		, 2	, 0.02473	, 4044	, 0	,
		, 2	, 0.02479	, 4034	, 0	,
		, 2	, 0.02479	, 4034	, 0	,
		, 2	, 0.02480	, 4033	, 0	,
		, 2	, 0.02480	, 4032	, 0	,
		, 2	, 0.02480	, 4032	, 0	,
		, 2	, 0.02480	, 4032	, 0	,
		, 2	, 0.02480	, 4032	, 0	,
		, 2	, 0.02481	, 4031	, 0	,
		, 2	, 0.02482	, 4029	, 0	,
		, 2	, 0.02483	, 4028	, 0	,
		, 2	, 0.02484	, 4026	, 0	,
		, 2	, 0.02486	, 4023	, 0	,
		, 2	, 0.02486	, 4022	, 0	,
		, 2	, 0.02489	, 4018	, 0	,
		, 2	, 0.02489	, 4018	, 0	,
		, 2	, 0.02489	, 4017	, 0	,
		, 2	, 0.02491	, 4014	, 0	,
		, 2	, 0.02493	, 4012	, 0	,
		, 2	, 0.02495	, 4008	, 0	,
		, 2	, 0.02498	, 4004	, 0	,
		, 2	, 0.02502	, 3996	, 0	,
		, 2	, 0.02507	, 3989	, 0	,
		, 2	, 0.02567	, 3896	, 0	,
		, 3	, 0.02858	, 3499	, 0	,
		, 3	, 0.02952	, 3387	, 0	,
		, 3	, 0.02977	, 3359	, 0	,
		, 3	, 0.02994	, 3340	, 0	,
		, 3	, 0.02998	, 3336	, 0	,
		, 3	, 0.03004	, 3329	, 0	,
		, 3	, 0.03008	, 3324	, 0	,
		, 3	, 0.03009	, 3323	, 0	,
		, 3	, 0.03011	, 3321	, 0	,
		, 3	, 0.03015	, 3317	, 0	,
		, 3	, 0.03023	, 3308	, 0	,
		, 3	, 0.03135	, 3190	, 1	,
		, 3	, 0.03139	, 3186	, 1	,
		, 3	, 0.03149	, 3176	, 1	,
		, 3	, 0.03152	, 3173	, 1	,
		, 3	, 0.03159	, 3166	, 1	,
		, 3	, 0.03159	, 3166	, 1	,
		, 3	, 0.03168	, 3157	, 1	,
		, 3	, 0.03404	, 2938	, 3	,
		, 3	, 0.03406	, 2936	, 3	,
		, 3	, 0.03414	, 2929	, 3	,
		, 3	, 0.03415	, 2928	, 3	,
		, 3	, 0.03419	, 2925	, 3	,
		, 3	, 0.03434	, 2912	, 1	,
		, 3	, 0.03435	, 2911	, 3	,
		, 4	, 0.03399	, 2942	, 0	,
		, 4	, 0.03467	, 2884	, 1	,
		, 4	, 0.03817	, 2620	, 1	,
		, 4	, 0.03830	, 2611	, 1	,
		, 4	, 0.03833	, 2609	, 1	,
		, 4	, 0.03837	, 2606	, 1	,
		, 4	, 0.04031	, 2481	, 1	,
		, 4	, 0.04047	, 2471	, 3	,
		, 4	, 0.04047	, 2471	, 3	,
		, 4	, 0.04085	, 2448	, 3	,
		, 5	, 0.04470	, 2237	, 3	,
		, 5	, 0.04737	, 2111	, 3	,
		, 5	, 0.04773	, 2095	, 3	,
		, 5	, 0.05744	, 1741	, 4	,
		, 5	, 0.05744	, 1741	, 4	,
		, 5	, 0.05747	, 1740	, 4	,
		, 5	, 0.05764	, 1735	, 4	,
		, 5	, 0.05767	, 1734	, 4	,
		, 5	, 0.05770	, 1733	, 4	,
		, 5	, 0.05777	, 1731	, 4	,
		, 5	, 0.05780	, 1730	, 4	,
		, 6	, 0.04515	, 2215	, 1	,
		, 6	, 0.04973	, 2011	, 1	,
		, 6	, 0.05461	, 1831	, 3	,
		, 6	, 0.05470	, 1828	, 3	,
		, 6	, 0.05470	, 1828	, 3	,
		, 6	, 0.05501	, 1818	, 3	,
		, 6	, 0.05624	, 1778	, 4	,
		, 7	, 0.06671	, 1499	, 5	,
		, 7	, 0.06671	, 1499	, 5	,
		, 7	, 0.06680	, 1497	, 5	,
		, 7	, 0.06684	, 1496	, 5	,
		, 7	, 0.06689	, 1495	, 5	,
		, 7	, 0.06693	, 1494	, 5	,
		, 7	, 0.06693	, 1494	, 5	,
		, 7	, 0.06693	, 1494	, 5	,
		, 7	, 0.06693	, 1494	, 5	,
		, 7	, 0.06698	, 1493	, 5	,
		, 7	, 0.06702	, 1492	, 5	,
		, 7	, 0.06702	, 1492	, 5	,
		, 7	, 0.06702	, 1492	, 5	,
		, 7	, 0.06707	, 1491	, 5	,
		, 7	, 0.06707	, 1491	, 5	,
		, 7	, 0.06716	, 1489	, 5	,
		, 7	, 0.06716	, 1489	, 5	,
		, 7	, 0.06720	, 1488	, 5	,
		, 7	, 0.06725	, 1487	, 5	,
		, 7	, 0.06878	, 1454	, 4	,
		, 7	, 0.09852	, 1015	, 12	,
		, 8	, 0.06798	, 1471	, 3	,
		, 8	, 0.07380	, 1355	, 5	,
		, 8	, 0.07386	, 1354	, 5	,
		, 8	, 0.08292	, 1206	, 5	,
		, 8	, 0.08299	, 1205	, 5	,
		, 9	, 0.05774	, 1732	, 1	,
		, 9	, 0.05787	, 1728	, 1	,
		, 9	, 0.06053	, 1652	, 1	,
		, 9	, 0.06105	, 1638	, 3	,
		, 9	, 0.08772	, 1140	, 5	,
		, 9	, 0.09862	, 1014	, 9	,
		, 9	, 0.10893	, 918	, 8	,
		, 10	, 0.05848	, 1710	, 1	,
		, 10	, 0.05875	, 1702	, 3	,
		, 10	, 0.06789	, 1473	, 2	,
		, 10	, 0.08666	, 1154	, 4	,
		, 10	, 0.09794	, 1021	, 5	,
		, 10	, 0.09794	, 1021	, 5	,
		, 10	, 0.09960	, 1004	, 6	,
		, 10	, 0.10071	, 993	, 9	,
		, 10	, 0.14245	, 702	, 9	,
		, 10	, 0.17889	, 559	, 23	,
		, 11	, 0.10823	, 924	, 5	,
		, 11	, 0.10823	, 924	, 5	,
		, 14	, 0.08945	, 1118	, 1	,
		, 15	, 0.20121	, 497	, 14	,
		, 15	, 0.20121	, 497	, 14	,
		, 15	, 0.20121	, 497	, 14	,
		, 15	, 0.21692	, 461	, 7	,
		, 34	, 0.81301	, 123	, 27	,
		, 42	, 1.26582	, 79	, 43	,
		, 48	, 2.48780	, 41	, 70	,
		, 137	, 8.83333	, 12	, 84	,


 fft		, 2	, 0.02657	, 3763	, 1	,
		, 3	, 0.03366	, 2971	, 1	,
		, 3	, 0.03367	, 2970	, 1	,
		, 3	, 0.03376	, 2962	, 3	,
		, 3	, 0.03390	, 2950	, 3	,
		, 3	, 0.03392	, 2948	, 3	,
		, 3	, 0.03401	, 2940	, 3	,
		, 3	, 0.03408	, 2934	, 3	,
		, 3	, 0.03411	, 2932	, 3	,
		, 4	, 0.04558	, 2194	, 4	,
		, 5	, 0.03926	, 2547	, 1	,
		, 5	, 0.05675	, 1762	, 6	,
		, 5	, 0.05701	, 1754	, 4	,
		, 5	, 0.06398	, 1563	, 9	,
		, 5	, 0.06485	, 1542	, 6	,
		, 5	, 0.06515	, 1535	, 6	,
		, 6	, 0.06949	, 1439	, 5	,
		, 6	, 0.06954	, 1438	, 5	,
		, 7	, 0.05507	, 1816	, 2	,
		, 7	, 0.05577	, 1793	, 2	,
		, 7	, 0.09017	, 1109	, 9	,
		, 7	, 0.10163	, 984	, 13	,
		, 7	, 0.13605	, 735	, 17	,
		, 8	, 0.06689	, 1495	, 4	,
		, 8	, 0.08396	, 1191	, 5	,
		, 8	, 0.08403	, 1190	, 5	,
		, 8	, 0.09074	, 1102	, 7	,
		, 8	, 0.09116	, 1097	, 7	,
		, 8	, 0.10214	, 979	, 7	,
		, 9	, 0.21834	, 458	, 20	,
		, 11	, 0.12837	, 779	, 6	,
		, 12	, 0.15873	, 630	, 12	,
		, 12	, 0.22173	, 451	, 14	,
		, 12	, 0.22173	, 451	, 14	,
		, 12	, 0.26110	, 383	, 19	,
		, 13	, 0.80645	, 124	, 108	,
		, 14	, 0.22472	, 445	, 15	,
		, 15	, 0.30675	, 326	, 20	,
		, 16	, 0.12300	, 813	, 7	,
		, 16	, 0.12392	, 807	, 7	,
		, 19	, 0.69930	, 143	, 29	,
		, 38	, 1.83636	, 55	, 42	,
		, 52	, 3.92308	, 26	, 61	,


 md5		, 2	, 0.02688	, 3720	, 1	,
		, 3	, 0.03050	, 3279	, 1	,
		, 3	, 0.03411	, 2932	, 3	,
		, 3	, 0.03421	, 2923	, 3	,
		, 4	, 0.03716	, 2691	, 3	,
		, 4	, 0.03849	, 2598	, 3	,
		, 4	, 0.04513	, 2216	, 6	,
		, 5	, 0.04869	, 2054	, 3	,
		, 5	, 0.04890	, 2045	, 3	,
		, 6	, 0.10020	, 998	, 17	,
		, 7	, 0.07107	, 1407	, 6	,
		, 7	, 0.09506	, 1052	, 9	,
		, 7	, 0.10672	, 937	, 13	,
		, 10	, 0.10526	, 950	, 9	,
		, 10	, 0.10893	, 918	, 12	,
		, 10	, 0.12970	, 771	, 12	,
		, 11	, 0.27027	, 370	, 21	,
		, 12	, 0.15060	, 664	, 13	,
		, 12	, 0.19231	, 520	, 10	,
		, 12	, 0.20790	, 481	, 17	,
		, 13	, 0.21142	, 473	, 10	,
		, 13	, 0.39526	, 253	, 30	,
		, 15	, 0.39841	, 251	, 27	,
		, 17	, 0.37879	, 264	, 19	,
		, 19	, 0.68493	, 146	, 36	,
		, 20	, 0.90909	, 110	, 66	,
		, 21	, 0.84034	, 119	, 48	,
		, 27	, 0.90090	, 111	, 51	,
		, 37	, 1.63934	, 61	, 72	,
		, 39	, 7.64286	, 14	, 187	,
		, 55	, 3.40000	, 30	, 99	,
		, 87	, 10.50000	, 10	, 183	,
		, 959	, 5848.00000	, 1	, 5070	,


 sha		, 3	, 0.02996	, 3338	, 0	,
		, 6	, 0.04329	, 2310	, 1	,
		, 7	, 0.10616	, 942	, 13	,
		, 8	, 0.07072	, 1414	, 4	,
		, 8	, 0.07148	, 1399	, 6	,
		, 8	, 0.08921	, 1121	, 9	,
		, 9	, 0.06297	, 1588	, 3	,
		, 10	, 0.09407	, 1063	, 6	,
		, 10	, 0.11710	, 854	, 6	,
		, 10	, 0.11765	, 850	, 6	,
		, 10	, 0.13405	, 746	, 8	,
		, 10	, 0.16026	, 624	, 13	,
		, 11	, 0.17921	, 558	, 12	,
		, 11	, 0.26810	, 373	, 21	,
		, 12	, 0.09560	, 1046	, 5	,
		, 15	, 0.27701	, 361	, 22	,
		, 16	, 0.11751	, 851	, 2	,
		, 19	, 0.36900	, 271	, 26	,
		, 24	, 0.46296	, 216	, 26	,
		, 24	, 0.46296	, 216	, 26	,
		, 24	, 0.46512	, 215	, 26	,
		, 24	, 0.46512	, 215	, 26	,
		, 24	, 0.76923	, 130	, 41	,
		, 25	, 0.26042	, 384	, 5	,
		, 26	, 0.86957	, 115	, 55	,
		, 29	, 1.01010	, 99	, 56	,
		, 32	, 1.56250	, 64	, 55	,
		, 33	, 3.74074	, 27	, 120	,
		, 33	, 3.74074	, 27	, 120	,
		, 34	, 3.88462	, 26	, 115	,
		, 35	, 4.04000	, 25	, 116	,
		, 41	, 2.02000	, 50	, 74	,
		, 48	, 2.77778	, 36	, 89	,
		, 53	, 3.40000	, 30	, 96	,
		, 147	, 24.00000	, 5	, 275	,


 sor		, 2	, 0.02703	, 3699	, 3	,
		, 2	, 0.02704	, 3698	, 1	,
		, 3	, 0.03454	, 2895	, 1	,
		, 3	, 0.03454	, 2895	, 3	,
		, 4	, 0.03823	, 2616	, 3	,
		, 5	, 0.05790	, 1727	, 4	,
		, 5	, 0.05797	, 1725	, 6	,
		, 5	, 0.06618	, 1511	, 10	,
		, 5	, 0.06627	, 1509	, 10	,
		, 8	, 0.11161	, 896	, 9	,
		, 10	, 0.14006	, 714	, 20	,
		, 10	, 0.16155	, 619	, 17	,
		, 14	, 0.19802	, 505	, 13	,
		, 14	, 1.05263	, 95	, 149	,
		, 15	, 0.26954	, 371	, 19	,
		, 15	, 0.27472	, 364	, 14	,
		, 29	, 1.40845	, 71	, 29	,
		, 29	, 1.63934	, 61	, 49	,


 whetstone		, 3	, 0.02940	, 3401	, 0	,
		, 3	, 0.03013	, 3319	, 1	,
		, 3	, 0.03142	, 3183	, 1	,
		, 3	, 0.03357	, 2979	, 1	,
		, 4	, 0.02869	, 3485	, 0	,
		, 4	, 0.03530	, 2833	, 0	,
		, 4	, 0.03662	, 2731	, 1	,
		, 4	, 0.04114	, 2431	, 3	,
		, 5	, 0.04189	, 2387	, 3	,
		, 5	, 0.04394	, 2276	, 1	,
		, 5	, 0.04794	, 2086	, 3	,
		, 6	, 0.05249	, 1905	, 2	,
		, 6	, 0.05872	, 1703	, 4	,
		, 6	, 0.05879	, 1701	, 4	,
		, 7	, 0.05397	, 1853	, 3	,
		, 7	, 0.10204	, 980	, 9	,
		, 7	, 0.10225	, 978	, 9	,
		, 7	, 0.10225	, 978	, 9	,
		, 7	, 0.10428	, 959	, 9	,
		, 8	, 0.06414	, 1559	, 3	,
		, 8	, 0.06964	, 1436	, 4	,
		, 9	, 0.07924	, 1262	, 3	,
		, 9	, 0.12240	, 817	, 9	,
		, 10	, 0.09960	, 1004	, 6	,
		, 10	, 0.11099	, 901	, 6	,
		, 10	, 0.16129	, 620	, 12	,
		, 12	, 0.10515	, 951	, 4	,
		, 12	, 0.17123	, 584	, 13	,
		, 14	, 0.24570	, 407	, 16	,
		, 14	, 0.43290	, 231	, 17	,
		, 15	, 0.14347	, 697	, 5	,
		, 15	, 0.17953	, 557	, 7	,
		, 18	, 0.21368	, 468	, 9	,
		, 19	, 0.19646	, 509	, 9	,
		, 24	, 0.33333	, 300	, 12	,
		, 29	, 1.96078	, 51	, 62	,
		, 31	, 2.19565	, 46	, 65	,
		, 39	, 2.02000	, 50	, 57	,
		, 39	, 2.65789	, 38	, 42	,
