singlecut	, size	, time	, it	, cand	,


 adpcm		, 3	, 0.03415	, 2928	, 3	,
		, 3	, 0.03421	, 2923	, 3	,
		, 3	, 0.03432	, 2914	, 3	,
		, 4	, 0.03776	, 2648	, 1	,
		, 5	, 0.04958	, 2017	, 4	,
		, 5	, 0.06545	, 1528	, 5	,
		, 5	, 0.06549	, 1527	, 5	,
		, 5	, 0.06562	, 1524	, 9	,
		, 5	, 0.06566	, 1523	, 5	,
		, 5	, 0.06676	, 1498	, 5	,
		, 6	, 0.06944	, 1440	, 9	,
		, 6	, 0.06974	, 1434	, 9	,
		, 7	, 0.08217	, 1217	, 7	,
		, 7	, 0.08271	, 1209	, 7	,
		, 8	, 0.06882	, 1453	, 2	,
		, 8	, 0.06930	, 1443	, 2	,
		, 10	, 0.11038	, 906	, 7	,
		, 11	, 0.08905	, 1123	, 4	,
		, 11	, 0.23042	, 434	, 12	,
		, 11	, 0.23095	, 433	, 12	,
		, 11	, 0.25707	, 389	, 16	,
		, 12	, 0.10214	, 979	, 5	,
		, 12	, 0.13245	, 755	, 7	,
		, 12	, 0.15898	, 629	, 9	,
		, 14	, 0.16778	, 596	, 7	,
		, 14	, 0.16807	, 595	, 9	,
		, 14	, 0.20367	, 491	, 8	,
		, 17	, 0.22371	, 447	, 9	,
		, 18	, 0.33898	, 295	, 17	,
		, 18	, 0.33898	, 295	, 17	,
		, 20	, 0.41667	, 240	, 16	,
		, 21	, 0.54945	, 182	, 14	,
		, 31	, 1.42254	, 71	, 39	,
		, 38	, 2.83333	, 36	, 67	,
		, 38	, 2.85714	, 35	, 67	,
		, 55	, 5.77778	, 18	, 66	,


 aes		, 1	, 0.01707	, 5859	, 0	,
		, 1	, 0.01708	, 5855	, 0	,
		, 1	, 0.01711	, 5845	, 0	,
		, 1	, 0.01715	, 5831	, 0	,
		, 3	, 0.03030	, 3300	, 0	,
		, 3	, 0.03030	, 3300	, 1	,
		, 3	, 0.03449	, 2899	, 3	,
		, 3	, 0.03460	, 2890	, 3	,
		, 3	, 0.03461	, 2889	, 3	,
		, 3	, 0.03466	, 2885	, 3	,
		, 3	, 0.03467	, 2884	, 3	,
		, 3	, 0.03470	, 2882	, 3	,
		, 3	, 0.03471	, 2881	, 3	,
		, 3	, 0.03473	, 2879	, 3	,
		, 3	, 0.03473	, 2879	, 3	,
		, 3	, 0.03478	, 2875	, 3	,
		, 3	, 0.03486	, 2869	, 3	,
		, 3	, 0.03486	, 2869	, 3	,
		, 4	, 0.03478	, 2875	, 0	,
		, 4	, 0.03478	, 2875	, 0	,
		, 4	, 0.03490	, 2865	, 0	,
		, 4	, 0.03510	, 2849	, 0	,
		, 4	, 0.03534	, 2830	, 0	,
		, 4	, 0.03540	, 2825	, 0	,
		, 4	, 0.03795	, 2635	, 1	,
		, 4	, 0.03812	, 2623	, 1	,
		, 4	, 0.03834	, 2608	, 1	,
		, 4	, 0.03840	, 2604	, 1	,
		, 4	, 0.05003	, 1999	, 3	,
		, 5	, 0.04209	, 2376	, 3	,
		, 5	, 0.05467	, 1829	, 2	,
		, 5	, 0.05807	, 1722	, 4	,
		, 5	, 0.05811	, 1721	, 4	,
		, 5	, 0.06042	, 1655	, 5	,
		, 5	, 0.06667	, 1500	, 5	,
		, 5	, 0.06676	, 1498	, 5	,
		, 5	, 0.06684	, 1496	, 9	,
		, 5	, 0.06693	, 1494	, 5	,
		, 5	, 0.06693	, 1494	, 5	,
		, 5	, 0.06702	, 1492	, 5	,
		, 5	, 0.06702	, 1492	, 5	,
		, 5	, 0.06702	, 1492	, 5	,
		, 5	, 0.06707	, 1491	, 5	,
		, 5	, 0.06716	, 1489	, 5	,
		, 6	, 0.04688	, 2133	, 3	,
		, 6	, 0.04764	, 2099	, 1	,
		, 6	, 0.04771	, 2096	, 1	,
		, 6	, 0.04778	, 2093	, 1	,
		, 6	, 0.04787	, 2089	, 3	,
		, 6	, 0.04943	, 2023	, 1	,
		, 6	, 0.05549	, 1802	, 4	,
		, 6	, 0.05593	, 1788	, 4	,
		, 6	, 0.05599	, 1786	, 4	,
		, 6	, 0.05605	, 1784	, 4	,
		, 6	, 0.05624	, 1778	, 4	,
		, 6	, 0.05637	, 1774	, 4	,
		, 6	, 0.05705	, 1753	, 3	,
		, 6	, 0.05727	, 1746	, 3	,
		, 6	, 0.05727	, 1746	, 3	,
		, 6	, 0.05731	, 1745	, 3	,
		, 6	, 0.05747	, 1740	, 3	,
		, 6	, 0.05757	, 1737	, 3	,
		, 6	, 0.05764	, 1735	, 3	,
		, 6	, 0.05777	, 1731	, 3	,
		, 6	, 0.05777	, 1731	, 3	,
		, 6	, 0.05784	, 1729	, 3	,
		, 6	, 0.06079	, 1645	, 2	,
		, 6	, 0.07220	, 1385	, 9	,
		, 6	, 0.07278	, 1374	, 9	,
		, 6	, 0.09930	, 1007	, 15	,
		, 6	, 0.09930	, 1007	, 15	,
		, 6	, 0.09930	, 1007	, 15	,
		, 6	, 0.10132	, 987	, 15	,
		, 6	, 0.10152	, 985	, 15	,
		, 6	, 0.10152	, 985	, 15	,
		, 6	, 0.10163	, 984	, 15	,
		, 6	, 0.10163	, 984	, 15	,
		, 6	, 0.10183	, 982	, 15	,
		, 6	, 0.10183	, 982	, 15	,
		, 6	, 0.10194	, 981	, 15	,
		, 6	, 0.10194	, 981	, 15	,
		, 6	, 0.10204	, 980	, 15	,
		, 6	, 0.10204	, 980	, 15	,
		, 7	, 0.07468	, 1339	, 9	,
		, 7	, 0.08772	, 1140	, 5	,
		, 7	, 0.08913	, 1122	, 5	,
		, 7	, 0.10417	, 960	, 12	,
		, 7	, 0.10449	, 957	, 12	,
		, 7	, 0.10493	, 953	, 12	,
		, 7	, 0.10515	, 951	, 12	,
		, 7	, 0.11696	, 855	, 10	,
		, 7	, 0.11751	, 851	, 10	,
		, 7	, 0.11751	, 851	, 10	,
		, 7	, 0.11806	, 847	, 10	,
		, 8	, 0.07868	, 1271	, 8	,
		, 8	, 0.07930	, 1261	, 8	,
		, 8	, 0.07968	, 1255	, 8	,
		, 8	, 0.07994	, 1251	, 8	,
		, 8	, 0.08013	, 1248	, 5	,
		, 8	, 0.08019	, 1247	, 8	,
		, 8	, 0.08039	, 1244	, 8	,
		, 8	, 0.08117	, 1232	, 5	,
		, 8	, 0.08150	, 1227	, 5	,
		, 8	, 0.12887	, 776	, 13	,
		, 8	, 0.12903	, 775	, 7	,
		, 8	, 0.20790	, 481	, 19	,
		, 9	, 0.07628	, 1311	, 5	,
		, 9	, 0.07716	, 1296	, 5	,
		, 9	, 0.07740	, 1292	, 5	,
		, 9	, 0.16667	, 600	, 8	,
		, 10	, 0.11062	, 904	, 5	,
		, 10	, 0.11148	, 897	, 5	,
		, 10	, 0.12563	, 796	, 7	,
		, 10	, 0.19011	, 526	, 15	,
		, 10	, 0.24450	, 409	, 23	,
		, 11	, 0.23923	, 418	, 19	,
		, 11	, 0.30581	, 327	, 21	,
		, 12	, 0.29762	, 336	, 26	,
		, 12	, 0.29851	, 335	, 26	,
		, 12	, 0.30303	, 330	, 26	,
		, 13	, 0.20161	, 496	, 20	,
		, 14	, 0.18018	, 555	, 10	,
		, 14	, 0.32573	, 307	, 22	,
		, 14	, 0.32787	, 305	, 22	,
		, 14	, 0.33003	, 303	, 22	,
		, 14	, 0.38461	, 260	, 29	,
		, 15	, 0.47847	, 209	, 15	,
		, 17	, 0.26525	, 377	, 9	,
		, 17	, 0.36364	, 275	, 12	,
		, 22	, 0.78125	, 128	, 25	,
		, 24	, 0.74627	, 134	, 19	,
		, 25	, 0.78125	, 128	, 19	,
		, 25	, 0.78125	, 128	, 19	,
		, 28	, 1.01010	, 99	, 24	,
		, 29	, 0.80000	, 125	, 30	,
		, 29	, 1.01010	, 99	, 29	,
		, 29	, 1.07447	, 94	, 24	,
		, 29	, 1.08696	, 92	, 24	,
		, 31	, 0.31348	, 319	, 7	,
		, 31	, 1.31579	, 76	, 45	,
		, 31	, 1.33333	, 75	, 45	,
		, 33	, 1.80357	, 56	, 40	,
		, 33	, 1.81818	, 55	, 40	,
		, 33	, 1.81818	, 55	, 40	,
		, 34	, 1.51515	, 66	, 48	,
		, 34	, 1.53846	, 65	, 48	,
		, 34	, 1.53846	, 65	, 48	,
		, 35	, 0.36101	, 277	, 7	,
		, 35	, 0.36900	, 271	, 7	,
		, 35	, 1.61290	, 62	, 49	,
		, 42	, 2.38095	, 42	, 34	,
		, 54	, 1.53846	, 65	, 18	,
		, 54	, 4.00000	, 25	, 66	,
		, 67	, 5.77778	, 18	, 66	,
		, 68	, 6.11765	, 17	, 71	,
		, 73	, 7.35714	, 14	, 86	,
		, 73	, 7.50000	, 14	, 86	,
		, 73	, 7.57143	, 14	, 86	,
		, 75	, 0.87719	, 114	, 7	,
		, 91	, 9.45455	, 11	, 121	,
		, 91	, 9.45455	, 11	, 121	,
		, 115	, 2.56410	, 39	, 19	,
		, 126	, 60.50000	, 2	, 210	,
		, 131	, 3.09091	, 33	, 19	,
		, 131	, 3.15625	, 32	, 19	,
		, 131	, 3.33333	, 30	, 19	,
		, 132	, 66.00000	, 2	, 219	,
		, 133	, 19.16670	, 6	, 95	,
		, 176	, 28.75000	, 4	, 143	,
		, 286	, 149.00000	, 1	, 392	,
		, 302	, 160.00000	, 1	, 424	,
		, 311	, 178.00000	, 1	, 424	,
		, 311	, 181.00000	, 1	, 424	,
		, 691	, 954.00000	, 1	, 990	,
		, 721	, 1089.00000	, 1	, 1044	,
		, 970	, 1981.00000	, 1	, 1417	,
		, 1079	, 2238.00000	, 1	, 1545	,
		, 1154	, 2473.00000	, 1	, 1597	,
		, 1407	, 3691.00000	, 1	, 1960	,
		, 1524	, 4403.00000	, 1	, 2113	,
		, 1619	, 4809.00000	, 1	, 2210	,


 blowfish		, 3	, 0.02887	, 3464	, 0	,
		, 3	, 0.02906	, 3441	, 0	,
		, 3	, 0.03008	, 3325	, 1	,
		, 3	, 0.03478	, 2875	, 3	,
		, 5	, 0.03307	, 3024	, 0	,
		, 7	, 0.08467	, 1181	, 6	,
		, 7	, 0.09033	, 1107	, 6	,
		, 7	, 0.09074	, 1102	, 6	,
		, 7	, 0.09709	, 1030	, 10	,
		, 7	, 0.09852	, 1015	, 10	,
		, 8	, 0.05889	, 1698	, 3	,
		, 8	, 0.08726	, 1146	, 5	,
		, 8	, 0.10787	, 927	, 6	,
		, 8	, 0.10834	, 923	, 6	,
		, 9	, 0.14451	, 692	, 11	,
		, 9	, 0.14472	, 691	, 11	,
		, 9	, 0.14556	, 687	, 11	,
		, 9	, 0.14663	, 682	, 11	,
		, 9	, 0.14663	, 682	, 11	,
		, 9	, 0.14771	, 677	, 11	,
		, 10	, 0.13123	, 762	, 10	,
		, 10	, 0.15823	, 632	, 11	,
		, 10	, 0.15823	, 632	, 11	,
		, 10	, 0.15823	, 632	, 11	,
		, 10	, 0.15848	, 631	, 11	,
		, 10	, 0.15848	, 631	, 11	,
		, 10	, 0.15848	, 631	, 11	,
		, 11	, 0.10905	, 917	, 5	,
		, 11	, 0.16234	, 616	, 12	,
		, 13	, 0.20367	, 491	, 13	,
		, 16	, 0.32467	, 308	, 17	,
		, 16	, 0.34483	, 290	, 21	,
		, 19	, 0.32467	, 308	, 15	,
		, 22	, 0.38314	, 261	, 16	,
		, 22	, 0.69930	, 143	, 31	,
		, 25	, 0.67114	, 149	, 20	,
		, 27	, 1.14943	, 87	, 29	,
		, 38	, 1.62903	, 62	, 38	,
		, 44	, 1.61290	, 62	, 38	,
		, 47	, 2.06122	, 49	, 42	,
		, 49	, 7.57143	, 14	, 70	,
		, 55	, 5.10000	, 20	, 77	,
		, 59	, 13.00000	, 8	, 99	,
		, 64	, 3.74074	, 27	, 72	,
		, 68	, 17.83330	, 6	, 100	,
		, 80	, 23.60000	, 5	, 105	,
		, 98	, 23.40000	, 5	, 146	,
		, 108	, 27.75000	, 4	, 159	,
		, 127	, 37.00000	, 3	, 169	,
		, 127	, 37.66670	, 3	, 167	,
		, 127	, 40.66670	, 3	, 172	,
		, 673	, 1047.00000	, 1	, 1260	,
		, 674	, 1049.00000	, 1	, 1260	,


 cjpeg		, 2	, 0.02434	, 4109	, 0	,
		, 2	, 0.02447	, 4087	, 0	,
		, 2	, 0.02463	, 4060	, 0	,
		, 2	, 0.02475	, 4040	, 0	,
		, 2	, 0.02478	, 4036	, 0	,
		, 2	, 0.02480	, 4033	, 0	,
		, 2	, 0.02481	, 4030	, 0	,
		, 2	, 0.02483	, 4027	, 0	,
		, 2	, 0.02484	, 4025	, 0	,
		, 2	, 0.02485	, 4024	, 0	,
		, 2	, 0.02486	, 4022	, 0	,
		, 2	, 0.02487	, 4021	, 0	,
		, 2	, 0.02488	, 4020	, 0	,
		, 2	, 0.02489	, 4018	, 0	,
		, 2	, 0.02489	, 4017	, 0	,
		, 2	, 0.02490	, 4016	, 0	,
		, 2	, 0.02491	, 4015	, 0	,
		, 2	, 0.02492	, 4013	, 0	,
		, 2	, 0.02494	, 4009	, 0	,
		, 2	, 0.02496	, 4007	, 0	,
		, 2	, 0.02498	, 4003	, 0	,
		, 2	, 0.02499	, 4001	, 0	,
		, 2	, 0.02501	, 3998	, 0	,
		, 2	, 0.02502	, 3997	, 0	,
		, 2	, 0.02502	, 3997	, 0	,
		, 2	, 0.02510	, 3984	, 0	,
		, 2	, 0.02500	, 4000	, 0	,
		, 3	, 0.02840	, 3521	, 0	,
		, 3	, 0.02946	, 3395	, 0	,
		, 3	, 0.02968	, 3369	, 0	,
		, 3	, 0.03004	, 3329	, 0	,
		, 3	, 0.03007	, 3326	, 0	,
		, 3	, 0.03018	, 3313	, 0	,
		, 3	, 0.03021	, 3310	, 0	,
		, 3	, 0.03021	, 3310	, 0	,
		, 3	, 0.03022	, 3309	, 0	,
		, 3	, 0.03024	, 3307	, 0	,
		, 3	, 0.03125	, 3200	, 1	,
		, 3	, 0.03146	, 3179	, 0	,
		, 3	, 0.03148	, 3177	, 1	,
		, 3	, 0.03151	, 3174	, 1	,
		, 3	, 0.03168	, 3157	, 1	,
		, 3	, 0.03172	, 3153	, 1	,
		, 3	, 0.03176	, 3149	, 1	,
		, 3	, 0.03179	, 3146	, 1	,
		, 3	, 0.03427	, 2918	, 3	,
		, 3	, 0.03428	, 2917	, 3	,
		, 3	, 0.03429	, 2916	, 1	,
		, 3	, 0.03431	, 2915	, 3	,
		, 3	, 0.03434	, 2912	, 3	,
		, 3	, 0.03435	, 2911	, 3	,
		, 3	, 0.03435	, 2911	, 3	,
		, 4	, 0.03427	, 2918	, 0	,
		, 4	, 0.03490	, 2865	, 1	,
		, 4	, 0.03837	, 2606	, 1	,
		, 4	, 0.03842	, 2603	, 1	,
		, 4	, 0.03848	, 2599	, 1	,
		, 4	, 0.03849	, 2598	, 1	,
		, 4	, 0.04063	, 2461	, 3	,
		, 4	, 0.04073	, 2455	, 3	,
		, 4	, 0.04075	, 2454	, 1	,
		, 4	, 0.04131	, 2421	, 3	,
		, 5	, 0.04478	, 2233	, 3	,
		, 5	, 0.04746	, 2107	, 3	,
		, 5	, 0.04815	, 2077	, 3	,
		, 5	, 0.05747	, 1740	, 4	,
		, 5	, 0.05747	, 1740	, 4	,
		, 5	, 0.05767	, 1734	, 4	,
		, 5	, 0.05767	, 1734	, 4	,
		, 5	, 0.05770	, 1733	, 4	,
		, 5	, 0.05770	, 1733	, 4	,
		, 5	, 0.05780	, 1730	, 4	,
		, 5	, 0.05780	, 1730	, 4	,
		, 6	, 0.04500	, 2222	, 1	,
		, 6	, 0.04955	, 2018	, 1	,
		, 6	, 0.05476	, 1826	, 3	,
		, 6	, 0.05479	, 1825	, 3	,
		, 6	, 0.05488	, 1822	, 3	,
		, 6	, 0.05501	, 1818	, 3	,
		, 6	, 0.05682	, 1760	, 4	,
		, 7	, 0.06693	, 1494	, 5	,
		, 7	, 0.06693	, 1494	, 5	,
		, 7	, 0.06698	, 1493	, 5	,
		, 7	, 0.06711	, 1490	, 5	,
		, 7	, 0.06711	, 1490	, 5	,
		, 7	, 0.06711	, 1490	, 5	,
		, 7	, 0.06711	, 1490	, 5	,
		, 7	, 0.06716	, 1489	, 5	,
		, 7	, 0.06716	, 1489	, 5	,
		, 7	, 0.06716	, 1489	, 5	,
		, 7	, 0.06720	, 1488	, 5	,
		, 7	, 0.06720	, 1488	, 5	,
		, 7	, 0.06720	, 1488	, 5	,
		, 7	, 0.06720	, 1488	, 5	,
		, 7	, 0.06725	, 1487	, 5	,
		, 7	, 0.06734	, 1485	, 5	,
		, 7	, 0.06734	, 1485	, 5	,
		, 7	, 0.06743	, 1483	, 5	,
		, 7	, 0.06757	, 1480	, 5	,
		, 7	, 0.06821	, 1466	, 4	,
		, 7	, 0.09862	, 1014	, 10	,
		, 8	, 0.06821	, 1466	, 3	,
		, 8	, 0.07321	, 1366	, 5	,
		, 8	, 0.07369	, 1357	, 5	,
		, 8	, 0.08333	, 1200	, 5	,
		, 8	, 0.08333	, 1200	, 5	,
		, 9	, 0.05794	, 1726	, 1	,
		, 9	, 0.05807	, 1722	, 1	,
		, 9	, 0.06150	, 1626	, 1	,
		, 9	, 0.06154	, 1625	, 3	,
		, 9	, 0.08803	, 1136	, 5	,
		, 9	, 0.09872	, 1013	, 8	,
		, 9	, 0.10823	, 924	, 8	,
		, 10	, 0.05865	, 1705	, 1	,
		, 10	, 0.05865	, 1705	, 3	,
		, 10	, 0.06803	, 1470	, 2	,
		, 10	, 0.08711	, 1148	, 4	,
		, 10	, 0.09766	, 1024	, 5	,
		, 10	, 0.09843	, 1016	, 5	,
		, 10	, 0.09970	, 1003	, 6	,
		, 10	, 0.10071	, 993	, 8	,
		, 10	, 0.14347	, 697	, 9	,
		, 10	, 0.17889	, 559	, 17	,
		, 11	, 0.10799	, 926	, 5	,
		, 11	, 0.10811	, 925	, 5	,
		, 14	, 0.08937	, 1119	, 1	,
		, 15	, 0.20040	, 499	, 12	,
		, 15	, 0.20040	, 499	, 12	,
		, 15	, 0.20121	, 497	, 12	,
		, 15	, 0.21739	, 460	, 6	,
		, 34	, 0.81301	, 123	, 23	,
		, 42	, 1.26582	, 79	, 37	,
		, 48	, 2.50000	, 40	, 62	,
		, 137	, 8.83333	, 12	, 84	,


 fft		, 2	, 0.02685	, 3724	, 1	,
		, 3	, 0.03413	, 2930	, 1	,
		, 3	, 0.03427	, 2918	, 1	,
		, 3	, 0.03427	, 2918	, 3	,
		, 3	, 0.03431	, 2915	, 3	,
		, 3	, 0.03433	, 2913	, 3	,
		, 3	, 0.03434	, 2912	, 3	,
		, 3	, 0.03441	, 2906	, 3	,
		, 3	, 0.03454	, 2895	, 3	,
		, 4	, 0.04604	, 2172	, 4	,
		, 5	, 0.03948	, 2533	, 1	,
		, 5	, 0.05718	, 1749	, 6	,
		, 5	, 0.05764	, 1735	, 4	,
		, 5	, 0.06443	, 1552	, 8	,
		, 5	, 0.06566	, 1523	, 5	,
		, 5	, 0.06575	, 1521	, 5	,
		, 6	, 0.06993	, 1430	, 5	,
		, 6	, 0.07018	, 1425	, 5	,
		, 7	, 0.05596	, 1787	, 2	,
		, 7	, 0.05612	, 1782	, 2	,
		, 7	, 0.09200	, 1087	, 9	,
		, 7	, 0.10267	, 974	, 12	,
		, 7	, 0.13477	, 742	, 12	,
		, 8	, 0.06711	, 1490	, 4	,
		, 8	, 0.08432	, 1186	, 5	,
		, 8	, 0.08446	, 1184	, 5	,
		, 8	, 0.09141	, 1094	, 7	,
		, 8	, 0.09166	, 1091	, 7	,
		, 8	, 0.10288	, 972	, 7	,
		, 9	, 0.21930	, 456	, 18	,
		, 11	, 0.12937	, 773	, 6	,
		, 12	, 0.15949	, 627	, 11	,
		, 12	, 0.22371	, 447	, 13	,
		, 12	, 0.22371	, 447	, 13	,
		, 12	, 0.26178	, 382	, 18	,
		, 13	, 0.64516	, 155	, 30	,
		, 14	, 0.22573	, 443	, 14	,
		, 15	, 0.30864	, 324	, 18	,
		, 16	, 0.12376	, 808	, 6	,
		, 16	, 0.12392	, 807	, 6	,
		, 19	, 0.54645	, 183	, 17	,
		, 38	, 1.83636	, 55	, 33	,
		, 52	, 3.57143	, 28	, 42	,


 md5		, 2	, 0.02719	, 3678	, 1	,
		, 3	, 0.03039	, 3291	, 1	,
		, 3	, 0.03447	, 2901	, 3	,
		, 3	, 0.03454	, 2895	, 3	,
		, 4	, 0.03730	, 2681	, 3	,
		, 4	, 0.03854	, 2595	, 3	,
		, 4	, 0.04537	, 2204	, 5	,
		, 5	, 0.04890	, 2045	, 3	,
		, 5	, 0.04943	, 2023	, 3	,
		, 6	, 0.10121	, 988	, 15	,
		, 7	, 0.07148	, 1399	, 5	,
		, 7	, 0.09569	, 1045	, 9	,
		, 7	, 0.10730	, 932	, 12	,
		, 10	, 0.10638	, 940	, 8	,
		, 10	, 0.11001	, 909	, 8	,
		, 10	, 0.13089	, 764	, 8	,
		, 11	, 0.27100	, 369	, 15	,
		, 12	, 0.15267	, 655	, 9	,
		, 12	, 0.19417	, 515	, 9	,
		, 12	, 0.21008	, 476	, 13	,
		, 13	, 0.18083	, 553	, 7	,
		, 13	, 0.39370	, 254	, 20	,
		, 15	, 0.40000	, 250	, 22	,
		, 17	, 0.38023	, 263	, 14	,
		, 19	, 0.59172	, 169	, 18	,
		, 20	, 0.89286	, 112	, 32	,
		, 21	, 0.81967	, 122	, 30	,
		, 27	, 0.91743	, 109	, 35	,
		, 37	, 1.61290	, 62	, 48	,
		, 39	, 4.68182	, 22	, 58	,
		, 55	, 3.40000	, 30	, 73	,
		, 87	, 10.50000	, 10	, 145	,
		, 959	, 4294.00000	, 1	, 1735	,


 sha		, 3	, 0.02965	, 3373	, 0	,
		, 6	, 0.04270	, 2342	, 1	,
		, 7	, 0.10548	, 948	, 12	,
		, 8	, 0.07047	, 1419	, 4	,
		, 8	, 0.07047	, 1419	, 6	,
		, 8	, 0.08857	, 1129	, 8	,
		, 9	, 0.06234	, 1604	, 3	,
		, 10	, 0.09381	, 1066	, 6	,
		, 10	, 0.11655	, 858	, 6	,
		, 10	, 0.11696	, 855	, 6	,
		, 10	, 0.13333	, 750	, 7	,
		, 10	, 0.15823	, 632	, 11	,
		, 11	, 0.17065	, 586	, 8	,
		, 11	, 0.26596	, 376	, 15	,
		, 12	, 0.09515	, 1051	, 5	,
		, 15	, 0.26455	, 378	, 14	,
		, 16	, 0.11628	, 860	, 2	,
		, 19	, 0.36900	, 271	, 22	,
		, 24	, 0.44444	, 225	, 20	,
		, 24	, 0.44444	, 225	, 20	,
		, 24	, 0.44444	, 225	, 20	,
		, 24	, 0.44843	, 223	, 20	,
		, 24	, 0.76336	, 131	, 36	,
		, 25	, 0.25773	, 388	, 5	,
		, 26	, 0.84034	, 119	, 35	,
		, 29	, 0.96154	, 104	, 36	,
		, 32	, 1.42254	, 71	, 35	,
		, 33	, 2.52500	, 40	, 53	,
		, 33	, 2.52500	, 40	, 53	,
		, 34	, 2.61538	, 39	, 54	,
		, 35	, 2.77778	, 36	, 55	,
		, 41	, 1.92308	, 52	, 52	,
		, 48	, 2.65789	, 38	, 65	,
		, 53	, 3.29032	, 31	, 72	,
		, 147	, 23.20000	, 5	, 195	,


 sor		, 2	, 0.02706	, 3696	, 3	,
		, 2	, 0.02709	, 3692	, 1	,
		, 3	, 0.03434	, 2912	, 3	,
		, 3	, 0.03446	, 2902	, 1	,
		, 4	, 0.03805	, 2628	, 3	,
		, 5	, 0.05757	, 1737	, 4	,
		, 5	, 0.05770	, 1733	, 6	,
		, 5	, 0.06583	, 1519	, 9	,
		, 5	, 0.06614	, 1512	, 9	,
		, 8	, 0.11261	, 888	, 9	,
		, 10	, 0.14065	, 711	, 17	,
		, 10	, 0.16181	, 618	, 14	,
		, 14	, 0.19802	, 505	, 13	,
		, 14	, 0.75188	, 133	, 29	,
		, 15	, 0.26882	, 372	, 13	,
		, 15	, 0.27624	, 362	, 13	,
		, 29	, 1.09890	, 91	, 19	,
		, 29	, 1.29487	, 78	, 29	,


 whetstone		, 3	, 0.02995	, 3339	, 0	,
		, 3	, 0.02999	, 3334	, 1	,
		, 3	, 0.03133	, 3192	, 1	,
		, 3	, 0.03185	, 3140	, 1	,
		, 4	, 0.02881	, 3471	, 0	,
		, 4	, 0.03503	, 2855	, 0	,
		, 4	, 0.03687	, 2712	, 1	,
		, 4	, 0.04105	, 2436	, 3	,
		, 5	, 0.04230	, 2364	, 3	,
		, 5	, 0.04437	, 2254	, 1	,
		, 5	, 0.04847	, 2063	, 3	,
		, 6	, 0.05336	, 1874	, 2	,
		, 6	, 0.05931	, 1686	, 4	,
		, 6	, 0.06002	, 1666	, 4	,
		, 7	, 0.05376	, 1860	, 3	,
		, 7	, 0.10204	, 980	, 8	,
		, 7	, 0.10288	, 972	, 8	,
		, 7	, 0.10373	, 964	, 8	,
		, 7	, 0.10417	, 960	, 8	,
		, 8	, 0.06443	, 1552	, 3	,
		, 8	, 0.07037	, 1421	, 4	,
		, 9	, 0.07987	, 1252	, 3	,
		, 9	, 0.12165	, 822	, 8	,
		, 10	, 0.10050	, 995	, 6	,
		, 10	, 0.11249	, 889	, 6	,
		, 10	, 0.16367	, 611	, 11	,
		, 12	, 0.10526	, 950	, 4	,
		, 12	, 0.17241	, 580	, 13	,
		, 14	, 0.25000	, 400	, 16	,
		, 14	, 0.35971	, 278	, 6	,
		, 15	, 0.14347	, 697	, 5	,
		, 15	, 0.17953	, 557	, 7	,
		, 18	, 0.21692	, 461	, 9	,
		, 19	, 0.19920	, 502	, 6	,
		, 24	, 0.34014	, 294	, 12	,
		, 29	, 1.85185	, 54	, 34	,
		, 31	, 2.10417	, 48	, 36	,
		, 39	, 2.06122	, 49	, 57	,
		, 39	, 2.22222	, 45	, 22	,
