union	, size	, time	, it	, cand	,


 adpcm		, 3	, 0.19493	, 513	, 3	,
		, 3	, 0.19531	, 512	, 3	,
		, 3	, 65.00000	, 1	, 3	,
		, 4	, 0.12804	, 781	, 1	,
		, 5	, 0.28409	, 352	, 4	,
		, 5	, 0.33333	, 300	, 6	,
		, 5	, 0.33445	, 299	, 6	,
		, 5	, 0.33557	, 298	, 6	,
		, 5	, 0.33670	, 297	, 6	,
		, 5	, 0.47619	, 210	, 10	,
		, 6	, 0.47847	, 209	, 10	,
		, 6	, 0.48077	, 208	, 10	,
		, 7	, 0.52356	, 191	, 7	,
		, 7	, 0.52356	, 191	, 7	,
		, 8	, 0.23202	, 431	, 2	,
		, 8	, 0.23202	, 431	, 2	,
		, 10	, 0.53192	, 188	, 7	,
		, 11	, 0.30303	, 330	, 4	,
		, 11	, 0.96154	, 104	, 20	,
		, 11	, 1.69492	, 59	, 28	,
		, 11	, 1.69492	, 59	, 28	,
		, 12	, 0.40161	, 249	, 6	,
		, 12	, 0.61728	, 162	, 7	,
		, 12	, 0.78125	, 128	, 10	,
		, 14	, 0.62112	, 161	, 8	,
		, 14	, 0.67114	, 149	, 8	,
		, 14	, 0.79365	, 126	, 10	,
		, 17	, 0.87719	, 114	, 10	,
		, 18	, 1.28205	, 78	, 20	,
		, 18	, 1.29487	, 78	, 20	,
		, 20	, 1.61290	, 62	, 17	,
		, 21	, 1.55385	, 65	, 29	,
		, 31	, 7.64286	, 14	, 89	,
		, 38	, 8.07692	, 13	, 164	,
		, 38	, 8.15385	, 13	, 164	,
		, 55	, 4497530.00000	, 1	, 156	,


 aes		, 1	, 0.02008	, 4979	, 0	,
		, 1	, 0.02019	, 4954	, 0	,
		, 1	, 0.02026	, 4936	, 0	,
		, 1	, 0.02028	, 4930	, 0	,
		, 3	, 0.04826	, 2072	, 0	,
		, 3	, 0.11351	, 881	, 1	,
		, 3	, 0.19493	, 513	, 3	,
		, 3	, 0.19531	, 512	, 3	,
		, 3	, 0.19531	, 512	, 3	,
		, 3	, 0.19531	, 512	, 3	,
		, 3	, 0.19570	, 511	, 3	,
		, 3	, 0.19570	, 511	, 3	,
		, 3	, 0.19570	, 511	, 3	,
		, 3	, 0.19570	, 511	, 3	,
		, 3	, 0.19570	, 511	, 3	,
		, 3	, 0.19608	, 510	, 3	,
		, 3	, 0.19608	, 510	, 3	,
		, 3	, 0.19608	, 510	, 3	,
		, 4	, 0.05794	, 1726	, 0	,
		, 4	, 0.05811	, 1721	, 0	,
		, 4	, 0.05817	, 1719	, 0	,
		, 4	, 0.05848	, 1710	, 0	,
		, 4	, 0.11779	, 849	, 0	,
		, 4	, 0.12739	, 785	, 1	,
		, 4	, 0.12755	, 784	, 1	,
		, 4	, 0.12755	, 784	, 1	,
		, 4	, 0.12755	, 784	, 1	,
		, 4	, 0.20921	, 478	, 3	,
		, 4	, 81.00000	, 1	, 0	,
		, 5	, 0.20534	, 487	, 3	,
		, 5	, 0.21882	, 457	, 3	,
		, 5	, 0.27397	, 365	, 4	,
		, 5	, 0.27472	, 364	, 4	,
		, 5	, 0.33333	, 300	, 6	,
		, 5	, 0.33445	, 299	, 6	,
		, 5	, 0.33445	, 299	, 6	,
		, 5	, 0.33445	, 299	, 6	,
		, 5	, 0.33445	, 299	, 6	,
		, 5	, 0.33445	, 299	, 6	,
		, 5	, 0.33557	, 298	, 6	,
		, 5	, 0.33557	, 298	, 6	,
		, 5	, 0.33557	, 298	, 6	,
		, 5	, 0.47619	, 210	, 10	,
		, 5	, 0.47847	, 209	, 6	,
		, 6	, 0.12063	, 829	, 1	,
		, 6	, 0.12092	, 827	, 1	,
		, 6	, 0.12107	, 826	, 1	,
		, 6	, 0.12136	, 824	, 1	,
		, 6	, 0.18727	, 534	, 2	,
		, 6	, 0.21053	, 475	, 3	,
		, 6	, 0.21186	, 472	, 3	,
		, 6	, 0.23256	, 430	, 3	,
		, 6	, 0.23256	, 430	, 3	,
		, 6	, 0.23256	, 430	, 3	,
		, 6	, 0.23256	, 430	, 3	,
		, 6	, 0.23310	, 429	, 3	,
		, 6	, 0.23364	, 428	, 3	,
		, 6	, 0.23364	, 428	, 3	,
		, 6	, 0.23364	, 428	, 3	,
		, 6	, 0.23419	, 427	, 3	,
		, 6	, 0.23419	, 427	, 3	,
		, 6	, 0.33223	, 301	, 4	,
		, 6	, 0.33223	, 301	, 4	,
		, 6	, 0.33223	, 301	, 4	,
		, 6	, 0.33223	, 301	, 4	,
		, 6	, 0.33223	, 301	, 4	,
		, 6	, 0.33333	, 300	, 4	,
		, 6	, 0.53763	, 186	, 11	,
		, 6	, 0.54054	, 185	, 11	,
		, 6	, 0.71942	, 139	, 17	,
		, 6	, 0.71942	, 139	, 17	,
		, 6	, 0.71942	, 139	, 17	,
		, 6	, 0.71942	, 139	, 17	,
		, 6	, 0.71942	, 139	, 17	,
		, 6	, 0.71942	, 139	, 17	,
		, 6	, 0.71942	, 139	, 17	,
		, 6	, 0.71942	, 139	, 17	,
		, 6	, 0.71942	, 139	, 17	,
		, 6	, 0.72464	, 138	, 17	,
		, 6	, 0.72464	, 138	, 17	,
		, 6	, 0.72464	, 138	, 17	,
		, 6	, 0.72464	, 138	, 17	,
		, 6	, 0.72464	, 138	, 17	,
		, 7	, 0.42918	, 233	, 5	,
		, 7	, 0.42918	, 233	, 5	,
		, 7	, 0.48780	, 205	, 10	,
		, 7	, 0.64516	, 155	, 13	,
		, 7	, 0.64516	, 155	, 13	,
		, 7	, 0.64516	, 155	, 13	,
		, 7	, 0.64516	, 155	, 13	,
		, 7	, 0.66667	, 150	, 15	,
		, 7	, 0.67114	, 149	, 15	,
		, 7	, 0.67114	, 149	, 15	,
		, 7	, 0.67568	, 148	, 15	,
		, 8	, 0.34722	, 288	, 6	,
		, 8	, 0.34722	, 288	, 6	,
		, 8	, 0.34843	, 287	, 6	,
		, 8	, 0.49261	, 203	, 10	,
		, 8	, 0.49261	, 203	, 10	,
		, 8	, 0.49505	, 202	, 10	,
		, 8	, 0.49505	, 202	, 10	,
		, 8	, 0.49505	, 202	, 10	,
		, 8	, 0.49751	, 201	, 10	,
		, 8	, 0.56818	, 176	, 11	,
		, 8	, 0.78740	, 127	, 14	,
		, 8	, 1.12360	, 89	, 28	,
		, 9	, 0.38314	, 261	, 5	,
		, 9	, 0.38314	, 261	, 5	,
		, 9	, 0.38461	, 260	, 5	,
		, 9	, 1.04167	, 96	, 25	,
		, 10	, 0.41494	, 241	, 5	,
		, 10	, 0.41494	, 241	, 5	,
		, 10	, 0.49751	, 201	, 8	,
		, 10	, 1.58730	, 63	, 38	,
		, 10	, 1.98039	, 51	, 17	,
		, 11	, 0.99010	, 101	, 19	,
		, 11	, 2.50000	, 40	, 39	,
		, 12	, 1.75439	, 57	, 41	,
		, 12	, 1.77193	, 57	, 41	,
		, 12	, 1.77193	, 57	, 41	,
		, 13	, 1.04124	, 97	, 23	,
		, 14	, 0.74074	, 135	, 11	,
		, 14	, 1.17442	, 86	, 22	,
		, 14	, 1.17442	, 86	, 22	,
		, 14	, 1.17647	, 85	, 22	,
		, 14	, 1.92308	, 52	, 44	,
		, 15	, 2.46341	, 41	, 28	,
		, 17	, 0.86957	, 115	, 10	,
		, 17	, 1.05263	, 95	, 16	,
		, 22	, 3.77778	, 27	, 25	,
		, 24	, 3.29032	, 31	, 23	,
		, 25	, 3.32258	, 31	, 23	,
		, 25	, 3.32258	, 31	, 23	,
		, 28	, 4.16667	, 24	, 29	,
		, 29	, 2.77778	, 36	, 33	,
		, 29	, 4.16667	, 24	, 29	,
		, 29	, 4.16667	, 24	, 29	,
		, 29	, 5.88235	, 17	, 36	,
		, 31	, 0.78740	, 127	, 7	,
		, 31	, 2.63158	, 38	, 45	,
		, 31	, 2.63158	, 38	, 45	,
		, 33	, 8.00000	, 13	, 41	,
		, 33	, 8.00000	, 13	, 41	,
		, 33	, 8.00000	, 13	, 41	,
		, 34	, 2.91429	, 35	, 48	,
		, 34	, 2.91429	, 35	, 48	,
		, 34	, 2.91429	, 35	, 48	,
		, 35	, 0.86957	, 115	, 7	,
		, 35	, 0.89286	, 112	, 7	,
		, 35	, 3.25806	, 31	, 49	,
		, 42	, 2.56410	, 39	, 40	,
		, 54	, 1.88679	, 53	, 18	,
		, 54	, 3605.00000	, 1	, 66	,
		, 67	, 5.05000	, 20	, 78	,
		, 68	, 37.00000	, 3	, 81	,
		, 73	, 9140.00000	, 1	, 87	,
		, 73	, 9142.00000	, 1	, 87	,
		, 73	, 9160.00000	, 1	, 87	,
		, 75	, 1.29870	, 77	, 7	,
		, 91	, 8.91667	, 12	, 121	,
		, 91	, 9.18182	, 11	, 121	,
		, 115	, 3.03030	, 33	, 19	,
		, 126	, 172.00000	, 1	, 2886	,
		, 131	, 3.29032	, 31	, 19	,
		, 131	, 3.36667	, 30	, 19	,
		, 131	, 3.44828	, 29	, 19	,
		, 132	, 188.00000	, 1	, 2898	,
		, 133	, 9.00000	, 12	, 110	,
		, 176	, 73238.00000	, 1	, 161	,
		, 286	, 123.00000	, 1	, 1016	,
		, 302	, 132.00000	, 1	, 1080	,
		, 311	, 135.00000	, 1	, 1128	,
		, 311	, 135.00000	, 1	, 1128	,
		, 691	, 20944.00000	, 1	, 3234	,
		, 721	, 92731.00000	, 1	, 3956	,
		, 970	, 78474.00000	, 1	, 5550	,
		, 1079	, 1058660.00000	, 1	, 4677	,
		, 1154	, 17402500.00000	, 1	, 5018	,
		, 1407	, 2669.00000	, 1	, 5080	,
		, 1524	, 2962.00000	, 1	, 5623	,
		, 1619	, 717789.00000	, 1	, 6677	,


 blowfish		, 3	, 0.04748	, 2106	, 0	,
		, 3	, 0.04794	, 2086	, 0	,
		, 3	, 0.11455	, 873	, 1	,
		, 3	, 0.19763	, 506	, 3	,
		, 5	, 0.04087	, 2447	, 0	,
		, 7	, 0.38314	, 261	, 6	,
		, 7	, 0.43860	, 228	, 7	,
		, 7	, 0.44248	, 226	, 7	,
		, 7	, 0.62500	, 160	, 12	,
		, 7	, 0.62500	, 160	, 12	,
		, 8	, 0.22173	, 451	, 3	,
		, 8	, 0.36232	, 276	, 5	,
		, 8	, 0.45454	, 220	, 7	,
		, 8	, 0.45454	, 220	, 7	,
		, 9	, 0.67114	, 149	, 12	,
		, 9	, 0.67568	, 148	, 12	,
		, 9	, 0.67568	, 148	, 12	,
		, 9	, 0.67568	, 148	, 12	,
		, 9	, 0.67568	, 148	, 12	,
		, 9	, 0.67568	, 148	, 12	,
		, 10	, 0.68966	, 145	, 11	,
		, 10	, 0.68966	, 145	, 12	,
		, 10	, 0.69444	, 144	, 12	,
		, 10	, 0.69444	, 144	, 12	,
		, 10	, 0.69444	, 144	, 12	,
		, 10	, 0.69444	, 144	, 12	,
		, 10	, 0.69444	, 144	, 12	,
		, 11	, 0.37879	, 264	, 5	,
		, 11	, 0.82645	, 121	, 14	,
		, 13	, 0.90090	, 111	, 17	,
		, 16	, 1.25000	, 80	, 24	,
		, 16	, 1.69492	, 59	, 23	,
		, 19	, 1.08696	, 92	, 16	,
		, 22	, 1.17647	, 85	, 18	,
		, 22	, 1.85185	, 54	, 33	,
		, 25	, 2.70270	, 37	, 33	,
		, 27	, 2.75676	, 37	, 57	,
		, 38	, 2.37209	, 43	, 38	,
		, 44	, 2.43902	, 41	, 38	,
		, 47	, 2.72973	, 37	, 42	,
		, 49	, 45.00000	, 3	, 612	,
		, 55	, 12.50000	, 8	, 247	,
		, 59	, 45.33330	, 3	, 905	,
		, 64	, 4.68182	, 22	, 74	,
		, 68	, 51.00000	, 2	, 908	,
		, 80	, 52.00000	, 2	, 911	,
		, 98	, 66.00000	, 2	, 962	,
		, 108	, 60.00000	, 2	, 967	,
		, 127	, 124.00000	, 1	, 1504	,
		, 127	, 70.00000	, 2	, 839	,
		, 127	, 92.00000	, 2	, 976	,
		, 673	, 1667.00000	, 1	, 3878	,
		, 674	, 1665.00000	, 1	, 3878	,


 cjpeg		, 2	, 0.03801	, 2631	, 0	,
		, 2	, 0.03818	, 2619	, 0	,
		, 2	, 0.03821	, 2617	, 0	,
		, 2	, 0.03849	, 2598	, 0	,
		, 2	, 0.03857	, 2593	, 0	,
		, 2	, 0.03858	, 2592	, 0	,
		, 2	, 0.03858	, 2592	, 0	,
		, 2	, 0.03860	, 2591	, 0	,
		, 2	, 0.03860	, 2591	, 0	,
		, 2	, 0.03861	, 2590	, 0	,
		, 2	, 0.03862	, 2589	, 0	,
		, 2	, 0.03864	, 2588	, 0	,
		, 2	, 0.03867	, 2586	, 0	,
		, 2	, 0.03868	, 2585	, 0	,
		, 2	, 0.03868	, 2585	, 0	,
		, 2	, 0.03870	, 2584	, 0	,
		, 2	, 0.03871	, 2583	, 0	,
		, 2	, 0.03873	, 2582	, 0	,
		, 2	, 0.03873	, 2582	, 0	,
		, 2	, 0.03874	, 2581	, 0	,
		, 2	, 0.03874	, 2581	, 0	,
		, 2	, 0.03877	, 2579	, 0	,
		, 2	, 0.03877	, 2579	, 0	,
		, 2	, 0.03877	, 2579	, 0	,
		, 2	, 0.03882	, 2576	, 0	,
		, 2	, 0.03884	, 2575	, 0	,
		, 2	, 0.03887	, 2573	, 0	,
		, 3	, 0.04352	, 2298	, 0	,
		, 3	, 0.04812	, 2078	, 0	,
		, 3	, 0.04817	, 2076	, 0	,
		, 3	, 0.04890	, 2045	, 0	,
		, 3	, 0.04892	, 2044	, 0	,
		, 3	, 0.04895	, 2043	, 0	,
		, 3	, 0.04902	, 2040	, 0	,
		, 3	, 0.04907	, 2038	, 0	,
		, 3	, 0.04914	, 2035	, 0	,
		, 3	, 0.04919	, 2033	, 0	,
		, 3	, 0.04924	, 2031	, 0	,
		, 3	, 0.10718	, 933	, 1	,
		, 3	, 0.11389	, 878	, 1	,
		, 3	, 0.11403	, 877	, 1	,
		, 3	, 0.11403	, 877	, 1	,
		, 3	, 0.11416	, 876	, 1	,
		, 3	, 0.11416	, 876	, 1	,
		, 3	, 0.11429	, 875	, 1	,
		, 3	, 0.11442	, 874	, 1	,
		, 3	, 0.19531	, 512	, 3	,
		, 3	, 0.19531	, 512	, 3	,
		, 3	, 0.19531	, 512	, 3	,
		, 3	, 0.19531	, 512	, 3	,
		, 3	, 0.19570	, 511	, 3	,
		, 3	, 0.19570	, 511	, 3	,
		, 4	, 0.06086	, 1643	, 0	,
		, 4	, 0.12151	, 823	, 1	,
		, 4	, 0.12438	, 804	, 1	,
		, 4	, 0.12887	, 776	, 1	,
		, 4	, 0.12903	, 775	, 1	,
		, 4	, 0.12920	, 774	, 1	,
		, 4	, 0.12920	, 774	, 1	,
		, 4	, 0.21053	, 475	, 3	,
		, 4	, 0.21053	, 475	, 3	,
		, 4	, 0.21097	, 474	, 3	,
		, 5	, 0.21645	, 462	, 3	,
		, 5	, 0.22222	, 450	, 3	,
		, 5	, 0.23474	, 426	, 3	,
		, 5	, 0.35336	, 283	, 4	,
		, 5	, 0.35336	, 283	, 4	,
		, 5	, 0.35336	, 283	, 4	,
		, 5	, 0.35336	, 283	, 4	,
		, 5	, 0.35336	, 283	, 4	,
		, 5	, 0.35336	, 283	, 4	,
		, 5	, 0.35336	, 283	, 4	,
		, 5	, 0.35336	, 283	, 4	,
		, 6	, 0.14306	, 699	, 1	,
		, 6	, 0.15528	, 644	, 1	,
		, 6	, 0.23256	, 430	, 3	,
		, 6	, 0.23256	, 430	, 3	,
		, 6	, 0.23256	, 430	, 3	,
		, 6	, 0.23364	, 428	, 3	,
		, 6	, 0.29586	, 338	, 4	,
		, 7	, 0.31949	, 313	, 4	,
		, 7	, 0.36900	, 271	, 5	,
		, 7	, 0.37037	, 270	, 5	,
		, 7	, 0.37037	, 270	, 5	,
		, 7	, 0.37037	, 270	, 5	,
		, 7	, 0.37037	, 270	, 5	,
		, 7	, 0.37037	, 270	, 5	,
		, 7	, 0.37037	, 270	, 5	,
		, 7	, 0.37037	, 270	, 5	,
		, 7	, 0.37037	, 270	, 5	,
		, 7	, 0.37037	, 270	, 5	,
		, 7	, 0.37037	, 270	, 5	,
		, 7	, 0.37037	, 270	, 5	,
		, 7	, 0.37037	, 270	, 5	,
		, 7	, 0.37037	, 270	, 5	,
		, 7	, 0.37037	, 270	, 5	,
		, 7	, 0.37037	, 270	, 5	,
		, 7	, 0.37175	, 269	, 5	,
		, 7	, 0.37175	, 269	, 5	,
		, 7	, 0.37175	, 269	, 5	,
		, 7	, 0.61728	, 162	, 12	,
		, 8	, 0.25316	, 395	, 3	,
		, 8	, 0.38314	, 261	, 5	,
		, 8	, 0.38461	, 260	, 5	,
		, 8	, 0.44643	, 224	, 5	,
		, 8	, 0.44843	, 223	, 5	,
		, 9	, 0.18018	, 555	, 1	,
		, 9	, 0.18315	, 546	, 1	,
		, 9	, 0.18349	, 545	, 1	,
		, 9	, 0.25641	, 390	, 3	,
		, 9	, 0.40161	, 249	, 5	,
		, 9	, 0.55249	, 181	, 8	,
		, 9	, 0.57143	, 175	, 9	,
		, 10	, 0.13967	, 716	, 1	,
		, 10	, 0.22883	, 437	, 3	,
		, 10	, 0.25316	, 395	, 2	,
		, 10	, 0.37736	, 265	, 4	,
		, 10	, 0.41494	, 241	, 5	,
		, 10	, 0.41667	, 240	, 5	,
		, 10	, 0.47619	, 210	, 6	,
		, 10	, 0.57143	, 175	, 9	,
		, 10	, 0.57143	, 175	, 9	,
		, 10	, 1.06383	, 94	, 23	,
		, 11	, 0.42553	, 235	, 5	,
		, 11	, 0.42553	, 235	, 5	,
		, 14	, 0.23753	, 421	, 1	,
		, 15	, 0.52083	, 192	, 7	,
		, 15	, 0.88496	, 113	, 14	,
		, 15	, 0.88496	, 113	, 14	,
		, 15	, 0.88496	, 113	, 14	,
		, 34	, 1.78571	, 56	, 27	,
		, 42	, 2.75676	, 37	, 43	,
		, 48	, 4.08000	, 25	, 70	,
		, 137	, 9.45455	, 11	, 84	,


 fft		, 2	, 0.05447	, 1836	, 0	,
		, 3	, 0.10684	, 936	, 1	,
		, 3	, 0.10684	, 936	, 1	,
		, 3	, 0.19608	, 510	, 3	,
		, 3	, 0.19608	, 510	, 3	,
		, 3	, 0.19646	, 509	, 3	,
		, 3	, 0.19724	, 507	, 3	,
		, 3	, 0.19724	, 507	, 3	,
		, 3	, 0.19802	, 505	, 3	,
		, 4	, 0.26954	, 371	, 4	,
		, 5	, 0.13441	, 744	, 1	,
		, 5	, 0.33670	, 297	, 6	,
		, 5	, 0.33670	, 297	, 6	,
		, 5	, 0.35587	, 281	, 4	,
		, 5	, 0.47847	, 209	, 6	,
		, 5	, 0.66225	, 151	, 9	,
		, 6	, 0.54945	, 182	, 5	,
		, 6	, 0.54945	, 182	, 5	,
		, 7	, 0.21692	, 461	, 2	,
		, 7	, 0.21692	, 461	, 2	,
		, 7	, 0.64935	, 154	, 13	,
		, 7	, 0.74074	, 135	, 17	,
		, 7	, 0.95238	, 105	, 9	,
		, 8	, 0.35714	, 280	, 4	,
		, 8	, 0.43860	, 228	, 5	,
		, 8	, 0.43860	, 228	, 5	,
		, 8	, 0.52632	, 190	, 7	,
		, 8	, 0.52632	, 190	, 7	,
		, 8	, 0.52910	, 189	, 7	,
		, 9	, 0.90909	, 110	, 20	,
		, 11	, 0.56180	, 178	, 6	,
		, 12	, 0.89286	, 112	, 12	,
		, 12	, 0.95238	, 105	, 19	,
		, 12	, 1.19048	, 84	, 14	,
		, 12	, 1.19048	, 84	, 14	,
		, 13	, 5.72222	, 18	, 140	,
		, 14	, 1.03093	, 97	, 15	,
		, 15	, 1.35135	, 74	, 20	,
		, 16	, 0.57471	, 174	, 7	,
		, 16	, 0.57471	, 174	, 7	,
		, 19	, 1.75439	, 57	, 29	,
		, 38	, 7.57143	, 14	, 42	,
		, 52	, 11.66670	, 9	, 61	,


 md5

 sha		, 3	, 0.04921	, 2032	, 0	,
		, 6	, 0.14347	, 697	, 1	,
		, 7	, 0.91743	, 109	, 13	,
		, 8	, 0.38168	, 262	, 4	,
		, 8	, 0.50761	, 197	, 6	,
		, 8	, 0.55866	, 179	, 9	,
		, 9	, 0.30212	, 331	, 3	,
		, 10	, 0.47393	, 211	, 6	,
		, 10	, 0.47847	, 209	, 6	,
		, 10	, 0.48077	, 208	, 6	,
		, 10	, 0.53476	, 187	, 8	,
		, 10	, 0.82645	, 121	, 13	,
		, 11	, 0.70922	, 141	, 12	,
		, 11	, 1.00000	, 100	, 21	,
		, 12	, 0.42373	, 236	, 5	,
		, 15	, 1.11111	, 90	, 22	,
		, 16	, 0.32362	, 309	, 2	,
		, 19	, 1.38889	, 72	, 26	,
		, 24	, 2.61538	, 39	, 26	,
		, 24	, 2.63158	, 38	, 26	,
		, 24	, 2.63158	, 38	, 26	,
		, 24	, 2.65789	, 38	, 26	,
		, 24	, 4.16667	, 24	, 41	,
		, 25	, 0.61728	, 162	, 5	,
		, 26	, 2.63158	, 38	, 55	,
		, 29	, 2.80556	, 36	, 56	,
		, 32	, 2.94118	, 34	, 55	,
		, 33	, 12.62500	, 8	, 259	,
		, 33	, 12.62500	, 8	, 259	,
		, 34	, 15.28570	, 7	, 280	,
		, 35	, 13.12500	, 8	, 250	,
		, 41	, 4.08000	, 25	, 74	,
		, 48	, 13.75000	, 8	, 89	,
		, 53	, 5.31579	, 19	, 96	,
		, 147	, 1936.00000	, 1	, 275	,


 sor		, 2	, 0.05432	, 1841	, 0	,
		, 2	, 0.18215	, 549	, 3	,
		, 3	, 0.10627	, 941	, 1	,
		, 3	, 0.19646	, 509	, 3	,
		, 4	, 0.20040	, 499	, 3	,
		, 5	, 0.35211	, 284	, 4	,
		, 5	, 0.47393	, 211	, 6	,
		, 5	, 0.47619	, 210	, 10	,
		, 5	, 0.47847	, 209	, 10	,
		, 8	, 0.54348	, 184	, 9	,
		, 10	, 0.71429	, 140	, 9	,
		, 10	, 0.96154	, 104	, 20	,
		, 14	, 0.93458	, 107	, 13	,
		, 14	, 8.00000	, 13	, 197	,
		, 15	, 0.98039	, 102	, 14	,
		, 15	, 1.21951	, 82	, 19	,
		, 29	, 2.50000	, 40	, 35	,
		, 29	, 3.48276	, 29	, 61	,


 whetstone		, 3	, 0.04771	, 2096	, 0	,
		, 3	, 0.11312	, 884	, 1	,
		, 3	, 0.11364	, 880	, 1	,
		, 3	, 0.11416	, 876	, 1	,
		, 4	, 0.03493	, 2863	, 0	,
		, 4	, 0.05882	, 1700	, 0	,
		, 4	, 0.12500	, 800	, 1	,
		, 4	, 0.21097	, 474	, 3	,
		, 5	, 0.11601	, 862	, 1	,
		, 5	, 0.20576	, 486	, 3	,
		, 5	, 0.22173	, 451	, 3	,
		, 6	, 0.20619	, 485	, 2	,
		, 6	, 0.28249	, 354	, 4	,
		, 6	, 0.30488	, 328	, 4	,
		, 7	, 0.21505	, 465	, 3	,
		, 7	, 0.50505	, 198	, 9	,
		, 7	, 0.50505	, 198	, 9	,
		, 7	, 0.50505	, 198	, 9	,
		, 7	, 0.50761	, 197	, 9	,
		, 8	, 0.28902	, 346	, 3	,
		, 8	, 0.36101	, 277	, 4	,
		, 9	, 0.29851	, 335	, 3	,
		, 9	, 0.51814	, 193	, 9	,
		, 10	, 0.47847	, 209	, 6	,
		, 10	, 0.53763	, 186	, 6	,
		, 10	, 0.68493	, 146	, 12	,
		, 12	, 0.39682	, 252	, 4	,
		, 12	, 0.80645	, 124	, 13	,
		, 14	, 1.26582	, 79	, 16	,
		, 14	, 1.28205	, 78	, 17	,
		, 15	, 0.49020	, 204	, 5	,
		, 15	, 0.61350	, 163	, 7	,
		, 18	, 0.76923	, 130	, 9	,
		, 19	, 0.76923	, 130	, 9	,
		, 24	, 1.03061	, 98	, 12	,
		, 29	, 268.00000	, 1	, 66	,
		, 31	, 271.00000	, 1	, 69	,
		, 39	, 29.50000	, 4	, 46	,
		, 39	, 4.39130	, 23	, 57	,
