

app  = aes
algo = singlecut
arch = virtex
opt  = -ise-archi-max-input=2 -ise-archi-max-output=2
gcc =   -emit-llvm
opt =  
# running opt with ISE pass: 
WARNING: no profiling information found, assuming uniform distribution
Selected architecture: P20ArchitectureVirtexFx
Default settings: 
 * CommInBusCLK: 2
 * CommOutBusCLK_: 2
 * CommInBusWidth_: 2
 * CommOutBusWidth_: 1
 * MaxCI: 7
 * MaxInput: 6
 * MaxOutput: 1
- changing value of MaxInput_: 2
- changing value of MaxOutput_: 2
Nodes	, msecs		, it	, candidate_nodes
1	, 0.01702	, 5875	, 0
1	, 0.01709	, 5851	, 0
1	, 0.01710	, 5849	, 0
1	, 0.01716	, 5828	, 0
3	, 0.03000	, 3333	, 0
3	, 0.03021	, 3310	, 1
3	, 0.03412	, 2931	, 3
3	, 0.03413	, 2930	, 3
3	, 0.03414	, 2929	, 3
3	, 0.03414	, 2929	, 3
3	, 0.03421	, 2923	, 3
3	, 0.03438	, 2909	, 3
3	, 0.03439	, 2908	, 3
3	, 0.03444	, 2904	, 3
3	, 0.03448	, 2900	, 3
3	, 0.03454	, 2895	, 3
3	, 0.03461	, 2889	, 3
3	, 0.03464	, 2887	, 3
4	, 0.03476	, 2877	, 0
4	, 0.03477	, 2876	, 0
4	, 0.03478	, 2875	, 0
4	, 0.03499	, 2858	, 0
4	, 0.03505	, 2853	, 0
4	, 0.03512	, 2847	, 0
4	, 0.03807	, 2627	, 1
4	, 0.03814	, 2622	, 1
4	, 0.03817	, 2620	, 1
4	, 0.03827	, 2613	, 1
4	, 0.04926	, 2030	, 3
5	, 0.04205	, 2378	, 3
5	, 0.05388	, 1856	, 2
5	, 0.06553	, 1526	, 5
5	, 0.06570	, 1522	, 5
5	, 0.06570	, 1522	, 5
5	, 0.06579	, 1520	, 12
5	, 0.06592	, 1517	, 5
5	, 0.06596	, 1516	, 5
5	, 0.06601	, 1515	, 5
5	, 0.06601	, 1515	, 5
5	, 0.06601	, 1515	, 5
5	, 0.06605	, 1514	, 5
5	, 0.06807	, 1469	, 6
5	, 0.06812	, 1468	, 6
5	, 0.06854	, 1459	, 11
6	, 0.04625	, 2162	, 3
6	, 0.04751	, 2105	, 1
6	, 0.04751	, 2105	, 3
6	, 0.04755	, 2103	, 1
6	, 0.04762	, 2100	, 1
6	, 0.04929	, 2029	, 1
6	, 0.05669	, 1764	, 3
6	, 0.05682	, 1760	, 3
6	, 0.05682	, 1760	, 3
6	, 0.05685	, 1759	, 3
6	, 0.05685	, 1759	, 3
6	, 0.05692	, 1757	, 3
6	, 0.05698	, 1755	, 3
6	, 0.05705	, 1753	, 3
6	, 0.05714	, 1750	, 3
6	, 0.05714	, 1750	, 3
6	, 0.06289	, 1590	, 10
6	, 0.06289	, 1590	, 10
6	, 0.06309	, 1585	, 10
6	, 0.06317	, 1583	, 10
6	, 0.06317	, 1583	, 10
6	, 0.06317	, 1583	, 10
6	, 0.06859	, 1458	, 3
6	, 0.07102	, 1408	, 10
6	, 0.07102	, 1408	, 10
6	, 0.10132	, 987	, 22
6	, 0.10142	, 986	, 22
6	, 0.10152	, 985	, 22
6	, 0.10163	, 984	, 22
6	, 0.10163	, 984	, 22
6	, 0.10163	, 984	, 22
6	, 0.10163	, 984	, 22
6	, 0.10173	, 983	, 22
6	, 0.10173	, 983	, 22
6	, 0.10183	, 982	, 22
6	, 0.10183	, 982	, 22
6	, 0.10194	, 981	, 22
6	, 0.10214	, 979	, 22
6	, 0.10214	, 979	, 22
7	, 0.07342	, 1362	, 12
7	, 0.11876	, 842	, 8
7	, 0.11891	, 841	, 8
7	, 0.12422	, 805	, 16
7	, 0.12422	, 805	, 16
7	, 0.12422	, 805	, 16
7	, 0.12484	, 801	, 16
7	, 0.17301	, 578	, 36
7	, 0.17301	, 578	, 36
7	, 0.17301	, 578	, 36
7	, 0.17331	, 577	, 36
8	, 0.07880	, 1269	, 11
8	, 0.07893	, 1267	, 11
8	, 0.07905	, 1265	, 11
8	, 0.07905	, 1265	, 11
8	, 0.07937	, 1260	, 11
8	, 0.07943	, 1259	, 11
8	, 0.08006	, 1249	, 6
8	, 0.08006	, 1249	, 6
8	, 0.08006	, 1249	, 6
8	, 0.15649	, 639	, 13
8	, 0.22124	, 452	, 27
8	, 0.25974	, 385	, 46
9	, 0.09158	, 1092	, 12
9	, 0.09191	, 1088	, 12
9	, 0.09234	, 1083	, 12
9	, 0.18182	, 550	, 18
10	, 0.10941	, 914	, 7
10	, 0.10965	, 912	, 7
10	, 0.12755	, 784	, 9
10	, 0.33670	, 297	, 71
10	, 0.40984	, 244	, 60
11	, 0.54348	, 184	, 64
11	, 0.81967	, 122	, 121
12	, 0.59524	, 168	, 95
12	, 0.59524	, 168	, 95
12	, 0.59524	, 168	, 95
13	, 0.44444	, 225	, 79
14	, 0.28571	, 350	, 37
14	, 1.29870	, 77	, 159
14	, 1.29870	, 77	, 159
14	, 1.29870	, 77	, 159
14	, 1.32895	, 76	, 163
15	, 0.99010	, 101	, 39
17	, 0.34014	, 294	, 18
17	, 0.73529	, 136	, 53
22	, 4.43478	, 23	, 145
24	, 2.24444	, 45	, 70
25	, 2.32558	, 43	, 70
25	, 2.34884	, 43	, 70
28	, 3.09091	, 33	, 112
29	, 3.15625	, 32	, 112
29	, 3.22581	, 31	, 112
29	, 4.47826	, 23	, 180
29	, 5.05000	, 20	, 383
31	, 0.31646	, 316	, 11
31	, 14.71430	, 7	, 885
31	, 14.71430	, 7	, 885
33	, 17.66670	, 6	, 300
33	, 17.66670	, 6	, 300
33	, 17.66670	, 6	, 300
34	, 17.16670	, 6	, 978
34	, 17.33330	, 6	, 978
34	, 17.33330	, 6	, 978
35	, 0.36101	, 277	, 11
35	, 0.37175	, 269	, 11
35	, 19.83330	, 6	, 1030
42	, 15.00000	, 7	, 213
54	, 1.55385	, 65	, 33
54	, 62.00000	, 2	, 1315
67	, 90.00000	, 2	, 1191
68	, 93.50000	, 2	, 1031
73	, 136.00000	, 1	, 1750
73	, 136.00000	, 1	, 1750
73	, 136.00000	, 1	, 1750
75	, 0.87719	, 114	, 11
91	, 258.00000	, 1	, 4699
91	, 258.00000	, 1	, 4699
115	, 2.61538	, 39	, 35
126	, 1317.00000	, 1	, 9363
131	, 3.09091	, 33	, 35
131	, 3.15625	, 32	, 35
131	, 3.36667	, 30	, 35
132	, 1506.00000	, 1	, 10438
133	, 383.00000	, 1	, 2092
176	, 638.00000	, 1	, 5080
286	, 9514.00000	, 1	, 42712
302	, 11129.00000	, 1	, 51344
311	, 11412.00000	, 1	, 51348
311	, 11879.00000	, 1	, 51348
691	, 144145.00000	, 1	, 281995
721	, 163959.00000	, 1	, 310546
970	, 414229.00000	, 1	, 562153
1079	, 561763.00000	, 1	, 669956
1154	, 616075.00000	, 1	, 719346
1407	, 1267360.00000	, 1	, 1063576
1524	, 1553880.00000	, 1	, 1270581
1619	, 1697610.00000	, 1	, 1388291
