

app  = blowfish
algo = singlecut
arch = virtex
opt  = -ise-archi-max-input=2 -ise-archi-max-output=2
gcc =   -emit-llvm
opt =  
# running opt with ISE pass: 
WARNING: no profiling information found, assuming uniform distribution
Selected architecture: P20ArchitectureVirtexFx
Default settings: 
 * CommInBusCLK: 2
 * CommOutBusCLK_: 2
 * CommInBusWidth_: 2
 * CommOutBusWidth_: 1
 * MaxCI: 7
 * MaxInput: 6
 * MaxOutput: 1
- changing value of MaxInput_: 2
- changing value of MaxOutput_: 2
Nodes	, msecs		, it	, candidate_nodes
3	, 0.02814	, 3554	, 0
3	, 0.02838	, 3523	, 0
3	, 0.02984	, 3351	, 1
3	, 0.03377	, 2961	, 3
5	, 0.03262	, 3066	, 0
7	, 0.09662	, 1035	, 14
7	, 0.09814	, 1019	, 8
7	, 0.09843	, 1016	, 8
7	, 0.16051	, 623	, 33
7	, 0.16051	, 623	, 33
8	, 0.05841	, 1712	, 3
8	, 0.08643	, 1157	, 7
8	, 0.11001	, 909	, 8
8	, 0.11038	, 906	, 8
9	, 0.20161	, 496	, 25
9	, 0.20202	, 495	, 25
9	, 0.20202	, 495	, 25
9	, 0.20243	, 494	, 25
9	, 0.20243	, 494	, 25
9	, 0.20243	, 494	, 25
10	, 0.18587	, 538	, 33
10	, 0.20576	, 486	, 24
10	, 0.20576	, 486	, 24
10	, 0.20576	, 486	, 24
10	, 0.20619	, 485	, 24
10	, 0.20619	, 485	, 24
10	, 0.20619	, 485	, 24
11	, 0.10776	, 928	, 7
11	, 0.34965	, 286	, 56
13	, 0.36765	, 272	, 50
16	, 1.14943	, 87	, 97
16	, 1.56250	, 64	, 204
19	, 0.59524	, 168	, 45
22	, 0.83333	, 120	, 60
22	, 4.90476	, 21	, 362
25	, 2.56410	, 39	, 151
27	, 5.20000	, 20	, 229
38	, 13.62500	, 8	, 447
44	, 13.25000	, 8	, 387
47	, 18.83330	, 6	, 562
49	, 53.50000	, 2	, 767
55	, 48.33330	, 3	, 1181
59	, 153.00000	, 1	, 2098
64	, 54.00000	, 2	, 1621
68	, 165.00000	, 1	, 2059
80	, 190.00000	, 1	, 2087
98	, 463.00000	, 1	, 5729
108	, 663.00000	, 1	, 6278
127	, 772.00000	, 1	, 7075
127	, 933.00000	, 1	, 5902
127	, 934.00000	, 1	, 5783
673	, 238972.00000	, 1	, 376363
674	, 236535.00000	, 1	, 376363
