

app  = cjpeg
algo = singlecut
arch = virtex
gcc =   -emit-llvm
opt =  
# running opt with ISE pass: 
WARNING: no profiling information found, assuming uniform distribution
Selected architecture: P20ArchitectureVirtexFx
Default settings: 
 * CommInBusCLK: 2
 * CommOutBusCLK_: 2
 * CommInBusWidth_: 2
 * CommOutBusWidth_: 1
 * MaxCI: 7
 * MaxInput: 6
 * MaxOutput: 1
- changing value of MaxInput_: 2
- changing value of MaxOutput_: 2
Nodes	, msecs		, it	, candidate_nodes
2	, 0.02465	, 4057	, 0
2	, 0.02471	, 4047	, 0
2	, 0.02475	, 4040	, 0
2	, 0.02491	, 4014	, 0
2	, 0.02498	, 4003	, 0
2	, 0.02499	, 4002	, 0
2	, 0.02501	, 3998	, 0
2	, 0.02503	, 3995	, 0
2	, 0.02504	, 3994	, 0
2	, 0.02505	, 3992	, 0
2	, 0.02506	, 3990	, 0
2	, 0.02507	, 3989	, 0
2	, 0.02508	, 3987	, 0
2	, 0.02509	, 3986	, 0
2	, 0.02511	, 3982	, 0
2	, 0.02513	, 3979	, 0
2	, 0.02514	, 3978	, 0
2	, 0.02516	, 3975	, 0
2	, 0.02516	, 3975	, 0
2	, 0.02517	, 3973	, 0
2	, 0.02521	, 3966	, 0
2	, 0.02524	, 3962	, 0
2	, 0.02524	, 3962	, 0
2	, 0.02525	, 3960	, 0
2	, 0.02526	, 3959	, 0
2	, 0.02530	, 3953	, 0
2	, 0.02531	, 3951	, 0
3	, 0.02896	, 3453	, 0
3	, 0.02983	, 3352	, 0
3	, 0.02989	, 3346	, 0
3	, 0.03007	, 3326	, 0
3	, 0.03024	, 3307	, 0
3	, 0.03027	, 3304	, 0
3	, 0.03028	, 3303	, 0
3	, 0.03033	, 3297	, 0
3	, 0.03034	, 3296	, 0
3	, 0.03034	, 3296	, 0
3	, 0.03056	, 3272	, 0
3	, 0.03151	, 3174	, 1
3	, 0.03163	, 3162	, 1
3	, 0.03167	, 3158	, 1
3	, 0.03176	, 3149	, 1
3	, 0.03181	, 3144	, 1
3	, 0.03181	, 3144	, 1
3	, 0.03191	, 3134	, 1
3	, 0.03440	, 2907	, 3
3	, 0.03453	, 2896	, 3
3	, 0.03454	, 2895	, 3
3	, 0.03461	, 2889	, 1
3	, 0.03461	, 2889	, 3
3	, 0.03465	, 2886	, 3
3	, 0.03500	, 2857	, 3
4	, 0.03454	, 2895	, 0
4	, 0.03527	, 2835	, 1
4	, 0.03884	, 2575	, 1
4	, 0.03884	, 2575	, 1
4	, 0.03893	, 2569	, 1
4	, 0.03894	, 2568	, 1
4	, 0.04090	, 2445	, 1
4	, 0.04119	, 2428	, 3
4	, 0.04120	, 2427	, 3
4	, 0.04122	, 2426	, 3
5	, 0.04531	, 2207	, 3
5	, 0.04766	, 2098	, 3
5	, 0.04866	, 2055	, 3
5	, 0.06680	, 1497	, 5
5	, 0.06689	, 1495	, 5
5	, 0.06689	, 1495	, 5
5	, 0.06693	, 1494	, 5
5	, 0.06693	, 1494	, 5
5	, 0.06711	, 1490	, 5
5	, 0.06711	, 1490	, 5
5	, 0.06720	, 1488	, 5
6	, 0.04548	, 2199	, 1
6	, 0.05013	, 1995	, 1
6	, 0.05528	, 1809	, 3
6	, 0.05531	, 1808	, 3
6	, 0.05534	, 1807	, 3
6	, 0.05574	, 1794	, 3
6	, 0.05767	, 1734	, 5
7	, 0.06878	, 1454	, 5
7	, 0.06969	, 1435	, 8
7	, 0.06978	, 1433	, 8
7	, 0.06978	, 1433	, 8
7	, 0.06983	, 1432	, 8
7	, 0.06993	, 1430	, 8
7	, 0.06993	, 1430	, 8
7	, 0.06998	, 1429	, 8
7	, 0.06998	, 1429	, 8
7	, 0.07003	, 1428	, 8
7	, 0.07003	, 1428	, 8
7	, 0.07003	, 1428	, 8
7	, 0.07008	, 1427	, 8
7	, 0.07008	, 1427	, 8
7	, 0.07013	, 1426	, 8
7	, 0.07027	, 1423	, 8
7	, 0.07032	, 1422	, 8
7	, 0.07037	, 1421	, 8
7	, 0.07037	, 1421	, 8
7	, 0.07042	, 1420	, 8
7	, 0.16077	, 622	, 33
8	, 0.06873	, 1455	, 3
8	, 0.07663	, 1305	, 8
8	, 0.07669	, 1304	, 8
8	, 0.11223	, 891	, 10
8	, 0.11236	, 890	, 10
9	, 0.05838	, 1713	, 1
9	, 0.05872	, 1703	, 1
9	, 0.06143	, 1628	, 3
9	, 0.06177	, 1619	, 1
9	, 0.09141	, 1094	, 8
9	, 0.10905	, 917	, 18
9	, 0.14065	, 711	, 22
10	, 0.05848	, 1710	, 1
10	, 0.05886	, 1699	, 3
10	, 0.06873	, 1455	, 3
10	, 0.10341	, 967	, 8
10	, 0.10352	, 966	, 8
10	, 0.10953	, 913	, 12
10	, 0.11481	, 871	, 10
10	, 0.13210	, 757	, 19
10	, 0.25063	, 399	, 34
10	, 0.32787	, 305	, 59
11	, 0.11574	, 864	, 8
11	, 0.11601	, 862	, 8
14	, 0.08969	, 1115	, 1
15	, 0.25575	, 391	, 9
15	, 0.38314	, 261	, 48
15	, 0.38314	, 261	, 48
15	, 0.38314	, 261	, 48
34	, 2.72973	, 37	, 188
42	, 11.00000	, 10	, 527
48	, 40.33330	, 3	, 1626
137	, 202.00000	, 1	, 3570
