

app  = cjpeg
algo = union
arch = virtex
gcc =   -emit-llvm
opt =  
# running opt with ISE pass: 
WARNING: no profiling information found, assuming uniform distribution
Selected architecture: P20ArchitectureVirtexFx
Default settings: 
 * CommInBusCLK: 2
 * CommOutBusCLK_: 2
 * CommInBusWidth_: 2
 * CommOutBusWidth_: 1
 * MaxCI: 7
 * MaxInput: 6
 * MaxOutput: 1
- changing value of MaxInput_: 2
- changing value of MaxOutput_: 2
Nodes	, msecs		, it	, candidate_nodes
2	, 0.03858	, 2592	, 0
2	, 0.03860	, 2591	, 0
2	, 0.03861	, 2590	, 0
2	, 0.03880	, 2577	, 0
2	, 0.03887	, 2573	, 0
2	, 0.03887	, 2573	, 0
2	, 0.03890	, 2571	, 0
2	, 0.03891	, 2570	, 0
2	, 0.03891	, 2570	, 0
2	, 0.03893	, 2569	, 0
2	, 0.03893	, 2569	, 0
2	, 0.03894	, 2568	, 0
2	, 0.03896	, 2567	, 0
2	, 0.03896	, 2567	, 0
2	, 0.03896	, 2567	, 0
2	, 0.03899	, 2565	, 0
2	, 0.03899	, 2565	, 0
2	, 0.03900	, 2564	, 0
2	, 0.03900	, 2564	, 0
2	, 0.03900	, 2564	, 0
2	, 0.03900	, 2564	, 0
2	, 0.03902	, 2563	, 0
2	, 0.03903	, 2562	, 0
2	, 0.03908	, 2559	, 0
2	, 0.03908	, 2559	, 0
2	, 0.03909	, 2558	, 0
2	, 0.03923	, 2549	, 0
3	, 0.04407	, 2269	, 0
3	, 0.04847	, 2063	, 0
3	, 0.04866	, 2055	, 0
3	, 0.04936	, 2026	, 0
3	, 0.04938	, 2025	, 0
3	, 0.04943	, 2023	, 0
3	, 0.04946	, 2022	, 0
3	, 0.04948	, 2021	, 0
3	, 0.04948	, 2021	, 0
3	, 0.04958	, 2017	, 0
3	, 0.04970	, 2012	, 0
3	, 0.10753	, 930	, 1
3	, 0.11416	, 876	, 1
3	, 0.11429	, 875	, 1
3	, 0.11442	, 874	, 1
3	, 0.11442	, 874	, 1
3	, 0.11455	, 873	, 1
3	, 0.11455	, 873	, 1
3	, 0.11481	, 871	, 1
3	, 0.19531	, 512	, 3
3	, 0.19570	, 511	, 3
3	, 0.19570	, 511	, 3
3	, 0.19570	, 511	, 3
3	, 0.19570	, 511	, 3
3	, 0.19608	, 510	, 3
4	, 0.06135	, 1630	, 0
4	, 0.12151	, 823	, 1
4	, 0.12392	, 807	, 1
4	, 0.12953	, 772	, 1
4	, 0.12970	, 771	, 1
4	, 0.12987	, 770	, 1
4	, 0.13038	, 767	, 1
4	, 0.21053	, 475	, 3
4	, 0.21053	, 475	, 3
4	, 0.21097	, 474	, 3
5	, 0.21552	, 464	, 3
5	, 0.22222	, 450	, 3
5	, 0.23529	, 425	, 3
5	, 0.36364	, 275	, 5
5	, 0.36496	, 274	, 5
5	, 0.36496	, 274	, 5
5	, 0.36496	, 274	, 5
5	, 0.36496	, 274	, 5
5	, 0.36496	, 274	, 5
5	, 0.36496	, 274	, 5
5	, 0.36765	, 272	, 5
6	, 0.14347	, 697	, 1
6	, 0.15552	, 643	, 1
6	, 0.23310	, 429	, 3
6	, 0.23310	, 429	, 3
6	, 0.23310	, 429	, 3
6	, 0.23419	, 427	, 3
6	, 0.29674	, 337	, 4
7	, 0.31746	, 315	, 4
7	, 0.36900	, 271	, 5
7	, 0.37037	, 270	, 5
7	, 0.37037	, 270	, 5
7	, 0.37037	, 270	, 5
7	, 0.37037	, 270	, 5
7	, 0.37037	, 270	, 5
7	, 0.37037	, 270	, 5
7	, 0.37037	, 270	, 5
7	, 0.37037	, 270	, 5
7	, 0.37037	, 270	, 5
7	, 0.37037	, 270	, 5
7	, 0.37037	, 270	, 5
7	, 0.37037	, 270	, 5
7	, 0.37037	, 270	, 5
7	, 0.37037	, 270	, 5
7	, 0.37175	, 269	, 5
7	, 0.37175	, 269	, 5
7	, 0.37175	, 269	, 5
7	, 0.37313	, 268	, 5
7	, 0.61728	, 162	, 10
8	, 0.25381	, 394	, 3
8	, 0.38314	, 261	, 5
8	, 0.38314	, 261	, 5
8	, 0.45872	, 218	, 6
8	, 0.45872	, 218	, 6
9	, 0.18018	, 555	, 1
9	, 0.18282	, 547	, 1
9	, 0.18315	, 546	, 1
9	, 0.25773	, 388	, 3
9	, 0.40161	, 249	, 5
9	, 0.54945	, 182	, 8
9	, 0.57471	, 174	, 8
10	, 0.14084	, 710	, 1
10	, 0.22883	, 437	, 3
10	, 0.25381	, 394	, 2
10	, 0.37736	, 265	, 4
10	, 0.41494	, 241	, 5
10	, 0.41494	, 241	, 5
10	, 0.47847	, 209	, 6
10	, 0.56497	, 177	, 9
10	, 0.57143	, 175	, 8
10	, 0.98039	, 102	, 17
11	, 0.42553	, 235	, 5
11	, 0.42735	, 234	, 5
14	, 0.23810	, 420	, 1
15	, 0.52356	, 191	, 6
15	, 0.88496	, 113	, 12
15	, 0.88496	, 113	, 12
15	, 0.89286	, 112	, 12
34	, 1.78571	, 56	, 23
42	, 2.75676	, 37	, 37
48	, 4.08000	, 25	, 62
137	, 9.36364	, 11	, 84
