

app  = cjpeg
algo = maxmiso
arch = virtex
gcc =   -emit-llvm
opt =  
# running opt with ISE pass: 
WARNING: no profiling information found, assuming uniform distribution
Selected architecture: P20ArchitectureVirtexFx
Default settings: 
 * CommInBusCLK: 2
 * CommOutBusCLK_: 2
 * CommInBusWidth_: 2
 * CommOutBusWidth_: 1
 * MaxCI: 7
 * MaxInput: 6
 * MaxOutput: 1
- changing value of MaxInput_: 2
- changing value of MaxOutput_: 2
Nodes	, msecs		, it	, candidate_nodes
2	, 0.01844	, 5423	, 0
2	, 0.01857	, 5384	, 0
2	, 0.01944	, 5144	, 0
2	, 0.01986	, 5034	, 0
2	, 0.01987	, 5032	, 0
2	, 0.01990	, 5026	, 0
2	, 0.01994	, 5014	, 0
2	, 0.01995	, 5013	, 0
2	, 0.01995	, 5013	, 0
2	, 0.01996	, 5009	, 0
2	, 0.01996	, 5009	, 0
2	, 0.01997	, 5008	, 0
2	, 0.01997	, 5007	, 0
2	, 0.01999	, 5003	, 0
2	, 0.02000	, 5001	, 0
2	, 0.02000	, 4999	, 0
2	, 0.02002	, 4996	, 0
2	, 0.02004	, 4989	, 0
2	, 0.02006	, 4986	, 0
2	, 0.02010	, 4976	, 0
2	, 0.02010	, 4975	, 0
2	, 0.02011	, 4973	, 0
2	, 0.02012	, 4970	, 0
2	, 0.02013	, 4968	, 0
2	, 0.02014	, 4964	, 0
2	, 0.02014	, 4964	, 0
2	, 0.02015	, 4962	, 0
3	, 0.02193	, 4561	, 0
3	, 0.02212	, 4520	, 0
3	, 0.02276	, 4394	, 0
3	, 0.02330	, 4292	, 0
3	, 0.02334	, 4285	, 0
3	, 0.02339	, 4276	, 0
3	, 0.02339	, 4276	, 0
3	, 0.02342	, 4269	, 0
3	, 0.02347	, 4261	, 0
3	, 0.02347	, 4260	, 0
3	, 0.02350	, 4256	, 0
3	, 0.02351	, 4253	, 0
3	, 0.02356	, 4244	, 0
3	, 0.02361	, 4235	, 0
3	, 0.02369	, 4222	, 0
3	, 0.02370	, 4220	, 0
3	, 0.02370	, 4219	, 0
3	, 0.02396	, 4173	, 1
3	, 0.02429	, 4117	, 0
3	, 0.02438	, 4102	, 1
3	, 0.02438	, 4102	, 1
3	, 0.02446	, 4088	, 1
3	, 0.02452	, 4079	, 1
3	, 0.02452	, 4078	, 1
3	, 0.02455	, 4073	, 1
4	, 0.02548	, 3924	, 0
4	, 0.02643	, 3783	, 1
4	, 0.02656	, 3765	, 1
4	, 0.02660	, 3760	, 1
4	, 0.02664	, 3754	, 1
4	, 0.02682	, 3729	, 1
4	, 0.02685	, 3724	, 1
4	, 0.02697	, 3708	, 1
4	, 0.02793	, 3581	, 0
4	, 0.02804	, 3566	, 0
5	, 0.03010	, 3322	, 1
5	, 0.03040	, 3290	, 1
5	, 0.03073	, 3254	, 1
5	, 0.03116	, 3209	, 2
5	, 0.03126	, 3199	, 2
5	, 0.03127	, 3198	, 2
5	, 0.03145	, 3180	, 2
5	, 0.03146	, 3179	, 2
5	, 0.03148	, 3177	, 2
5	, 0.03151	, 3174	, 2
5	, 0.03154	, 3171	, 2
6	, 0.03249	, 3078	, 0
6	, 0.03346	, 2989	, 1
6	, 0.03434	, 2912	, 1
6	, 0.03466	, 2885	, 1
6	, 0.03479	, 2874	, 1
6	, 0.03504	, 2854	, 1
6	, 0.03509	, 2850	, 1
7	, 0.03751	, 2666	, 2
7	, 0.03765	, 2656	, 2
7	, 0.03826	, 2614	, 1
7	, 0.03831	, 2610	, 1
7	, 0.03837	, 2606	, 1
7	, 0.03840	, 2604	, 1
7	, 0.03842	, 2603	, 1
7	, 0.03845	, 2601	, 1
7	, 0.03846	, 2600	, 1
7	, 0.03846	, 2600	, 1
7	, 0.03851	, 2597	, 1
7	, 0.03854	, 2595	, 1
7	, 0.03857	, 2593	, 1
7	, 0.03880	, 2577	, 1
7	, 0.03880	, 2577	, 1
7	, 0.03882	, 2576	, 1
7	, 0.03884	, 2575	, 1
7	, 0.03888	, 2572	, 1
7	, 0.03890	, 2571	, 1
7	, 0.03890	, 2571	, 1
7	, 0.03891	, 2570	, 1
8	, 0.04114	, 2431	, 1
8	, 0.04120	, 2427	, 2
8	, 0.04127	, 2423	, 2
8	, 0.04168	, 2399	, 1
8	, 0.04170	, 2398	, 1
9	, 0.04296	, 2328	, 2
9	, 0.04371	, 2288	, 0
9	, 0.04373	, 2287	, 0
9	, 0.04386	, 2280	, 0
9	, 0.04431	, 2257	, 1
9	, 0.04539	, 2203	, 2
9	, 0.04587	, 2180	, 2
10	, 0.04399	, 2273	, 1
10	, 0.04405	, 2270	, 1
10	, 0.04560	, 2193	, 2
10	, 0.04677	, 2138	, 2
10	, 0.04744	, 2108	, 0
10	, 0.04782	, 2091	, 3
10	, 0.04812	, 2078	, 0
10	, 0.04829	, 2071	, 2
10	, 0.04845	, 2064	, 2
10	, 0.04869	, 2054	, 2
11	, 0.05139	, 1946	, 2
11	, 0.05147	, 1943	, 2
14	, 0.05821	, 1718	, 0
15	, 0.06200	, 1613	, 2
15	, 0.06200	, 1613	, 2
15	, 0.06231	, 1605	, 1
15	, 0.06238	, 1603	, 2
34	, 0.12285	, 814	, 4
42	, 0.15038	, 665	, 6
48	, 0.17391	, 575	, 14
137	, 0.49020	, 204	, 0
