

app  = blowfish
algo = maxmiso
arch = virtex
opt  = -ise-archi-max-input=2 -ise-archi-max-output=2
gcc =   -emit-llvm
opt =  
# running opt with ISE pass: 
WARNING: no profiling information found, assuming uniform distribution
Selected architecture: P20ArchitectureVirtexFx
Default settings: 
 * CommInBusCLK: 2
 * CommOutBusCLK_: 2
 * CommInBusWidth_: 2
 * CommOutBusWidth_: 1
 * MaxCI: 7
 * MaxInput: 6
 * MaxOutput: 1
- changing value of MaxInput_: 2
- changing value of MaxOutput_: 2
Nodes	, msecs		, it	, candidate_nodes
3	, 0.02244	, 4457	, 0
3	, 0.02262	, 4420	, 0
3	, 0.02395	, 4176	, 0
3	, 0.02444	, 4091	, 1
5	, 0.02649	, 3775	, 0
7	, 0.03751	, 2666	, 2
7	, 0.03768	, 2654	, 2
7	, 0.03831	, 2610	, 1
7	, 0.03834	, 2608	, 1
7	, 0.03836	, 2607	, 2
8	, 0.03805	, 2628	, 1
8	, 0.04014	, 2491	, 3
8	, 0.04112	, 2432	, 1
8	, 0.04115	, 2430	, 1
9	, 0.04338	, 2305	, 2
9	, 0.04350	, 2299	, 2
9	, 0.04353	, 2297	, 2
9	, 0.04357	, 2295	, 2
9	, 0.04359	, 2294	, 2
9	, 0.04378	, 2284	, 2
10	, 0.04632	, 2159	, 2
10	, 0.04634	, 2158	, 2
10	, 0.04634	, 2158	, 2
10	, 0.04636	, 2157	, 2
10	, 0.04638	, 2156	, 2
10	, 0.04643	, 2154	, 2
10	, 0.04951	, 2020	, 2
11	, 0.04941	, 2024	, 3
11	, 0.05081	, 1968	, 2
13	, 0.05647	, 1771	, 3
16	, 0.06840	, 1462	, 3
16	, 0.06930	, 1443	, 5
19	, 0.07581	, 1319	, 4
22	, 0.08554	, 1169	, 4
22	, 0.08929	, 1120	, 9
25	, 0.09506	, 1052	, 5
27	, 0.09960	, 1004	, 4
38	, 0.13263	, 754	, 6
44	, 0.15152	, 660	, 6
47	, 0.15924	, 628	, 7
49	, 0.16750	, 597	, 8
55	, 0.18450	, 542	, 5
59	, 0.19531	, 512	, 13
64	, 0.21142	, 473	, 15
68	, 0.22075	, 453	, 11
80	, 0.25641	, 390	, 8
98	, 0.31250	, 320	, 22
108	, 0.34247	, 292	, 25
127	, 0.41841	, 239	, 34
127	, 0.42194	, 237	, 22
127	, 0.42373	, 236	, 21
673	, 2.10417	, 48	, 92
674	, 2.12766	, 47	, 92
