

app  = aes
algo = maxmiso
arch = virtex
opt  = -ise-archi-max-input=2 -ise-archi-max-output=2
gcc =   -emit-llvm
opt =  
# running opt with ISE pass: 
WARNING: no profiling information found, assuming uniform distribution
Selected architecture: P20ArchitectureVirtexFx
Default settings: 
 * CommInBusCLK: 2
 * CommOutBusCLK_: 2
 * CommInBusWidth_: 2
 * CommOutBusWidth_: 1
 * MaxCI: 7
 * MaxInput: 6
 * MaxOutput: 1
- changing value of MaxInput_: 2
- changing value of MaxOutput_: 2
Nodes	, msecs		, it	, candidate_nodes
1	, 0.01448	, 6906	, 0
1	, 0.01454	, 6878	, 0
1	, 0.01458	, 6857	, 0
1	, 0.01462	, 6841	, 0
3	, 0.02399	, 4168	, 1
3	, 0.02411	, 4148	, 0
3	, 0.02424	, 4125	, 0
3	, 0.02428	, 4118	, 1
3	, 0.02429	, 4117	, 1
3	, 0.02430	, 4115	, 1
3	, 0.02434	, 4108	, 1
3	, 0.02435	, 4107	, 1
3	, 0.02435	, 4107	, 1
3	, 0.02436	, 4105	, 1
3	, 0.02446	, 4088	, 1
3	, 0.02447	, 4086	, 1
3	, 0.02459	, 4066	, 1
3	, 0.02464	, 4058	, 1
4	, 0.02684	, 3726	, 0
4	, 0.02708	, 3693	, 0
4	, 0.02708	, 3693	, 0
4	, 0.02720	, 3676	, 1
4	, 0.02724	, 3671	, 0
4	, 0.02769	, 3611	, 0
4	, 0.02774	, 3605	, 0
4	, 0.02789	, 3586	, 0
4	, 0.02802	, 3569	, 0
4	, 0.02804	, 3566	, 0
4	, 0.02808	, 3561	, 0
5	, 0.02984	, 3351	, 1
5	, 0.02998	, 3336	, 1
5	, 0.03004	, 3329	, 1
5	, 0.03004	, 3329	, 1
5	, 0.03010	, 3322	, 1
5	, 0.03014	, 3318	, 1
5	, 0.03014	, 3318	, 1
5	, 0.03027	, 3304	, 1
5	, 0.03043	, 3286	, 1
5	, 0.03048	, 3281	, 1
5	, 0.03059	, 3269	, 1
5	, 0.03089	, 3237	, 1
5	, 0.03095	, 3231	, 1
5	, 0.03115	, 3210	, 1
5	, 0.03196	, 3129	, 2
6	, 0.03221	, 3105	, 1
6	, 0.03224	, 3102	, 1
6	, 0.03249	, 3078	, 1
6	, 0.03253	, 3074	, 1
6	, 0.03257	, 3070	, 1
6	, 0.03257	, 3070	, 1
6	, 0.03258	, 3069	, 0
6	, 0.03261	, 3067	, 1
6	, 0.03262	, 3066	, 1
6	, 0.03263	, 3065	, 1
6	, 0.03266	, 3062	, 1
6	, 0.03266	, 3062	, 1
6	, 0.03267	, 3061	, 1
6	, 0.03269	, 3059	, 1
6	, 0.03289	, 3040	, 1
6	, 0.03308	, 3023	, 1
6	, 0.03310	, 3021	, 1
6	, 0.03318	, 3014	, 1
6	, 0.03318	, 3014	, 1
6	, 0.03324	, 3008	, 1
6	, 0.03348	, 2987	, 1
6	, 0.03349	, 2986	, 1
6	, 0.03461	, 2889	, 0
6	, 0.03490	, 2865	, 1
6	, 0.03546	, 2820	, 0
6	, 0.03554	, 2814	, 0
6	, 0.03555	, 2813	, 0
6	, 0.03556	, 2812	, 1
6	, 0.03565	, 2805	, 0
6	, 0.03569	, 2802	, 1
6	, 0.03575	, 2797	, 1
6	, 0.03584	, 2790	, 1
6	, 0.03589	, 2786	, 0
6	, 0.03589	, 2786	, 1
6	, 0.03589	, 2786	, 1
6	, 0.03591	, 2785	, 1
6	, 0.03591	, 2785	, 1
6	, 0.03598	, 2779	, 0
6	, 0.03610	, 2770	, 1
7	, 0.03613	, 2768	, 1
7	, 0.03656	, 2735	, 1
7	, 0.03667	, 2727	, 1
7	, 0.03675	, 2721	, 1
7	, 0.03693	, 2708	, 1
7	, 0.03802	, 2630	, 2
7	, 0.03828	, 2612	, 2
7	, 0.03833	, 2609	, 2
7	, 0.03855	, 2594	, 2
7	, 0.03858	, 2592	, 2
7	, 0.03858	, 2592	, 2
8	, 0.03848	, 2599	, 1
8	, 0.03849	, 2598	, 1
8	, 0.03884	, 2575	, 1
8	, 0.03894	, 2568	, 1
8	, 0.03939	, 2539	, 1
8	, 0.03946	, 2534	, 1
8	, 0.03954	, 2529	, 1
8	, 0.03954	, 2529	, 1
8	, 0.03973	, 2517	, 1
8	, 0.03995	, 2503	, 1
8	, 0.04044	, 2473	, 1
8	, 0.04115	, 2430	, 2
9	, 0.04390	, 2278	, 1
9	, 0.04606	, 2171	, 1
9	, 0.04608	, 2170	, 1
9	, 0.04699	, 2128	, 1
10	, 0.04645	, 2153	, 1
10	, 0.04897	, 2042	, 1
10	, 0.04902	, 2040	, 3
10	, 0.05008	, 1997	, 3
10	, 0.05053	, 1979	, 3
11	, 0.05066	, 1974	, 3
11	, 0.05092	, 1964	, 2
12	, 0.05328	, 1877	, 2
12	, 0.05339	, 1873	, 2
12	, 0.05350	, 1869	, 2
13	, 0.05546	, 1803	, 2
14	, 0.06010	, 1664	, 3
14	, 0.06075	, 1646	, 4
14	, 0.06109	, 1637	, 4
14	, 0.06146	, 1627	, 4
14	, 0.06398	, 1563	, 2
15	, 0.06553	, 1526	, 3
17	, 0.07143	, 1400	, 2
17	, 0.07348	, 1361	, 2
22	, 0.09174	, 1090	, 8
24	, 0.09699	, 1031	, 4
25	, 0.09930	, 1007	, 4
25	, 0.09970	, 1003	, 4
28	, 0.10834	, 923	, 5
29	, 0.11013	, 908	, 5
29	, 0.11099	, 901	, 5
29	, 0.11325	, 883	, 5
29	, 0.11561	, 865	, 6
31	, 0.11161	, 896	, 1
31	, 0.12034	, 831	, 15
31	, 0.12063	, 829	, 15
33	, 0.12563	, 796	, 11
33	, 0.12563	, 796	, 11
33	, 0.12626	, 792	, 11
34	, 0.12987	, 770	, 16
34	, 0.13021	, 768	, 16
34	, 0.13038	, 767	, 16
35	, 0.12165	, 822	, 1
35	, 0.12210	, 819	, 1
35	, 0.13532	, 739	, 15
42	, 0.15015	, 666	, 5
54	, 0.18349	, 545	, 1
54	, 0.21008	, 476	, 17
67	, 0.22075	, 453	, 13
68	, 0.23202	, 431	, 20
73	, 0.28169	, 355	, 17
73	, 0.28169	, 355	, 17
73	, 0.28329	, 353	, 17
75	, 0.24155	, 414	, 1
91	, 0.30030	, 333	, 27
91	, 0.30212	, 331	, 27
115	, 0.37313	, 268	, 1
126	, 0.40486	, 247	, 23
131	, 0.42194	, 237	, 1
131	, 0.42194	, 237	, 1
131	, 0.42373	, 236	, 1
132	, 0.42017	, 238	, 25
133	, 0.44843	, 223	, 16
176	, 0.61728	, 162	, 36
286	, 0.89286	, 112	, 48
302	, 0.95238	, 105	, 48
311	, 0.98039	, 102	, 48
311	, 0.99010	, 101	, 48
691	, 2.22222	, 45	, 115
721	, 2.34884	, 43	, 123
970	, 3.18750	, 32	, 166
1079	, 3.48276	, 29	, 179
1154	, 3.92308	, 26	, 198
1407	, 4.59091	, 22	, 240
1524	, 4.90476	, 21	, 239
1619	, 5.52632	, 19	, 286
