

app  = aes
algo = union
arch = virtex
gcc =   -emit-llvm
opt =  
# running opt with ISE pass: 
WARNING: no profiling information found, assuming uniform distribution
Selected architecture: P20ArchitectureVirtexFx
Default settings: 
 * CommInBusCLK: 2
 * CommOutBusCLK_: 2
 * CommInBusWidth_: 2
 * CommOutBusWidth_: 1
 * MaxCI: 7
 * MaxInput: 6
 * MaxOutput: 1
- changing value of MaxInput_: 2
Nodes	, msecs		, it	, candidate_nodes
1	, 0.02024	, 4940	, 0
1	, 0.02048	, 4883	, 0
1	, 0.02048	, 4882	, 0
1	, 0.02049	, 4881	, 0
3	, 0.04909	, 2037	, 0
3	, 0.11468	, 872	, 1
3	, 0.19685	, 508	, 3
3	, 0.19685	, 508	, 3
3	, 0.19685	, 508	, 3
3	, 0.19724	, 507	, 3
3	, 0.19724	, 507	, 3
3	, 0.19724	, 507	, 3
3	, 0.19724	, 507	, 3
3	, 0.19724	, 507	, 3
3	, 0.19724	, 507	, 3
3	, 0.19763	, 506	, 3
3	, 0.19763	, 506	, 3
3	, 0.19802	, 505	, 3
4	, 0.05824	, 1717	, 0
4	, 0.05848	, 1710	, 0
4	, 0.05855	, 1708	, 0
4	, 0.05858	, 1707	, 0
4	, 0.06002	, 1666	, 0
4	, 0.06192	, 1615	, 0
4	, 0.12903	, 775	, 1
4	, 0.12903	, 775	, 1
4	, 0.12920	, 774	, 1
4	, 0.12937	, 773	, 1
4	, 0.21231	, 471	, 3
5	, 0.20284	, 493	, 2
5	, 0.20704	, 483	, 3
5	, 0.27701	, 361	, 4
5	, 0.27778	, 360	, 4
5	, 0.32051	, 312	, 5
5	, 0.32154	, 311	, 5
5	, 0.32154	, 311	, 5
5	, 0.32154	, 311	, 5
5	, 0.32154	, 311	, 5
5	, 0.32154	, 311	, 5
5	, 0.32154	, 311	, 5
5	, 0.32258	, 310	, 5
5	, 0.32258	, 310	, 5
5	, 0.46296	, 216	, 9
5	, 0.47170	, 212	, 5
6	, 0.12180	, 821	, 1
6	, 0.12195	, 820	, 1
6	, 0.12225	, 818	, 1
6	, 0.12255	, 816	, 1
6	, 0.18939	, 528	, 2
6	, 0.21097	, 474	, 3
6	, 0.21231	, 471	, 3
6	, 0.23474	, 426	, 3
6	, 0.23474	, 426	, 3
6	, 0.23474	, 426	, 3
6	, 0.23529	, 425	, 3
6	, 0.23585	, 424	, 3
6	, 0.23585	, 424	, 3
6	, 0.23585	, 424	, 3
6	, 0.23641	, 423	, 3
6	, 0.23641	, 423	, 3
6	, 0.23641	, 423	, 3
6	, 0.33557	, 298	, 4
6	, 0.33557	, 298	, 4
6	, 0.33557	, 298	, 4
6	, 0.33557	, 298	, 4
6	, 0.33557	, 298	, 4
6	, 0.33670	, 297	, 4
6	, 0.52632	, 190	, 9
6	, 0.52632	, 190	, 9
6	, 0.68493	, 146	, 15
6	, 0.68493	, 146	, 15
6	, 0.68493	, 146	, 15
6	, 0.68493	, 146	, 15
6	, 0.68493	, 146	, 15
6	, 0.68966	, 145	, 15
6	, 0.68966	, 145	, 15
6	, 0.68966	, 145	, 15
6	, 0.68966	, 145	, 15
6	, 0.68966	, 145	, 15
6	, 0.68966	, 145	, 15
6	, 0.68966	, 145	, 15
6	, 0.68966	, 145	, 15
6	, 0.68966	, 145	, 15
7	, 0.42373	, 236	, 5
7	, 0.42553	, 235	, 5
7	, 0.47619	, 210	, 9
7	, 0.57803	, 173	, 10
7	, 0.58139	, 172	, 10
7	, 0.58479	, 171	, 10
7	, 0.58479	, 171	, 10
7	, 0.63291	, 158	, 12
7	, 0.63694	, 157	, 12
7	, 0.63694	, 157	, 12
7	, 0.63694	, 157	, 12
8	, 0.33333	, 300	, 5
8	, 0.33445	, 299	, 5
8	, 0.33445	, 299	, 5
8	, 0.47847	, 209	, 8
8	, 0.47847	, 209	, 8
8	, 0.48077	, 208	, 8
8	, 0.48077	, 208	, 8
8	, 0.48077	, 208	, 8
8	, 0.48309	, 207	, 8
8	, 0.51546	, 194	, 7
8	, 0.77519	, 129	, 13
8	, 0.92593	, 108	, 19
9	, 0.38461	, 260	, 5
9	, 0.38760	, 258	, 5
9	, 0.38910	, 257	, 5
9	, 0.66667	, 150	, 8
10	, 0.41841	, 239	, 5
10	, 0.41841	, 239	, 5
10	, 0.48780	, 205	, 7
10	, 1.26582	, 79	, 23
10	, 1.51515	, 66	, 15
11	, 1.01010	, 99	, 19
11	, 1.44928	, 69	, 21
12	, 1.42857	, 70	, 26
12	, 1.44286	, 70	, 26
12	, 1.44286	, 70	, 26
13	, 1.00000	, 100	, 20
14	, 0.74627	, 134	, 10
14	, 1.17647	, 85	, 22
14	, 1.18824	, 85	, 22
14	, 1.18824	, 85	, 22
14	, 1.61290	, 62	, 29
15	, 1.13636	, 88	, 15
17	, 0.84746	, 118	, 9
17	, 0.98039	, 102	, 12
22	, 3.36667	, 30	, 25
24	, 2.17391	, 46	, 19
25	, 2.19565	, 46	, 19
25	, 2.19565	, 46	, 19
28	, 2.38095	, 42	, 24
29	, 2.40476	, 42	, 24
29	, 2.42857	, 42	, 24
29	, 2.75676	, 37	, 30
29	, 3.09091	, 33	, 29
31	, 0.79365	, 126	, 7
31	, 2.65789	, 38	, 45
31	, 2.65789	, 38	, 45
33	, 6.62500	, 16	, 40
33	, 6.62500	, 16	, 40
33	, 6.66667	, 15	, 40
34	, 2.94118	, 34	, 48
34	, 2.94118	, 34	, 48
34	, 2.94118	, 34	, 48
35	, 0.87719	, 114	, 7
35	, 0.89286	, 112	, 7
35	, 3.29032	, 31	, 49
42	, 2.43902	, 41	, 34
54	, 1.90566	, 53	, 18
54	, 3629.00000	, 1	, 66
67	, 4.76190	, 21	, 66
68	, 33.66670	, 3	, 71
73	, 9162.00000	, 1	, 86
73	, 9186.00000	, 1	, 86
73	, 9206.00000	, 1	, 86
75	, 1.29870	, 77	, 7
91	, 8.33333	, 12	, 121
91	, 8.41667	, 12	, 121
115	, 3.03030	, 33	, 19
126	, 16.42860	, 7	, 210
131	, 3.32258	, 31	, 19
131	, 3.40000	, 30	, 19
131	, 3.48276	, 29	, 19
132	, 18.16670	, 6	, 219
133	, 8.66667	, 12	, 95
176	, 73602.00000	, 1	, 143
286	, 52.00000	, 2	, 392
302	, 56.50000	, 2	, 424
311	, 57.50000	, 2	, 424
311	, 57.50000	, 2	, 424
691	, 261.00000	, 1	, 990
721	, 271.00000	, 1	, 1044
970	, 517.00000	, 1	, 1417
1079	, 611.00000	, 1	, 1545
1154	, 721.00000	, 1	, 1597
1407	, 1297.00000	, 1	, 1960
1524	, 1463.00000	, 1	, 2113
1619	, 1422.00000	, 1	, 2210
