

app  = blowfish
algo = union
arch = virtex
gcc =   -emit-llvm
opt =  
# running opt with ISE pass: 
WARNING: no profiling information found, assuming uniform distribution
Selected architecture: P20ArchitectureVirtexFx
Default settings: 
 * CommInBusCLK: 2
 * CommOutBusCLK_: 2
 * CommInBusWidth_: 2
 * CommOutBusWidth_: 1
 * MaxCI: 7
 * MaxInput: 6
 * MaxOutput: 1
- changing value of MaxInput_: 2
Nodes	, msecs		, it	, candidate_nodes
3	, 0.04769	, 2097	, 0
3	, 0.04798	, 2084	, 0
3	, 0.11389	, 878	, 1
3	, 0.19685	, 508	, 3
5	, 0.04036	, 2478	, 0
7	, 0.38168	, 262	, 6
7	, 0.42194	, 237	, 6
7	, 0.42373	, 236	, 6
7	, 0.61350	, 163	, 10
7	, 0.62112	, 161	, 10
8	, 0.22222	, 450	, 3
8	, 0.35971	, 278	, 5
8	, 0.43668	, 229	, 6
8	, 0.43668	, 229	, 6
9	, 0.64935	, 154	, 11
9	, 0.65360	, 153	, 11
9	, 0.65360	, 153	, 11
9	, 0.65360	, 153	, 11
9	, 0.65360	, 153	, 11
9	, 0.65360	, 153	, 11
10	, 0.67114	, 149	, 11
10	, 0.67114	, 149	, 11
10	, 0.67114	, 149	, 11
10	, 0.67568	, 148	, 11
10	, 0.67568	, 148	, 11
10	, 0.67568	, 148	, 11
10	, 0.68966	, 145	, 10
11	, 0.37594	, 266	, 5
11	, 0.81967	, 122	, 12
13	, 0.85470	, 117	, 13
16	, 1.13636	, 88	, 17
16	, 1.66667	, 60	, 21
19	, 1.04167	, 96	, 15
22	, 1.13636	, 88	, 16
22	, 1.85185	, 54	, 31
25	, 2.08333	, 48	, 20
27	, 2.06122	, 49	, 29
38	, 2.37209	, 43	, 38
44	, 2.42857	, 42	, 38
47	, 2.72973	, 37	, 42
49	, 5.47368	, 19	, 70
55	, 6.00000	, 17	, 77
59	, 7.00000	, 15	, 99
64	, 4.68182	, 22	, 72
68	, 7.69231	, 13	, 100
80	, 7.84615	, 13	, 105
98	, 18.00000	, 6	, 146
108	, 12.62500	, 8	, 159
127	, 29.75000	, 4	, 167
127	, 43.33330	, 3	, 172
127	, 45.33330	, 3	, 169
673	, 412.00000	, 1	, 1260
674	, 412.00000	, 1	, 1260
