

app  = cjpeg
algo = singlecut
arch = virtex
gcc =   -emit-llvm
opt =  
# running opt with ISE pass: 
WARNING: no profiling information found, assuming uniform distribution
Selected architecture: P20ArchitectureVirtexFx
Default settings: 
 * CommInBusCLK: 2
 * CommOutBusCLK_: 2
 * CommInBusWidth_: 2
 * CommOutBusWidth_: 1
 * MaxCI: 7
 * MaxInput: 6
 * MaxOutput: 1
- changing value of MaxInput_: 2
Nodes	, msecs		, it	, candidate_nodes
2	, 0.02434	, 4109	, 0
2	, 0.02447	, 4087	, 0
2	, 0.02463	, 4060	, 0
2	, 0.02475	, 4040	, 0
2	, 0.02478	, 4036	, 0
2	, 0.02480	, 4033	, 0
2	, 0.02481	, 4030	, 0
2	, 0.02483	, 4027	, 0
2	, 0.02484	, 4025	, 0
2	, 0.02485	, 4024	, 0
2	, 0.02486	, 4022	, 0
2	, 0.02487	, 4021	, 0
2	, 0.02488	, 4020	, 0
2	, 0.02489	, 4018	, 0
2	, 0.02489	, 4017	, 0
2	, 0.02490	, 4016	, 0
2	, 0.02491	, 4015	, 0
2	, 0.02492	, 4013	, 0
2	, 0.02494	, 4009	, 0
2	, 0.02496	, 4007	, 0
2	, 0.02498	, 4003	, 0
2	, 0.02499	, 4001	, 0
2	, 0.02501	, 3998	, 0
2	, 0.02502	, 3997	, 0
2	, 0.02502	, 3997	, 0
2	, 0.02510	, 3984	, 0
2	, 0.02500	, 4000	, 0
3	, 0.02840	, 3521	, 0
3	, 0.02946	, 3395	, 0
3	, 0.02968	, 3369	, 0
3	, 0.03004	, 3329	, 0
3	, 0.03007	, 3326	, 0
3	, 0.03018	, 3313	, 0
3	, 0.03021	, 3310	, 0
3	, 0.03021	, 3310	, 0
3	, 0.03022	, 3309	, 0
3	, 0.03024	, 3307	, 0
3	, 0.03125	, 3200	, 1
3	, 0.03146	, 3179	, 0
3	, 0.03148	, 3177	, 1
3	, 0.03151	, 3174	, 1
3	, 0.03168	, 3157	, 1
3	, 0.03172	, 3153	, 1
3	, 0.03176	, 3149	, 1
3	, 0.03179	, 3146	, 1
3	, 0.03427	, 2918	, 3
3	, 0.03428	, 2917	, 3
3	, 0.03429	, 2916	, 1
3	, 0.03431	, 2915	, 3
3	, 0.03434	, 2912	, 3
3	, 0.03435	, 2911	, 3
3	, 0.03435	, 2911	, 3
4	, 0.03427	, 2918	, 0
4	, 0.03490	, 2865	, 1
4	, 0.03837	, 2606	, 1
4	, 0.03842	, 2603	, 1
4	, 0.03848	, 2599	, 1
4	, 0.03849	, 2598	, 1
4	, 0.04063	, 2461	, 3
4	, 0.04073	, 2455	, 3
4	, 0.04075	, 2454	, 1
4	, 0.04131	, 2421	, 3
5	, 0.04478	, 2233	, 3
5	, 0.04746	, 2107	, 3
5	, 0.04815	, 2077	, 3
5	, 0.05747	, 1740	, 4
5	, 0.05747	, 1740	, 4
5	, 0.05767	, 1734	, 4
5	, 0.05767	, 1734	, 4
5	, 0.05770	, 1733	, 4
5	, 0.05770	, 1733	, 4
5	, 0.05780	, 1730	, 4
5	, 0.05780	, 1730	, 4
6	, 0.04500	, 2222	, 1
6	, 0.04955	, 2018	, 1
6	, 0.05476	, 1826	, 3
6	, 0.05479	, 1825	, 3
6	, 0.05488	, 1822	, 3
6	, 0.05501	, 1818	, 3
6	, 0.05682	, 1760	, 4
7	, 0.06693	, 1494	, 5
7	, 0.06693	, 1494	, 5
7	, 0.06698	, 1493	, 5
7	, 0.06711	, 1490	, 5
7	, 0.06711	, 1490	, 5
7	, 0.06711	, 1490	, 5
7	, 0.06711	, 1490	, 5
7	, 0.06716	, 1489	, 5
7	, 0.06716	, 1489	, 5
7	, 0.06716	, 1489	, 5
7	, 0.06720	, 1488	, 5
7	, 0.06720	, 1488	, 5
7	, 0.06720	, 1488	, 5
7	, 0.06720	, 1488	, 5
7	, 0.06725	, 1487	, 5
7	, 0.06734	, 1485	, 5
7	, 0.06734	, 1485	, 5
7	, 0.06743	, 1483	, 5
7	, 0.06757	, 1480	, 5
7	, 0.06821	, 1466	, 4
7	, 0.09862	, 1014	, 10
8	, 0.06821	, 1466	, 3
8	, 0.07321	, 1366	, 5
8	, 0.07369	, 1357	, 5
8	, 0.08333	, 1200	, 5
8	, 0.08333	, 1200	, 5
9	, 0.05794	, 1726	, 1
9	, 0.05807	, 1722	, 1
9	, 0.06150	, 1626	, 1
9	, 0.06154	, 1625	, 3
9	, 0.08803	, 1136	, 5
9	, 0.09872	, 1013	, 8
9	, 0.10823	, 924	, 8
10	, 0.05865	, 1705	, 1
10	, 0.05865	, 1705	, 3
10	, 0.06803	, 1470	, 2
10	, 0.08711	, 1148	, 4
10	, 0.09766	, 1024	, 5
10	, 0.09843	, 1016	, 5
10	, 0.09970	, 1003	, 6
10	, 0.10071	, 993	, 8
10	, 0.14347	, 697	, 9
10	, 0.17889	, 559	, 17
11	, 0.10799	, 926	, 5
11	, 0.10811	, 925	, 5
14	, 0.08937	, 1119	, 1
15	, 0.20040	, 499	, 12
15	, 0.20040	, 499	, 12
15	, 0.20121	, 497	, 12
15	, 0.21739	, 460	, 6
34	, 0.81301	, 123	, 23
42	, 1.26582	, 79	, 37
48	, 2.50000	, 40	, 62
137	, 8.83333	, 12	, 84
