

app  = fft
algo = singlecut
arch = virtex
gcc =   -emit-llvm
opt =  
# running opt with ISE pass: 
WARNING: no profiling information found, assuming uniform distribution
Selected architecture: P20ArchitectureVirtexFx
Default settings: 
 * CommInBusCLK: 2
 * CommOutBusCLK_: 2
 * CommInBusWidth_: 2
 * CommOutBusWidth_: 1
 * MaxCI: 7
 * MaxInput: 6
 * MaxOutput: 1
- changing value of MaxInput_: 2
Nodes	, msecs		, it	, candidate_nodes
2	, 0.02685	, 3724	, 1
3	, 0.03413	, 2930	, 1
3	, 0.03427	, 2918	, 1
3	, 0.03427	, 2918	, 3
3	, 0.03431	, 2915	, 3
3	, 0.03433	, 2913	, 3
3	, 0.03434	, 2912	, 3
3	, 0.03441	, 2906	, 3
3	, 0.03454	, 2895	, 3
4	, 0.04604	, 2172	, 4
5	, 0.03948	, 2533	, 1
5	, 0.05718	, 1749	, 6
5	, 0.05764	, 1735	, 4
5	, 0.06443	, 1552	, 8
5	, 0.06566	, 1523	, 5
5	, 0.06575	, 1521	, 5
6	, 0.06993	, 1430	, 5
6	, 0.07018	, 1425	, 5
7	, 0.05596	, 1787	, 2
7	, 0.05612	, 1782	, 2
7	, 0.09200	, 1087	, 9
7	, 0.10267	, 974	, 12
7	, 0.13477	, 742	, 12
8	, 0.06711	, 1490	, 4
8	, 0.08432	, 1186	, 5
8	, 0.08446	, 1184	, 5
8	, 0.09141	, 1094	, 7
8	, 0.09166	, 1091	, 7
8	, 0.10288	, 972	, 7
9	, 0.21930	, 456	, 18
11	, 0.12937	, 773	, 6
12	, 0.15949	, 627	, 11
12	, 0.22371	, 447	, 13
12	, 0.22371	, 447	, 13
12	, 0.26178	, 382	, 18
13	, 0.64516	, 155	, 30
14	, 0.22573	, 443	, 14
15	, 0.30864	, 324	, 18
16	, 0.12376	, 808	, 6
16	, 0.12392	, 807	, 6
19	, 0.54645	, 183	, 17
38	, 1.83636	, 55	, 33
52	, 3.57143	, 28	, 42
