

app  = fft
algo = maxmiso
arch = virtex
gcc =   -emit-llvm
opt =  
# running opt with ISE pass: 
WARNING: no profiling information found, assuming uniform distribution
Selected architecture: P20ArchitectureVirtexFx
Default settings: 
 * CommInBusCLK: 2
 * CommOutBusCLK_: 2
 * CommInBusWidth_: 2
 * CommOutBusWidth_: 1
 * MaxCI: 7
 * MaxInput: 6
 * MaxOutput: 1
- changing value of MaxInput_: 2
Nodes	, msecs		, it	, candidate_nodes
2	, 0.02109	, 4742	, 0
3	, 0.02397	, 4172	, 1
3	, 0.02428	, 4118	, 1
3	, 0.02452	, 4078	, 1
3	, 0.02455	, 4073	, 1
3	, 0.02461	, 4063	, 1
3	, 0.02469	, 4051	, 0
3	, 0.02469	, 4050	, 1
3	, 0.02497	, 4005	, 0
4	, 0.02957	, 3382	, 1
5	, 0.03018	, 3313	, 1
5	, 0.03025	, 3306	, 1
5	, 0.03085	, 3242	, 2
5	, 0.03148	, 3177	, 2
5	, 0.03225	, 3101	, 1
5	, 0.03237	, 3089	, 0
6	, 0.03579	, 2794	, 1
6	, 0.03592	, 2784	, 1
7	, 0.03670	, 2725	, 1
7	, 0.03823	, 2616	, 2
7	, 0.03828	, 2612	, 0
7	, 0.03828	, 2612	, 3
7	, 0.03867	, 2586	, 0
8	, 0.04122	, 2426	, 2
8	, 0.04134	, 2419	, 3
8	, 0.04137	, 2417	, 1
8	, 0.04221	, 2369	, 0
8	, 0.04263	, 2346	, 1
8	, 0.04268	, 2343	, 2
9	, 0.04274	, 2340	, 2
11	, 0.05043	, 1983	, 3
12	, 0.05348	, 1870	, 4
12	, 0.05461	, 1831	, 2
12	, 0.05602	, 1785	, 3
12	, 0.05650	, 1770	, 3
13	, 0.05488	, 1822	, 1
14	, 0.05981	, 1672	, 4
15	, 0.06246	, 1601	, 3
16	, 0.06234	, 1604	, 1
16	, 0.06246	, 1601	, 1
19	, 0.07704	, 1298	, 5
38	, 0.13477	, 742	, 7
52	, 0.18083	, 553	, 10
