

app  = blowfish
algo = singlecut
arch = virtex
gcc =   -emit-llvm
opt =  
# running opt with ISE pass: 
WARNING: no profiling information found, assuming uniform distribution
Selected architecture: P20ArchitectureVirtexFx
Default settings: 
 * CommInBusCLK: 2
 * CommOutBusCLK_: 2
 * CommInBusWidth_: 2
 * CommOutBusWidth_: 1
 * MaxCI: 7
 * MaxInput: 6
 * MaxOutput: 1
- changing value of MaxInput_: 2
Nodes	, msecs		, it	, candidate_nodes
3	, 0.02887	, 3464	, 0
3	, 0.02906	, 3441	, 0
3	, 0.03008	, 3325	, 1
3	, 0.03478	, 2875	, 3
5	, 0.03307	, 3024	, 0
7	, 0.08467	, 1181	, 6
7	, 0.09033	, 1107	, 6
7	, 0.09074	, 1102	, 6
7	, 0.09709	, 1030	, 10
7	, 0.09852	, 1015	, 10
8	, 0.05889	, 1698	, 3
8	, 0.08726	, 1146	, 5
8	, 0.10787	, 927	, 6
8	, 0.10834	, 923	, 6
9	, 0.14451	, 692	, 11
9	, 0.14472	, 691	, 11
9	, 0.14556	, 687	, 11
9	, 0.14663	, 682	, 11
9	, 0.14663	, 682	, 11
9	, 0.14771	, 677	, 11
10	, 0.13123	, 762	, 10
10	, 0.15823	, 632	, 11
10	, 0.15823	, 632	, 11
10	, 0.15823	, 632	, 11
10	, 0.15848	, 631	, 11
10	, 0.15848	, 631	, 11
10	, 0.15848	, 631	, 11
11	, 0.10905	, 917	, 5
11	, 0.16234	, 616	, 12
13	, 0.20367	, 491	, 13
16	, 0.32467	, 308	, 17
16	, 0.34483	, 290	, 21
19	, 0.32467	, 308	, 15
22	, 0.38314	, 261	, 16
22	, 0.69930	, 143	, 31
25	, 0.67114	, 149	, 20
27	, 1.14943	, 87	, 29
38	, 1.62903	, 62	, 38
44	, 1.61290	, 62	, 38
47	, 2.06122	, 49	, 42
49	, 7.57143	, 14	, 70
55	, 5.10000	, 20	, 77
59	, 13.00000	, 8	, 99
64	, 3.74074	, 27	, 72
68	, 17.83330	, 6	, 100
80	, 23.60000	, 5	, 105
98	, 23.40000	, 5	, 146
108	, 27.75000	, 4	, 159
127	, 37.00000	, 3	, 169
127	, 37.66670	, 3	, 167
127	, 40.66670	, 3	, 172
673	, 1047.00000	, 1	, 1260
674	, 1049.00000	, 1	, 1260
