

app  = cjpeg
algo = union
arch = virtex
gcc =   -emit-llvm
opt =  
# running opt with ISE pass: 
WARNING: no profiling information found, assuming uniform distribution
Selected architecture: P20ArchitectureVirtexFx
Default settings: 
 * CommInBusCLK: 2
 * CommOutBusCLK_: 2
 * CommInBusWidth_: 2
 * CommOutBusWidth_: 1
 * MaxCI: 7
 * MaxInput: 6
 * MaxOutput: 1
- changing value of MaxInput_: 2
Nodes	, msecs		, it	, candidate_nodes
2	, 0.03820	, 2618	, 0
2	, 0.03839	, 2605	, 0
2	, 0.03849	, 2598	, 0
2	, 0.03873	, 2582	, 0
2	, 0.03873	, 2582	, 0
2	, 0.03873	, 2582	, 0
2	, 0.03873	, 2582	, 0
2	, 0.03874	, 2581	, 0
2	, 0.03876	, 2580	, 0
2	, 0.03880	, 2577	, 0
2	, 0.03880	, 2577	, 0
2	, 0.03882	, 2576	, 0
2	, 0.03885	, 2574	, 0
2	, 0.03887	, 2573	, 0
2	, 0.03887	, 2573	, 0
2	, 0.03888	, 2572	, 0
2	, 0.03888	, 2572	, 0
2	, 0.03890	, 2571	, 0
2	, 0.03890	, 2571	, 0
2	, 0.03890	, 2571	, 0
2	, 0.03890	, 2571	, 0
2	, 0.03891	, 2570	, 0
2	, 0.03894	, 2568	, 0
2	, 0.03896	, 2567	, 0
2	, 0.03896	, 2567	, 0
2	, 0.03897	, 2566	, 0
2	, 0.03923	, 2549	, 0
3	, 0.04355	, 2296	, 0
3	, 0.04829	, 2071	, 0
3	, 0.04850	, 2062	, 0
3	, 0.04914	, 2035	, 0
3	, 0.04919	, 2033	, 0
3	, 0.04921	, 2032	, 0
3	, 0.04924	, 2031	, 0
3	, 0.04924	, 2031	, 0
3	, 0.04929	, 2029	, 0
3	, 0.04936	, 2026	, 0
3	, 0.04948	, 2021	, 0
3	, 0.10753	, 930	, 1
3	, 0.11389	, 878	, 1
3	, 0.11403	, 877	, 1
3	, 0.11429	, 875	, 1
3	, 0.11442	, 874	, 1
3	, 0.11442	, 874	, 1
3	, 0.11455	, 873	, 1
3	, 0.11481	, 871	, 1
3	, 0.19493	, 513	, 3
3	, 0.19493	, 513	, 3
3	, 0.19531	, 512	, 3
3	, 0.19531	, 512	, 3
3	, 0.19531	, 512	, 3
3	, 0.19570	, 511	, 3
4	, 0.06101	, 1639	, 0
4	, 0.12165	, 822	, 1
4	, 0.12453	, 803	, 1
4	, 0.12920	, 774	, 1
4	, 0.12920	, 774	, 1
4	, 0.12937	, 773	, 1
4	, 0.12970	, 771	, 1
4	, 0.21008	, 476	, 3
4	, 0.21053	, 475	, 3
4	, 0.21142	, 473	, 3
5	, 0.21552	, 464	, 3
5	, 0.22222	, 450	, 3
5	, 0.23474	, 426	, 3
5	, 0.34364	, 291	, 4
5	, 0.34364	, 291	, 4
5	, 0.34364	, 291	, 4
5	, 0.34483	, 290	, 4
5	, 0.34483	, 290	, 4
5	, 0.34483	, 290	, 4
5	, 0.34483	, 290	, 4
5	, 0.34843	, 287	, 4
6	, 0.14327	, 698	, 1
6	, 0.15528	, 644	, 1
6	, 0.23256	, 430	, 3
6	, 0.23256	, 430	, 3
6	, 0.23256	, 430	, 3
6	, 0.23474	, 426	, 3
6	, 0.29762	, 336	, 4
7	, 0.31847	, 314	, 4
7	, 0.36900	, 271	, 5
7	, 0.36900	, 271	, 5
7	, 0.36900	, 271	, 5
7	, 0.37037	, 270	, 5
7	, 0.37037	, 270	, 5
7	, 0.37037	, 270	, 5
7	, 0.37037	, 270	, 5
7	, 0.37037	, 270	, 5
7	, 0.37037	, 270	, 5
7	, 0.37037	, 270	, 5
7	, 0.37037	, 270	, 5
7	, 0.37037	, 270	, 5
7	, 0.37037	, 270	, 5
7	, 0.37037	, 270	, 5
7	, 0.37037	, 270	, 5
7	, 0.37037	, 270	, 5
7	, 0.37037	, 270	, 5
7	, 0.37175	, 269	, 5
7	, 0.37453	, 267	, 5
7	, 0.61350	, 163	, 10
8	, 0.25316	, 395	, 3
8	, 0.38461	, 260	, 5
8	, 0.38461	, 260	, 5
8	, 0.43860	, 228	, 5
8	, 0.43860	, 228	, 5
9	, 0.17921	, 558	, 1
9	, 0.18315	, 546	, 1
9	, 0.18416	, 543	, 1
9	, 0.25707	, 389	, 3
9	, 0.40161	, 249	, 5
9	, 0.54945	, 182	, 8
9	, 0.57471	, 174	, 8
10	, 0.14045	, 712	, 1
10	, 0.23042	, 434	, 3
10	, 0.25381	, 394	, 2
10	, 0.37736	, 265	, 4
10	, 0.41494	, 241	, 5
10	, 0.41494	, 241	, 5
10	, 0.47619	, 210	, 6
10	, 0.56497	, 177	, 9
10	, 0.57143	, 175	, 8
10	, 0.98039	, 102	, 17
11	, 0.42553	, 235	, 5
11	, 0.42553	, 235	, 5
14	, 0.23697	, 422	, 1
15	, 0.52910	, 189	, 6
15	, 0.88496	, 113	, 12
15	, 0.88496	, 113	, 12
15	, 0.89286	, 112	, 12
34	, 1.78571	, 56	, 23
42	, 2.72973	, 37	, 37
48	, 4.08000	, 25	, 62
137	, 9.45455	, 11	, 84
