

app  = blowfish
algo = singlecut
arch = virtex
opt  = -ise-archi-max-input=8 -ise-archi-max-output=2
gcc =   -emit-llvm
# calculating candidates
# calculating benchmarking results
WARNING: no profiling information found, assuming uniform distribution
Selected architecture: P20ArchitectureVirtexFx
Default settings: 
 * CommInBusCLK: 2
 * CommOutBusCLK_: 2
 * CommInBusWidth_: 2
 * CommOutBusWidth_: 1
 * MaxCI: 7
 * MaxInput: 6
 * MaxOutput: 1
- changing value of MaxInput_: 8
- changing value of MaxOutput_: 2
Nodes	, msecs		, it	, candidate_nodes
3	, 0.0284252	, 3518	, 
3	, 0.02877	, 3476	, 0
3	, 0.0299581	, 3338	, 
3	, 0.0344116	, 2906	, 
5	, 0.03275	, 3053	, 0
7	, 0.09737	, 1027	, 15
7	, 0.09901	, 1010	, 10
7	, 0.09901	, 1010	, 10
7	, 0.16340	, 612	, 50
7	, 0.16420	, 609	, 50
8	, 0.05914	, 1691	, 3
8	, 0.11614	, 861	, 12
8	, 0.11947	, 837	, 13
8	, 0.11976	, 835	, 13
9	, 0.21645	, 462	, 40
9	, 0.21692	, 461	, 40
9	, 0.21692	, 461	, 40
9	, 0.21692	, 461	, 40
9	, 0.21692	, 461	, 40
9	, 0.21787	, 459	, 40
10	, 0.188324	, 531	, 
10	, 0.24814	, 403	, 48
10	, 0.24814	, 403	, 48
10	, 0.24876	, 402	, 48
10	, 0.24876	, 402	, 48
10	, 0.24876	, 402	, 48
10	, 0.25000	, 400	, 48
11	, 0.145773	, 686	, 
11	, 0.371747	, 269	, 
13	, 0.45045	, 222	, 95
16	, 1.20482	, 83	, 
16	, 1.57812	, 64	, 
19	, 0.81301	, 123	, 89
22	, 1.20482	, 83	, 
22	, 5.20000	, 20	, 512
25	, 3.81481	, 27	, 
27	, 8.83333	, 12	, 
38	, 14.8571	, 7	, 
44	, 13.62500	, 8	, 651
47	, 20.6	, 5	, 
49	, 292	, 1	, 
55	, 226	, 1	, 
59	, 2259.00000	, 1	, 95964
64	, 62.00000	, 2	, 2532
68	, 4097.00000	, 1	, 98183
80	, 4290.00000	, 1	, 103382
98	, 7926	, 1	, 
108	, 8614.00000	, 1	, 152795
127	, 13516.00000	, 1	, 233048
127	, 7369.00000	, 1	, 162114
127	, 8857	, 1	, 
673	, 1.13258e+06	, 1	, 
674	, 1145080.00000	, 1	, 6690404
