

app  = aes
algo = singlecut
arch = virtex
opt  = -ise-archi-max-input=8 -ise-archi-max-output=2
gcc =   -emit-llvm
# calculating candidates
# calculating benchmarking results
WARNING: no profiling information found, assuming uniform distribution
Selected architecture: P20ArchitectureVirtexFx
Default settings: 
 * CommInBusCLK: 2
 * CommOutBusCLK_: 2
 * CommInBusWidth_: 2
 * CommOutBusWidth_: 1
 * MaxCI: 7
 * MaxInput: 6
 * MaxOutput: 1
- changing value of MaxInput_: 8
- changing value of MaxOutput_: 2
Nodes	, msecs		, it	, candidate_nodes
1	, 0.01692	, 5911	, 0
1	, 0.01693	, 5907	, 0
1	, 0.01703	, 5871	, 0
1	, 0.01707	, 5857	, 0
3	, 0.02979	, 3357	, 0
3	, 0.02986	, 3349	, 1
3	, 0.03390	, 2950	, 3
3	, 0.03394	, 2946	, 3
3	, 0.03400	, 2941	, 3
3	, 0.03405	, 2937	, 3
3	, 0.03414	, 2929	, 3
3	, 0.03415	, 2928	, 3
3	, 0.03422	, 2922	, 3
3	, 0.03425	, 2920	, 3
3	, 0.03425	, 2920	, 3
3	, 0.03426	, 2919	, 3
3	, 0.03446	, 2902	, 3
3	, 0.03447	, 2901	, 3
4	, 0.0345304	, 2896	, 
4	, 0.0345304	, 2896	, 
4	, 0.0346861	, 2883	, 
4	, 0.0347102	, 2881	, 
4	, 0.0347584	, 2877	, 
4	, 0.0348554	, 2869	, 
4	, 0.03788	, 2640	, 1
4	, 0.03789	, 2639	, 1
4	, 0.03795	, 2635	, 1
4	, 0.03799	, 2632	, 1
4	, 0.04924	, 2031	, 3
5	, 0.04160	, 2404	, 3
5	, 0.06002	, 1666	, 3
5	, 0.06553	, 1526	, 13
5	, 0.06562	, 1524	, 6
5	, 0.06570	, 1522	, 6
5	, 0.06575	, 1521	, 6
5	, 0.06579	, 1520	, 6
5	, 0.06583	, 1519	, 6
5	, 0.06588	, 1518	, 6
5	, 0.06588	, 1518	, 6
5	, 0.06601	, 1515	, 6
5	, 0.06614	, 1512	, 6
5	, 0.06807	, 1469	, 7
5	, 0.06821	, 1466	, 13
5	, 0.06826	, 1465	, 7
6	, 0.04608	, 2170	, 3
6	, 0.04733	, 2113	, 1
6	, 0.04744	, 2108	, 1
6	, 0.04748	, 2106	, 1
6	, 0.04751	, 2105	, 3
6	, 0.04936	, 2026	, 1
6	, 0.05675	, 1762	, 3
6	, 0.05682	, 1760	, 3
6	, 0.05685	, 1759	, 3
6	, 0.05688	, 1758	, 3
6	, 0.05692	, 1757	, 3
6	, 0.05695	, 1756	, 3
6	, 0.05698	, 1755	, 3
6	, 0.05705	, 1753	, 3
6	, 0.05705	, 1753	, 3
6	, 0.05708	, 1752	, 3
6	, 0.06274	, 1594	, 10
6	, 0.06277	, 1593	, 10
6	, 0.06305	, 1586	, 10
6	, 0.06313	, 1584	, 10
6	, 0.06321	, 1582	, 10
6	, 0.06321	, 1582	, 10
6	, 0.07102	, 1408	, 12
6	, 0.0715308	, 1398	, 
6	, 0.07315	, 1367	, 3
6	, 0.10121	, 988	, 24
6	, 0.10121	, 988	, 24
6	, 0.10142	, 986	, 24
6	, 0.10142	, 986	, 24
6	, 0.10142	, 986	, 24
6	, 0.10152	, 985	, 24
6	, 0.10152	, 985	, 24
6	, 0.10152	, 985	, 24
6	, 0.10152	, 985	, 24
6	, 0.10152	, 985	, 24
6	, 0.10163	, 984	, 24
6	, 0.10163	, 984	, 24
6	, 0.10173	, 983	, 24
6	, 0.10194	, 981	, 24
7	, 0.07348	, 1361	, 13
7	, 0.12690	, 788	, 11
7	, 0.12707	, 787	, 11
7	, 0.13245	, 755	, 24
7	, 0.13263	, 754	, 24
7	, 0.13263	, 754	, 24
7	, 0.13316	, 751	, 24
7	, 0.17271	, 579	, 46
7	, 0.17271	, 579	, 46
7	, 0.17331	, 577	, 46
7	, 0.17361	, 576	, 46
8	, 0.07855	, 1273	, 13
8	, 0.07862	, 1272	, 13
8	, 0.07868	, 1271	, 13
8	, 0.07880	, 1269	, 13
8	, 0.07893	, 1267	, 13
8	, 0.07955	, 1257	, 13
8	, 0.07987	, 1252	, 7
8	, 0.07994	, 1251	, 7
8	, 0.08026	, 1246	, 7
8	, 0.19084	, 524	, 24
8	, 0.23310	, 429	, 37
8	, 0.25907	, 386	, 59
9	, 0.09158	, 1092	, 12
9	, 0.09158	, 1092	, 12
9	, 0.09183	, 1089	, 12
9	, 0.21978	, 455	, 40
10	, 0.11933	, 838	, 8
10	, 0.11947	, 837	, 8
10	, 0.19268	, 519	, 21
10	, 0.36232	, 276	, 107
10	, 0.41494	, 241	, 82
11	, 0.58479	, 171	, 134
11	, 0.81967	, 122	, 145
12	, 0.65360	, 153	, 152
12	, 0.65360	, 153	, 152
12	, 0.65360	, 153	, 152
13	, 0.46948	, 213	, 133
14	, 0.28249	, 354	, 41
14	, 1.36986	, 73	, 278
14	, 1.40845	, 71	, 205
14	, 1.40845	, 71	, 205
14	, 1.40845	, 71	, 205
15	, 2.56410	, 39	, 241
17	, 0.72464	, 138	, 45
17	, 1.00000	, 100	, 90
22	, 4.90476	, 21	, 270
24	, 3.74074	, 27	, 200
25	, 3.84615	, 26	, 200
25	, 3.88462	, 26	, 200
28	, 6.31250	, 16	, 335
29	, 5.15000	, 20	, 486
29	, 6.37500	, 16	, 335
29	, 6.66667	, 15	, 335
29	, 6.86667	, 15	, 496
31	, 0.49751	, 201	, 25
31	, 14.71430	, 7	, 990
31	, 14.71430	, 7	, 990
33	, 21.40000	, 5	, 770
33	, 21.40000	, 5	, 770
33	, 21.40000	, 5	, 770
34	, 18.33330	, 6	, 1128
34	, 18.33330	, 6	, 1128
34	, 18.33330	, 6	, 1128
35	, 0.55866	, 179	, 25
35	, 0.58479	, 171	, 25
35	, 20.00000	, 5	, 1177
42	, 26.25000	, 4	, 668
54	, 68.50000	, 2	, 2086
54	, 9.36364	, 11	, 168
67	, 126.00000	, 1	, 2898
68	, 125.00000	, 1	, 3051
73	, 177.00000	, 1	, 3663
73	, 177.00000	, 1	, 3663
73	, 177.00000	, 1	, 3663
75	, 1.61290	, 62	, 25
91	, 264	, 1	, 
91	, 265	, 1	, 
115	, 13.00000	, 8	, 187
126	, 40911.00000	, 1	, 759762
131	, 15.42860	, 7	, 187
131	, 15.85710	, 7	, 187
131	, 18.16670	, 6	, 187
132	, 45370	, 1	, 
133	, 711.00000	, 1	, 5831
176	, 1122.00000	, 1	, 12639
286	, 42245.00000	, 1	, 484056
302	, 49892.00000	, 1	, 549240
311	, 56881	, 1	, 
311	, 57062	, 1	, 
691	, 1.21385e+06	, 1	, 
721	, 1.91194e+06	, 1	, 
970	, 4.96079e+06	, 1	, 
1079	, 3.70143e+06	, 1	, 
1154	, 4.6736e+06	, 1	, 
1407	, 5.4032e+06	, 1	, 
1524	, 7.23403e+06	, 1	, 
1619	, 1.13685e+07	, 1	, 
