

app  = cjpeg
algo = maxmiso
arch = virtex
opt  = -ise-archi-max-input=8 -ise-archi-max-output=2
gcc =   -emit-llvm
opt =  
# running opt with ISE pass: 
WARNING: no profiling information found, assuming uniform distribution
Selected architecture: P20ArchitectureVirtexFx
Default settings: 
 * CommInBusCLK: 2
 * CommOutBusCLK_: 2
 * CommInBusWidth_: 2
 * CommOutBusWidth_: 1
 * MaxCI: 7
 * MaxInput: 6
 * MaxOutput: 1
- changing value of MaxInput_: 8
- changing value of MaxOutput_: 2
Nodes	, msecs		, it	, candidate_nodes
2	, 0.01860	, 5376	, 0
2	, 0.01872	, 5342	, 0
2	, 0.01979	, 5052	, 0
2	, 0.01990	, 5025	, 0
2	, 0.01994	, 5016	, 0
2	, 0.01998	, 5005	, 0
2	, 0.02000	, 4999	, 0
2	, 0.02001	, 4998	, 0
2	, 0.02002	, 4996	, 0
2	, 0.02002	, 4994	, 0
2	, 0.02003	, 4993	, 0
2	, 0.02005	, 4987	, 0
2	, 0.02009	, 4978	, 0
2	, 0.02009	, 4977	, 0
2	, 0.02010	, 4976	, 0
2	, 0.02010	, 4976	, 0
2	, 0.02011	, 4973	, 0
2	, 0.02013	, 4968	, 0
2	, 0.02013	, 4967	, 0
2	, 0.02014	, 4964	, 0
2	, 0.02016	, 4960	, 0
2	, 0.02017	, 4959	, 0
2	, 0.02019	, 4954	, 0
2	, 0.02023	, 4943	, 0
2	, 0.02023	, 4942	, 0
2	, 0.02027	, 4934	, 0
2	, 0.02000	, 5000	, 0
3	, 0.02192	, 4562	, 0
3	, 0.02197	, 4551	, 0
3	, 0.02312	, 4326	, 0
3	, 0.02328	, 4295	, 0
3	, 0.02348	, 4259	, 0
3	, 0.02357	, 4243	, 0
3	, 0.02358	, 4241	, 0
3	, 0.02362	, 4234	, 0
3	, 0.02365	, 4228	, 0
3	, 0.02366	, 4227	, 0
3	, 0.02369	, 4222	, 0
3	, 0.02372	, 4215	, 0
3	, 0.02379	, 4204	, 0
3	, 0.02384	, 4194	, 0
3	, 0.02389	, 4185	, 0
3	, 0.02389	, 4185	, 0
3	, 0.02398	, 4171	, 0
3	, 0.02408	, 4152	, 1
3	, 0.02435	, 4106	, 0
3	, 0.02457	, 4070	, 1
3	, 0.02464	, 4059	, 1
3	, 0.02469	, 4050	, 1
3	, 0.02471	, 4047	, 1
3	, 0.02477	, 4037	, 1
3	, 0.02480	, 4032	, 1
4	, 0.02557	, 3911	, 0
4	, 0.02681	, 3730	, 1
4	, 0.02683	, 3727	, 1
4	, 0.02687	, 3722	, 1
4	, 0.02687	, 3721	, 1
4	, 0.02701	, 3702	, 1
4	, 0.02704	, 3698	, 1
4	, 0.02710	, 3690	, 1
4	, 0.02805	, 3565	, 0
4	, 0.02808	, 3561	, 0
5	, 0.02987	, 3348	, 1
5	, 0.03071	, 3256	, 1
5	, 0.03122	, 3203	, 1
5	, 0.03147	, 3178	, 2
5	, 0.03148	, 3177	, 2
5	, 0.03149	, 3176	, 2
5	, 0.03150	, 3175	, 2
5	, 0.03152	, 3173	, 2
5	, 0.03165	, 3160	, 2
5	, 0.03175	, 3150	, 2
5	, 0.03184	, 3141	, 2
6	, 0.03226	, 3100	, 0
6	, 0.03396	, 2945	, 1
6	, 0.03493	, 2863	, 1
6	, 0.03503	, 2855	, 1
6	, 0.03504	, 2854	, 1
6	, 0.03514	, 2846	, 1
6	, 0.03526	, 2836	, 1
7	, 0.03782	, 2644	, 2
7	, 0.03814	, 2622	, 2
7	, 0.03857	, 2593	, 1
7	, 0.03858	, 2592	, 1
7	, 0.03861	, 2590	, 1
7	, 0.03864	, 2588	, 1
7	, 0.03865	, 2587	, 1
7	, 0.03865	, 2587	, 1
7	, 0.03868	, 2585	, 1
7	, 0.03876	, 2580	, 1
7	, 0.03887	, 2573	, 1
7	, 0.03897	, 2566	, 1
7	, 0.03903	, 2562	, 1
7	, 0.03906	, 2560	, 1
7	, 0.03912	, 2556	, 1
7	, 0.03914	, 2555	, 1
7	, 0.03915	, 2554	, 1
7	, 0.03915	, 2554	, 1
7	, 0.03923	, 2549	, 1
7	, 0.03946	, 2534	, 1
7	, 0.03957	, 2527	, 1
8	, 0.04139	, 2416	, 2
8	, 0.04142	, 2414	, 1
8	, 0.04179	, 2393	, 2
8	, 0.04225	, 2367	, 1
8	, 0.04228	, 2365	, 1
9	, 0.04384	, 2281	, 2
9	, 0.04394	, 2276	, 0
9	, 0.04454	, 2245	, 1
9	, 0.04519	, 2213	, 0
9	, 0.04527	, 2209	, 0
9	, 0.04596	, 2176	, 2
9	, 0.04627	, 2161	, 2
10	, 0.04382	, 2282	, 1
10	, 0.04384	, 2281	, 1
10	, 0.04579	, 2184	, 2
10	, 0.04739	, 2110	, 2
10	, 0.04798	, 2084	, 0
10	, 0.04857	, 2059	, 3
10	, 0.04859	, 2058	, 2
10	, 0.04864	, 2056	, 2
10	, 0.04936	, 2026	, 0
10	, 0.05043	, 1983	, 2
11	, 0.05189	, 1927	, 2
11	, 0.05247	, 1906	, 2
14	, 0.05900	, 1695	, 0
15	, 0.06297	, 1588	, 1
15	, 0.06297	, 1588	, 2
15	, 0.06313	, 1584	, 2
15	, 0.06313	, 1584	, 2
34	, 0.12547	, 797	, 4
42	, 0.15385	, 650	, 6
48	, 0.17794	, 562	, 14
137	, 0.49261	, 203	, 0
